subject_id,block,trial,condition,choice,rt,p0,p1,m0,m1,label0,label1,higher_p,higher_m,presentation,presentation01,by_attribute,ev0,ev1,delta_ev,delta_ev_z,g0,g1,gp,gm,duration_favours,last_stage_favours,duration_favours_str,last_stage_favours_str,choose_higher_p,sequence,webgazer_data,predicted_choice,predicted_choiceprob_0,predicted_choiceprob_1,model,rep
184,0,0,exp_35,1.0,732.0,0.79,0.7,2.0,3.2,higher_p,higher_m,0,1,attributes,1.0,True,1.58,2.24,-0.6599999999999997,-0.4219978340514987,0.5,0.5,0.6,0.4,0.0,0.0,higher_p,higher_p,False,"{""durations"":[1000,1500,1000,1500],""alternatives"":[""all"",""all"",""all"",""all""],""attributes"":[""m"",""p"",""m"",""p""]}","[{""x"":370,""y"":347,""t"":-321},{""x"":341,""y"":324,""t"":8},{""x"":336,""y"":264,""t"":337},{""x"":254,""y"":238,""t"":650},{""x"":212,""y"":193,""t"":959},{""x"":214,""y"":164,""t"":1296},{""x"":321,""y"":144,""t"":1622},{""x"":335,""y"":182,""t"":1943},{""x"":299,""y"":240,""t"":2284},{""x"":300,""y"":264,""t"":2611},{""x"":357,""y"":326,""t"":2939},{""x"":399,""y"":310,""t"":3270},{""x"":398,""y"":307,""t"":3628},{""x"":453,""y"":286,""t"":3952},{""x"":356,""y"":224,""t"":4270},{""x"":512,""y"":263,""t"":4577},{""x"":512,""y"":230,""t"":4916},{""x"":494,""y"":270,""t"":5254},{""x"":368,""y"":310,""t"":5576},{""x"":301,""y"":315,""t"":5885},{""x"":324,""y"":321,""t"":6205},{""x"":428,""y"":327,""t"":6526},{""x"":502,""y"":320,""t"":6856},{""x"":493,""y"":279,""t"":7177},{""x"":487,""y"":226,""t"":7508}]",0,0.9857152566711025,0.014284743328897561,mcutoff,0
184,0,1,exp_73,0.0,944.0,0.8,0.2,4.0,6.799999999999999,higher_p,higher_m,0,1,attributes,1.0,True,3.2,1.36,1.8400000000000003,2.151159690652763,0.5,0.5,0.6,0.4,0.0,1.0,higher_p,higher_m,True,"{""durations"":[1500,1000,1500,1000],""alternatives"":[""all"",""all"",""all"",""all""],""attributes"":[""p"",""m"",""p"",""m""]}","[{""x"":474,""y"":262,""t"":-322},{""x"":483,""y"":235,""t"":7},{""x"":383,""y"":221,""t"":363},{""x"":416,""y"":209,""t"":696},{""x"":363,""y"":221,""t"":1005},{""x"":370,""y"":211,""t"":1332},{""x"":331,""y"":254,""t"":1646},{""x"":315,""y"":257,""t"":1962},{""x"":283,""y"":280,""t"":2289},{""x"":265,""y"":271,""t"":2617},{""x"":391,""y"":234,""t"":2939},{""x"":495,""y"":222,""t"":3246},{""x"":537,""y"":211,""t"":3594},{""x"":397,""y"":226,""t"":3910},{""x"":331,""y"":177,""t"":4237},{""x"":410,""y"":155,""t"":4560},{""x"":352,""y"":162,""t"":4890},{""x"":334,""y"":157,""t"":5222},{""x"":327,""y"":168,""t"":5541},{""x"":231,""y"":159,""t"":5873},{""x"":213,""y"":127,""t"":6190},{""x"":182,""y"":108,""t"":6543},{""x"":227,""y"":139,""t"":6862},{""x"":285,""y"":176,""t"":7181},{""x"":256,""y"":205,""t"":7491},{""x"":324,""y"":209,""t"":7828}]",0,0.9857152566711025,0.014284743328897561,mcutoff,0
184,0,2,exp_69,0.0,749.0,0.72,0.51,4.2,5.2,higher_p,higher_m,0,1,attributes,1.0,True,3.024,2.652,0.3719999999999999,0.64020159214642,0.5,0.5,0.4,0.6,1.0,0.0,higher_m,higher_p,True,"{""durations"":[1500,1000,1500,1000],""alternatives"":[""all"",""all"",""all"",""all""],""attributes"":[""m"",""p"",""m"",""p""]}","[{""x"":362,""y"":267,""t"":-328},{""x"":426,""y"":309,""t"":11},{""x"":491,""y"":317,""t"":342},{""x"":448,""y"":289,""t"":678},{""x"":446,""y"":237,""t"":991},{""x"":444,""y"":190,""t"":1324},{""x"":446,""y"":184,""t"":1643},{""x"":478,""y"":212,""t"":1967},{""x"":474,""y"":177,""t"":2308},{""x"":471,""y"":233,""t"":2629},{""x"":455,""y"":273,""t"":2944},{""x"":408,""y"":273,""t"":3247},{""x"":429,""y"":265,""t"":3609},{""x"":349,""y"":230,""t"":4193},{""x"":414,""y"":263,""t"":4517},{""x"":534,""y"":297,""t"":4841},{""x"":570,""y"":285,""t"":5174},{""x"":590,""y"":301,""t"":5499},{""x"":596,""y"":326,""t"":5815},{""x"":504,""y"":329,""t"":6115},{""x"":353,""y"":344,""t"":6430},{""x"":315,""y"":348,""t"":6771},{""x"":308,""y"":327,""t"":7111},{""x"":337,""y"":299,""t"":7447}]",0,0.9857152566711025,0.014284743328897561,mcutoff,0
184,0,3,exp_37,0.0,773.0,0.79,0.7,2.0,3.2,higher_p,higher_m,0,1,attributes,1.0,True,1.58,2.24,-0.6599999999999997,-0.4219978340514987,0.5,0.5,0.4,0.6,1.0,0.0,higher_m,higher_p,True,"{""durations"":[1500,1000,1500,1000],""alternatives"":[""all"",""all"",""all"",""all""],""attributes"":[""m"",""p"",""m"",""p""]}","[{""x"":369,""y"":253,""t"":-334},{""x"":399,""y"":258,""t"":7},{""x"":400,""y"":243,""t"":343},{""x"":390,""y"":208,""t"":658},{""x"":430,""y"":192,""t"":983},{""x"":400,""y"":152,""t"":1283},{""x"":456,""y"":166,""t"":1585},{""x"":460,""y"":166,""t"":1925},{""x"":507,""y"":173,""t"":2272},{""x"":382,""y"":172,""t"":2588},{""x"":479,""y"":210,""t"":2924},{""x"":383,""y"":269,""t"":3273},{""x"":324,""y"":291,""t"":3594},{""x"":361,""y"":282,""t"":3914},{""x"":387,""y"":296,""t"":4233},{""x"":342,""y"":259,""t"":4555},{""x"":262,""y"":281,""t"":4885},{""x"":267,""y"":291,""t"":5202},{""x"":326,""y"":252,""t"":5525},{""x"":280,""y"":262,""t"":5857},{""x"":326,""y"":240,""t"":6181},{""x"":306,""y"":263,""t"":6516},{""x"":283,""y"":237,""t"":6870},{""x"":313,""y"":202,""t"":7215},{""x"":282,""y"":240,""t"":7537}]",0,0.9857152566711025,0.014284743328897561,mcutoff,0
184,0,4,catch_9,1.0,957.0,0.48,0.72,1.7999999999999998,4.0,dominated,dominant,1,1,attributes,1.0,True,0.8639999999999999,2.88,-2.016,-1.8176784754510904,0.5,0.5,0.5,0.5,,1.0,,dominant,True,"{""durations"":[1250,1250,1250,1250],""attributes"":[""p"",""m"",""p"",""m""],""alternatives"":[""all"",""all"",""all"",""all""]}","[{""x"":362,""y"":239,""t"":-330},{""x"":367,""y"":193,""t"":49},{""x"":386,""y"":154,""t"":406},{""x"":376,""y"":200,""t"":724},{""x"":438,""y"":250,""t"":1050},{""x"":388,""y"":263,""t"":1377},{""x"":369,""y"":265,""t"":1706},{""x"":355,""y"":355,""t"":2024},{""x"":360,""y"":372,""t"":2341},{""x"":258,""y"":321,""t"":2656},{""x"":231,""y"":311,""t"":2965},{""x"":309,""y"":227,""t"":3299},{""x"":435,""y"":224,""t"":3639},{""x"":406,""y"":286,""t"":3961},{""x"":341,""y"":311,""t"":4275},{""x"":351,""y"":287,""t"":4595},{""x"":309,""y"":259,""t"":4933},{""x"":352,""y"":259,""t"":5269},{""x"":434,""y"":227,""t"":5584},{""x"":515,""y"":260,""t"":5904},{""x"":435,""y"":232,""t"":6250},{""x"":341,""y"":206,""t"":6579},{""x"":344,""y"":198,""t"":6913},{""x"":386,""y"":208,""t"":7232},{""x"":373,""y"":283,""t"":7548},{""x"":402,""y"":262,""t"":7877}]",1,0.014284743328897561,0.9857152566711025,mcutoff,0
184,0,5,exp_42,0.0,963.0,0.81,0.48,1.6999999999999995,7.9,higher_p,higher_m,0,1,alternatives,0.0,False,1.3769999999999998,3.792,-2.415,-2.2283544163938904,0.6,0.4,0.5,0.5,0.0,0.0,higher_p,higher_p,True,"{""durations"":[1000,1500,1000,1500],""alternatives"":[1,0,1,0],""attributes"":[""all"",""all"",""all"",""all""]}","[{""x"":426,""y"":226,""t"":-336},{""x"":426,""y"":258,""t"":10},{""x"":401,""y"":274,""t"":350},{""x"":431,""y"":338,""t"":667},{""x"":513,""y"":321,""t"":982},{""x"":519,""y"":316,""t"":1312},{""x"":578,""y"":297,""t"":1655},{""x"":400,""y"":257,""t"":1979},{""x"":341,""y"":245,""t"":2303},{""x"":245,""y"":212,""t"":2626},{""x"":193,""y"":231,""t"":2969},{""x"":160,""y"":263,""t"":3293},{""x"":81,""y"":256,""t"":3614},{""x"":171,""y"":285,""t"":3939},{""x"":342,""y"":312,""t"":4264},{""x"":468,""y"":304,""t"":4587},{""x"":463,""y"":288,""t"":4909},{""x"":366,""y"":296,""t"":5213},{""x"":307,""y"":335,""t"":5514},{""x"":325,""y"":335,""t"":5844},{""x"":286,""y"":349,""t"":6148},{""x"":285,""y"":324,""t"":6478},{""x"":309,""y"":353,""t"":6811},{""x"":387,""y"":351,""t"":7121},{""x"":415,""y"":335,""t"":7446},{""x"":409,""y"":351,""t"":7757}]",0,0.9857152566711025,0.014284743328897561,mcutoff,0
184,0,6,exp_68,0.0,756.0,0.72,0.51,4.2,5.2,higher_p,higher_m,0,1,alternatives,0.0,False,3.024,2.652,0.3719999999999999,0.64020159214642,0.4,0.6,0.5,0.5,1.0,0.0,higher_m,higher_p,True,"{""durations"":[1500,1000,1500,1000],""alternatives"":[1,0,1,0],""attributes"":[""all"",""all"",""all"",""all""]}","[{""x"":488,""y"":242,""t"":-338},{""x"":428,""y"":239,""t"":19},{""x"":453,""y"":271,""t"":373},{""x"":364,""y"":259,""t"":685},{""x"":262,""y"":263,""t"":1018},{""x"":312,""y"":262,""t"":1338},{""x"":324,""y"":269,""t"":1651},{""x"":243,""y"":267,""t"":1984},{""x"":225,""y"":279,""t"":2308},{""x"":344,""y"":275,""t"":2632},{""x"":402,""y"":312,""t"":2937},{""x"":440,""y"":326,""t"":3260},{""x"":502,""y"":352,""t"":3594},{""x"":489,""y"":336,""t"":3919},{""x"":481,""y"":282,""t"":4249},{""x"":585,""y"":260,""t"":4573},{""x"":622,""y"":256,""t"":4883},{""x"":648,""y"":269,""t"":5207},{""x"":571,""y"":251,""t"":5540},{""x"":588,""y"":268,""t"":5865},{""x"":613,""y"":285,""t"":6187},{""x"":638,""y"":318,""t"":6507},{""x"":648,""y"":332,""t"":6849},{""x"":535,""y"":338,""t"":7190},{""x"":508,""y"":322,""t"":7517}]",0,0.9857152566711025,0.014284743328897561,mcutoff,0
184,0,7,exp_10,0.0,900.0,0.7,0.29,1.7999999999999998,5.0,higher_p,higher_m,0,1,alternatives,0.0,False,1.2599999999999998,1.45,-0.1900000000000001,0.0617557805929019,0.6,0.4,0.5,0.5,0.0,0.0,higher_p,higher_p,True,"{""durations"":[1000,1500,1000,1500],""alternatives"":[1,0,1,0],""attributes"":[""all"",""all"",""all"",""all""]}","[{""x"":396,""y"":345,""t"":-314},{""x"":352,""y"":303,""t"":9},{""x"":371,""y"":244,""t"":356},{""x"":292,""y"":246,""t"":658},{""x"":279,""y"":269,""t"":987},{""x"":159,""y"":250,""t"":1289},{""x"":43,""y"":268,""t"":1609},{""x"":124,""y"":269,""t"":1932},{""x"":142,""y"":283,""t"":2267},{""x"":239,""y"":276,""t"":2576},{""x"":345,""y"":331,""t"":2897},{""x"":342,""y"":292,""t"":3221},{""x"":299,""y"":267,""t"":3548},{""x"":236,""y"":250,""t"":3874},{""x"":198,""y"":238,""t"":4193},{""x"":177,""y"":270,""t"":4524},{""x"":290,""y"":299,""t"":4844},{""x"":414,""y"":324,""t"":5158},{""x"":570,""y"":339,""t"":5486},{""x"":541,""y"":332,""t"":5808},{""x"":546,""y"":342,""t"":6136},{""x"":627,""y"":340,""t"":6455},{""x"":601,""y"":340,""t"":6738},{""x"":536,""y"":352,""t"":7038},{""x"":506,""y"":333,""t"":7359},{""x"":589,""y"":408,""t"":7702}]",0,0.9857152566711025,0.014284743328897561,mcutoff,0
184,0,8,exp_57,0.0,678.0,0.41,0.21,1.7999999999999998,6.2,higher_p,higher_m,0,1,attributes,1.0,True,0.7379999999999999,1.302,-0.5640000000000002,-0.3231885851028555,0.5,0.5,0.6,0.4,0.0,1.0,higher_p,higher_m,True,"{""durations"":[1500,1000,1500,1000],""alternatives"":[""all"",""all"",""all"",""all""],""attributes"":[""p"",""m"",""p"",""m""]}","[{""x"":424,""y"":331,""t"":-333},{""x"":397,""y"":272,""t"":10},{""x"":320,""y"":323,""t"":355},{""x"":308,""y"":300,""t"":680},{""x"":298,""y"":284,""t"":1007},{""x"":353,""y"":304,""t"":1340},{""x"":404,""y"":327,""t"":1665},{""x"":408,""y"":349,""t"":2002},{""x"":410,""y"":337,""t"":2325},{""x"":542,""y"":309,""t"":2659},{""x"":577,""y"":240,""t"":2959},{""x"":485,""y"":242,""t"":3262},{""x"":424,""y"":213,""t"":3592},{""x"":386,""y"":235,""t"":3911},{""x"":439,""y"":323,""t"":4213},{""x"":462,""y"":363,""t"":4534},{""x"":277,""y"":365,""t"":4873},{""x"":193,""y"":368,""t"":5208},{""x"":236,""y"":353,""t"":5557},{""x"":228,""y"":322,""t"":5877},{""x"":298,""y"":319,""t"":6197},{""x"":293,""y"":291,""t"":6535},{""x"":325,""y"":298,""t"":6886},{""x"":350,""y"":276,""t"":7219},{""x"":425,""y"":306,""t"":7520}]",0,0.9857152566711025,0.014284743328897561,mcutoff,0
184,0,9,catch_1,1.0,907.0,0.29,0.41,4.2,5.9,dominated,dominant,1,1,attributes,1.0,True,1.218,2.419,-1.201,-0.9788291223975012,0.5,0.5,0.5,0.5,,1.0,,dominant,True,"{""durations"":[1250,1250,1250,1250],""attributes"":[""p"",""m"",""p"",""m""],""alternatives"":[""all"",""all"",""all"",""all""]}","[{""x"":313,""y"":258,""t"":-311},{""x"":360,""y"":246,""t"":7},{""x"":324,""y"":236,""t"":372},{""x"":349,""y"":258,""t"":698},{""x"":370,""y"":317,""t"":1019},{""x"":492,""y"":331,""t"":1353},{""x"":522,""y"":328,""t"":1684},{""x"":446,""y"":290,""t"":2031},{""x"":474,""y"":265,""t"":2355},{""x"":508,""y"":205,""t"":2677},{""x"":521,""y"":169,""t"":2994},{""x"":494,""y"":215,""t"":3317},{""x"":545,""y"":214,""t"":3651},{""x"":530,""y"":260,""t"":3967},{""x"":486,""y"":298,""t"":4277},{""x"":488,""y"":322,""t"":4622},{""x"":363,""y"":288,""t"":5083},{""x"":364,""y"":317,""t"":5504},{""x"":394,""y"":315,""t"":5907},{""x"":410,""y"":314,""t"":6288},{""x"":378,""y"":326,""t"":6683},{""x"":386,""y"":347,""t"":7084},{""x"":409,""y"":291,""t"":7465},{""x"":443,""y"":351,""t"":7840}]",1,0.014284743328897561,0.9857152566711025,mcutoff,0
184,0,10,exp_94,0.0,830.0,0.5,0.38,3.0,4.0,higher_p,higher_m,0,1,alternatives,0.0,False,1.5,1.52,-0.02,0.2367304922727919,0.4,0.6,0.5,0.5,1.0,1.0,higher_m,higher_m,True,"{""durations"":[1000,1500,1000,1500],""alternatives"":[0,1,0,1],""attributes"":[""all"",""all"",""all"",""all""]}","[{""x"":395,""y"":371,""t"":-348},{""x"":348,""y"":360,""t"":7},{""x"":313,""y"":371,""t"":354},{""x"":289,""y"":312,""t"":696},{""x"":436,""y"":298,""t"":1028},{""x"":552,""y"":294,""t"":1380},{""x"":544,""y"":321,""t"":1755},{""x"":500,""y"":294,""t"":2092},{""x"":437,""y"":282,""t"":2435},{""x"":380,""y"":301,""t"":2775},{""x"":271,""y"":308,""t"":3111},{""x"":169,""y"":312,""t"":3449},{""x"":256,""y"":342,""t"":3800},{""x"":321,""y"":332,""t"":4151},{""x"":386,""y"":300,""t"":4500},{""x"":401,""y"":312,""t"":4841},{""x"":330,""y"":291,""t"":5189},{""x"":209,""y"":257,""t"":5531},{""x"":235,""y"":272,""t"":5873},{""x"":270,""y"":286,""t"":6234},{""x"":299,""y"":323,""t"":7064},{""x"":278,""y"":316,""t"":7408}]",0,0.9857152566711025,0.014284743328897561,mcutoff,0
184,0,11,exp_98,0.0,757.0,0.58,0.38,4.9,6.9,higher_p,higher_m,0,1,alternatives,0.0,False,2.842,2.6220000000000003,0.2199999999999997,0.4837536146444008,0.6,0.4,0.5,0.5,0.0,0.0,higher_p,higher_p,True,"{""durations"":[1000,1500,1000,1500],""alternatives"":[1,0,1,0],""attributes"":[""all"",""all"",""all"",""all""]}","[{""x"":344,""y"":299,""t"":-358},{""x"":391,""y"":325,""t"":11},{""x"":371,""y"":301,""t"":372},{""x"":374,""y"":312,""t"":718},{""x"":327,""y"":316,""t"":1052},{""x"":376,""y"":323,""t"":1407},{""x"":427,""y"":342,""t"":1880},{""x"":477,""y"":343,""t"":2272},{""x"":598,""y"":325,""t"":2678},{""x"":541,""y"":362,""t"":3068},{""x"":553,""y"":356,""t"":3464},{""x"":523,""y"":349,""t"":3866},{""x"":566,""y"":310,""t"":4249},{""x"":517,""y"":243,""t"":4624},{""x"":480,""y"":242,""t"":4983},{""x"":524,""y"":241,""t"":5387},{""x"":553,""y"":265,""t"":5731},{""x"":543,""y"":294,""t"":6093},{""x"":512,""y"":248,""t"":6439},{""x"":522,""y"":288,""t"":6779},{""x"":522,""y"":309,""t"":7120},{""x"":546,""y"":316,""t"":7448},{""x"":536,""y"":364,""t"":7799}]",0,0.9857152566711025,0.014284743328897561,mcutoff,0
184,0,12,exp_114,0.0,707.0,0.49,0.22,4.2,7.9,higher_p,higher_m,0,1,alternatives,0.0,False,2.058,1.738,0.3199999999999998,0.5866799156325714,0.6,0.4,0.5,0.5,0.0,0.0,higher_p,higher_p,True,"{""durations"":[1000,1500,1000,1500],""alternatives"":[1,0,1,0],""attributes"":[""all"",""all"",""all"",""all""]}","[{""x"":384,""y"":287,""t"":-328},{""x"":357,""y"":285,""t"":8},{""x"":321,""y"":263,""t"":371},{""x"":264,""y"":282,""t"":712},{""x"":241,""y"":308,""t"":1056},{""x"":201,""y"":310,""t"":1413},{""x"":360,""y"":339,""t"":1787},{""x"":433,""y"":298,""t"":2136},{""x"":471,""y"":303,""t"":2483},{""x"":402,""y"":304,""t"":2816},{""x"":404,""y"":266,""t"":3247},{""x"":467,""y"":289,""t"":3575},{""x"":323,""y"":306,""t"":3916},{""x"":329,""y"":308,""t"":4318},{""x"":380,""y"":319,""t"":4665},{""x"":375,""y"":324,""t"":5006},{""x"":461,""y"":300,""t"":5348},{""x"":547,""y"":312,""t"":5677},{""x"":580,""y"":321,""t"":6019},{""x"":595,""y"":320,""t"":6370},{""x"":556,""y"":328,""t"":6712},{""x"":494,""y"":339,""t"":7074},{""x"":450,""y"":389,""t"":7436},{""x"":567,""y"":351,""t"":7782}]",0,0.9857152566711025,0.014284743328897561,mcutoff,0
184,0,13,exp_104,0.0,1016.0,0.78,0.4,2.1,3.0,higher_p,higher_m,0,1,alternatives,0.0,False,1.638,1.2000000000000002,0.4379999999999999,0.7081329507986126,0.6,0.4,0.5,0.5,0.0,1.0,higher_p,higher_m,True,"{""durations"":[1500,1000,1500,1000],""alternatives"":[0,1,0,1],""attributes"":[""all"",""all"",""all"",""all""]}","[{""x"":405,""y"":298,""t"":-313},{""x"":430,""y"":312,""t"":7},{""x"":361,""y"":284,""t"":346},{""x"":396,""y"":258,""t"":690},{""x"":358,""y"":271,""t"":1032},{""x"":289,""y"":264,""t"":1359},{""x"":290,""y"":288,""t"":1691},{""x"":302,""y"":300,""t"":2039},{""x"":353,""y"":325,""t"":2409},{""x"":429,""y"":301,""t"":2746},{""x"":464,""y"":350,""t"":3068},{""x"":512,""y"":354,""t"":3398},{""x"":557,""y"":369,""t"":3727},{""x"":499,""y"":361,""t"":4057},{""x"":465,""y"":355,""t"":4392},{""x"":487,""y"":320,""t"":4719},{""x"":430,""y"":305,""t"":5048},{""x"":431,""y"":284,""t"":5375},{""x"":527,""y"":299,""t"":5731},{""x"":532,""y"":294,""t"":6054},{""x"":602,""y"":321,""t"":6373},{""x"":640,""y"":339,""t"":6696},{""x"":714,""y"":328,""t"":7047},{""x"":621,""y"":319,""t"":7382},{""x"":616,""y"":323,""t"":7716},{""x"":613,""y"":365,""t"":8030}]",0,0.9857152566711025,0.014284743328897561,mcutoff,0
184,0,14,catch_0,1.0,988.0,0.19,0.72,2.0,3.0,dominated,dominant,1,1,alternatives,0.0,False,0.38,2.16,-1.7800000000000002,-1.5747724051190084,0.5,0.5,0.5,0.5,,1.0,,dominant,True,"{""durations"":[1250,1250,1250,1250],""attributes"":[""all"",""all"",""all"",""all""],""alternatives"":[0,1,0,1]}","[{""x"":457,""y"":244,""t"":-331},{""x"":462,""y"":290,""t"":84},{""x"":406,""y"":303,""t"":420},{""x"":383,""y"":292,""t"":756},{""x"":359,""y"":323,""t"":1088},{""x"":262,""y"":334,""t"":1415},{""x"":288,""y"":355,""t"":1745},{""x"":376,""y"":363,""t"":2088},{""x"":452,""y"":347,""t"":2404},{""x"":483,""y"":402,""t"":2735},{""x"":546,""y"":412,""t"":3064},{""x"":617,""y"":427,""t"":3388},{""x"":586,""y"":416,""t"":3729},{""x"":506,""y"":399,""t"":4060},{""x"":442,""y"":410,""t"":4393},{""x"":423,""y"":385,""t"":4723},{""x"":353,""y"":347,""t"":5069},{""x"":449,""y"":328,""t"":5397},{""x"":460,""y"":326,""t"":5728},{""x"":546,""y"":358,""t"":6066},{""x"":579,""y"":357,""t"":6390},{""x"":630,""y"":362,""t"":6723},{""x"":640,""y"":407,""t"":7046},{""x"":648,""y"":466,""t"":7388},{""x"":737,""y"":417,""t"":7715},{""x"":697,""y"":369,""t"":8047}]",1,0.014284743328897561,0.9857152566711025,mcutoff,0
184,0,15,exp_27,0.0,873.0,0.3,0.17,2.0,3.0,higher_p,higher_m,0,1,attributes,1.0,True,0.6,0.51,0.0899999999999999,0.3499494233597794,0.5,0.5,0.6,0.4,0.0,0.0,higher_p,higher_p,True,"{""durations"":[1000,1500,1000,1500],""alternatives"":[""all"",""all"",""all"",""all""],""attributes"":[""m"",""p"",""m"",""p""]}","[{""x"":465,""y"":310,""t"":-339},{""x"":436,""y"":319,""t"":8},{""x"":385,""y"":332,""t"":350},{""x"":410,""y"":293,""t"":680},{""x"":442,""y"":288,""t"":991},{""x"":517,""y"":277,""t"":1318},{""x"":561,""y"":282,""t"":1671},{""x"":625,""y"":311,""t"":2001},{""x"":650,""y"":338,""t"":2328},{""x"":566,""y"":329,""t"":2663},{""x"":550,""y"":355,""t"":2995},{""x"":476,""y"":340,""t"":3322},{""x"":570,""y"":406,""t"":3670},{""x"":578,""y"":373,""t"":3976},{""x"":515,""y"":297,""t"":4304},{""x"":621,""y"":271,""t"":4633},{""x"":589,""y"":277,""t"":4976},{""x"":611,""y"":295,""t"":5399},{""x"":468,""y"":278,""t"":5726},{""x"":529,""y"":312,""t"":6056},{""x"":633,""y"":356,""t"":6382},{""x"":602,""y"":332,""t"":6718},{""x"":593,""y"":340,""t"":7037},{""x"":490,""y"":345,""t"":7346},{""x"":489,""y"":385,""t"":7692}]",0,0.9857152566711025,0.014284743328897561,mcutoff,0
184,0,16,exp_90,0.0,782.0,0.5,0.38,3.0,4.0,higher_p,higher_m,0,1,alternatives,0.0,False,1.5,1.52,-0.02,0.2367304922727919,0.6,0.4,0.5,0.5,0.0,0.0,higher_p,higher_p,True,"{""durations"":[1000,1500,1000,1500],""alternatives"":[1,0,1,0],""attributes"":[""all"",""all"",""all"",""all""]}","[{""x"":528,""y"":262,""t"":-342},{""x"":511,""y"":248,""t"":13},{""x"":553,""y"":276,""t"":473},{""x"":500,""y"":314,""t"":867},{""x"":434,""y"":316,""t"":1269},{""x"":492,""y"":285,""t"":1650},{""x"":558,""y"":334,""t"":2043},{""x"":541,""y"":340,""t"":2430},{""x"":459,""y"":351,""t"":2804},{""x"":458,""y"":360,""t"":3211},{""x"":467,""y"":365,""t"":3606},{""x"":408,""y"":352,""t"":3977},{""x"":381,""y"":321,""t"":4311},{""x"":301,""y"":349,""t"":4660},{""x"":359,""y"":343,""t"":5051},{""x"":334,""y"":394,""t"":5398},{""x"":500,""y"":366,""t"":5737},{""x"":562,""y"":367,""t"":6080},{""x"":643,""y"":378,""t"":6441},{""x"":609,""y"":366,""t"":6801},{""x"":606,""y"":389,""t"":7124},{""x"":572,""y"":349,""t"":7504}]",0,0.9857152566711025,0.014284743328897561,mcutoff,0
184,0,17,exp_67,1.0,953.0,0.72,0.51,4.2,5.2,higher_p,higher_m,0,1,attributes,1.0,True,3.024,2.652,0.3719999999999999,0.64020159214642,0.5,0.5,0.6,0.4,0.0,0.0,higher_p,higher_p,False,"{""durations"":[1000,1500,1000,1500],""alternatives"":[""all"",""all"",""all"",""all""],""attributes"":[""m"",""p"",""m"",""p""]}","[{""x"":444,""y"":342,""t"":-363},{""x"":452,""y"":329,""t"":9},{""x"":396,""y"":336,""t"":386},{""x"":370,""y"":416,""t"":708},{""x"":264,""y"":505,""t"":1054},{""x"":286,""y"":460,""t"":1414},{""x"":369,""y"":418,""t"":1779},{""x"":374,""y"":429,""t"":2237},{""x"":328,""y"":426,""t"":2568},{""x"":307,""y"":421,""t"":2933},{""x"":390,""y"":387,""t"":3275},{""x"":429,""y"":347,""t"":3640},{""x"":399,""y"":323,""t"":3974},{""x"":334,""y"":308,""t"":4326},{""x"":368,""y"":223,""t"":4664},{""x"":474,""y"":247,""t"":5023},{""x"":433,""y"":262,""t"":5348},{""x"":397,""y"":327,""t"":5713},{""x"":467,""y"":367,""t"":6173},{""x"":502,""y"":360,""t"":6556},{""x"":546,""y"":351,""t"":6982},{""x"":506,""y"":358,""t"":7364},{""x"":501,""y"":400,""t"":7788}]",0,0.9857152566711025,0.014284743328897561,mcutoff,0
184,0,18,exp_108,0.0,795.0,0.78,0.4,2.1,3.0,higher_p,higher_m,0,1,alternatives,0.0,False,1.638,1.2000000000000002,0.4379999999999999,0.7081329507986126,0.4,0.6,0.5,0.5,1.0,0.0,higher_m,higher_p,True,"{""durations"":[1500,1000,1500,1000],""alternatives"":[1,0,1,0],""attributes"":[""all"",""all"",""all"",""all""]}","[{""x"":175,""y"":407,""t"":-495},{""x"":197,""y"":388,""t"":-125},{""x"":254,""y"":335,""t"":7},{""x"":300,""y"":319,""t"":595},{""x"":308,""y"":284,""t"":919},{""x"":382,""y"":320,""t"":1271},{""x"":391,""y"":280,""t"":1611},{""x"":431,""y"":307,""t"":1941},{""x"":550,""y"":324,""t"":2313},{""x"":582,""y"":347,""t"":2657},{""x"":582,""y"":369,""t"":3010},{""x"":580,""y"":374,""t"":3339},{""x"":582,""y"":387,""t"":3692},{""x"":551,""y"":391,""t"":4029},{""x"":531,""y"":420,""t"":4368},{""x"":470,""y"":373,""t"":4703},{""x"":462,""y"":361,""t"":5045},{""x"":459,""y"":346,""t"":5384},{""x"":424,""y"":324,""t"":5748},{""x"":398,""y"":326,""t"":6092},{""x"":451,""y"":344,""t"":6433},{""x"":450,""y"":325,""t"":6771},{""x"":434,""y"":314,""t"":7124},{""x"":520,""y"":371,""t"":7477},{""x"":467,""y"":343,""t"":7817}]",0,0.9857152566711025,0.014284743328897561,mcutoff,0
184,0,19,exp_117,0.0,757.0,0.49,0.22,4.2,7.9,higher_p,higher_m,0,1,attributes,1.0,True,2.058,1.738,0.3199999999999998,0.5866799156325714,0.5,0.5,0.4,0.6,1.0,0.0,higher_m,higher_p,True,"{""durations"":[1500,1000,1500,1000],""alternatives"":[""all"",""all"",""all"",""all""],""attributes"":[""m"",""p"",""m"",""p""]}","[{""x"":316,""y"":329,""t"":-328},{""x"":369,""y"":301,""t"":8},{""x"":381,""y"":325,""t"":356},{""x"":401,""y"":311,""t"":719},{""x"":441,""y"":249,""t"":1050},{""x"":467,""y"":278,""t"":1393},{""x"":466,""y"":247,""t"":1734},{""x"":471,""y"":263,""t"":2073},{""x"":439,""y"":283,""t"":2445},{""x"":383,""y"":297,""t"":2776},{""x"":411,""y"":291,""t"":3129},{""x"":545,""y"":314,""t"":3485},{""x"":618,""y"":346,""t"":3835},{""x"":645,""y"":368,""t"":4150},{""x"":638,""y"":372,""t"":4499},{""x"":577,""y"":338,""t"":4820},{""x"":488,""y"":327,""t"":5149},{""x"":469,""y"":329,""t"":5488},{""x"":525,""y"":320,""t"":5829},{""x"":540,""y"":348,""t"":6160},{""x"":521,""y"":357,""t"":6494},{""x"":525,""y"":348,""t"":6808},{""x"":535,""y"":399,""t"":7145},{""x"":579,""y"":377,""t"":7487},{""x"":529,""y"":354,""t"":7815}]",0,0.9857152566711025,0.014284743328897561,mcutoff,0
184,0,20,exp_101,0.0,682.0,0.58,0.38,4.9,6.9,higher_p,higher_m,0,1,attributes,1.0,True,2.842,2.6220000000000003,0.2199999999999997,0.4837536146444008,0.5,0.5,0.4,0.6,1.0,0.0,higher_m,higher_p,True,"{""durations"":[1500,1000,1500,1000],""alternatives"":[""all"",""all"",""all"",""all""],""attributes"":[""m"",""p"",""m"",""p""]}","[{""x"":441,""y"":567,""t"":-311},{""x"":471,""y"":532,""t"":7},{""x"":443,""y"":474,""t"":331},{""x"":576,""y"":432,""t"":641},{""x"":576,""y"":386,""t"":962},{""x"":581,""y"":346,""t"":1285},{""x"":489,""y"":297,""t"":1614},{""x"":542,""y"":252,""t"":1945},{""x"":608,""y"":229,""t"":2280},{""x"":541,""y"":226,""t"":2611},{""x"":503,""y"":223,""t"":2941},{""x"":326,""y"":213,""t"":3263},{""x"":302,""y"":237,""t"":3599},{""x"":311,""y"":234,""t"":3938},{""x"":405,""y"":251,""t"":4242},{""x"":313,""y"":232,""t"":4643},{""x"":314,""y"":242,""t"":4979},{""x"":281,""y"":221,""t"":5307},{""x"":250,""y"":229,""t"":5645},{""x"":224,""y"":235,""t"":5962},{""x"":237,""y"":220,""t"":6273},{""x"":256,""y"":220,""t"":6594},{""x"":321,""y"":288,""t"":6947},{""x"":275,""y"":316,""t"":7280},{""x"":373,""y"":382,""t"":7594}]",0,0.9857152566711025,0.014284743328897561,mcutoff,0
184,0,21,exp_18,0.0,795.0,0.28,0.17,4.3,8.3,higher_p,higher_m,0,1,alternatives,0.0,False,1.204,1.4110000000000005,-0.2070000000000003,0.0442583094249128,0.6,0.4,0.5,0.5,0.0,0.0,higher_p,higher_p,True,"{""durations"":[1000,1500,1000,1500],""alternatives"":[1,0,1,0],""attributes"":[""all"",""all"",""all"",""all""]}","[{""x"":450,""y"":308,""t"":-430},{""x"":486,""y"":276,""t"":5},{""x"":489,""y"":273,""t"":407},{""x"":419,""y"":239,""t"":811},{""x"":430,""y"":237,""t"":1198},{""x"":351,""y"":240,""t"":1588},{""x"":489,""y"":270,""t"":2004},{""x"":516,""y"":275,""t"":2382},{""x"":586,""y"":342,""t"":2745},{""x"":537,""y"":353,""t"":3108},{""x"":506,""y"":380,""t"":3475},{""x"":424,""y"":349,""t"":3809},{""x"":444,""y"":372,""t"":4148},{""x"":391,""y"":284,""t"":4498},{""x"":444,""y"":292,""t"":4915},{""x"":422,""y"":317,""t"":5259},{""x"":467,""y"":338,""t"":5594},{""x"":495,""y"":328,""t"":5915},{""x"":529,""y"":327,""t"":6267},{""x"":472,""y"":341,""t"":6607},{""x"":437,""y"":362,""t"":6954},{""x"":517,""y"":404,""t"":7320},{""x"":529,""y"":379,""t"":7662},{""x"":475,""y"":381,""t"":8019}]",0,0.9857152566711025,0.014284743328897561,mcutoff,0
184,0,22,exp_50,0.0,939.0,0.49,0.32,6.9,8.2,higher_p,higher_m,0,1,alternatives,0.0,False,3.381,2.624,0.7570000000000006,1.0364678509508771,0.6,0.4,0.5,0.5,0.0,0.0,higher_p,higher_p,True,"{""durations"":[1000,1500,1000,1500],""alternatives"":[1,0,1,0],""attributes"":[""all"",""all"",""all"",""all""]}","[{""x"":425,""y"":286,""t"":-347},{""x"":492,""y"":297,""t"":7},{""x"":565,""y"":334,""t"":382},{""x"":594,""y"":367,""t"":711},{""x"":594,""y"":398,""t"":1146},{""x"":647,""y"":415,""t"":1468},{""x"":557,""y"":403,""t"":1821},{""x"":499,""y"":384,""t"":2154},{""x"":438,""y"":409,""t"":2497},{""x"":326,""y"":430,""t"":2838},{""x"":278,""y"":391,""t"":3186},{""x"":312,""y"":431,""t"":3532},{""x"":263,""y"":416,""t"":3873},{""x"":350,""y"":412,""t"":4221},{""x"":434,""y"":407,""t"":4553},{""x"":558,""y"":381,""t"":4892},{""x"":597,""y"":364,""t"":5246},{""x"":528,""y"":353,""t"":5612},{""x"":468,""y"":309,""t"":5951},{""x"":418,""y"":269,""t"":6295},{""x"":368,""y"":292,""t"":6617},{""x"":362,""y"":280,""t"":6970},{""x"":358,""y"":315,""t"":7308},{""x"":346,""y"":323,""t"":7654},{""x"":416,""y"":370,""t"":7986}]",0,0.9857152566711025,0.014284743328897561,mcutoff,0
184,0,23,catch_2,1.0,746.0,0.38,0.6,2.2,4.0,dominated,dominant,1,1,alternatives,0.0,False,0.8360000000000001,2.4,-1.5639999999999998,-1.35245159498456,0.5,0.5,0.5,0.5,,1.0,,dominant,True,"{""durations"":[1250,1250,1250,1250],""attributes"":[""all"",""all"",""all"",""all""],""alternatives"":[0,1,0,1]}","[{""x"":448,""y"":375,""t"":-330},{""x"":433,""y"":341,""t"":7},{""x"":420,""y"":340,""t"":383},{""x"":384,""y"":347,""t"":704},{""x"":379,""y"":357,""t"":1039},{""x"":376,""y"":356,""t"":1370},{""x"":346,""y"":391,""t"":1698},{""x"":365,""y"":371,""t"":2061},{""x"":442,""y"":379,""t"":2400},{""x"":419,""y"":394,""t"":2744},{""x"":512,""y"":383,""t"":3081},{""x"":556,""y"":386,""t"":3419},{""x"":508,""y"":365,""t"":3753},{""x"":485,""y"":369,""t"":4059},{""x"":474,""y"":398,""t"":4392},{""x"":413,""y"":371,""t"":4721},{""x"":439,""y"":395,""t"":5043},{""x"":461,""y"":425,""t"":5380},{""x"":478,""y"":394,""t"":5689},{""x"":598,""y"":440,""t"":6009},{""x"":548,""y"":428,""t"":6336},{""x"":597,""y"":428,""t"":6745},{""x"":575,""y"":387,""t"":7078},{""x"":484,""y"":355,""t"":7417},{""x"":543,""y"":358,""t"":7749}]",1,0.014284743328897561,0.9857152566711025,mcutoff,0
184,0,24,exp_9,0.0,698.0,0.7,0.29,1.7999999999999998,5.0,higher_p,higher_m,0,1,attributes,1.0,True,1.2599999999999998,1.45,-0.1900000000000001,0.0617557805929019,0.5,0.5,0.6,0.4,0.0,1.0,higher_p,higher_m,True,"{""durations"":[1500,1000,1500,1000],""alternatives"":[""all"",""all"",""all"",""all""],""attributes"":[""p"",""m"",""p"",""m""]}","[{""x"":332,""y"":361,""t"":-323},{""x"":272,""y"":364,""t"":7},{""x"":268,""y"":383,""t"":357},{""x"":236,""y"":366,""t"":688},{""x"":242,""y"":410,""t"":1012},{""x"":310,""y"":411,""t"":1363},{""x"":398,""y"":445,""t"":1877},{""x"":433,""y"":422,""t"":2290},{""x"":463,""y"":451,""t"":2697},{""x"":377,""y"":392,""t"":3076},{""x"":350,""y"":316,""t"":3469},{""x"":376,""y"":337,""t"":3886},{""x"":355,""y"":329,""t"":4264},{""x"":338,""y"":361,""t"":4645},{""x"":363,""y"":379,""t"":5008},{""x"":352,""y"":405,""t"":5375},{""x"":463,""y"":422,""t"":5732},{""x"":495,""y"":394,""t"":6079},{""x"":548,""y"":359,""t"":6428},{""x"":497,""y"":359,""t"":6782},{""x"":533,""y"":356,""t"":7133},{""x"":487,""y"":362,""t"":7482},{""x"":541,""y"":345,""t"":7826}]",0,0.9857152566711025,0.014284743328897561,mcutoff,0
184,0,25,exp_91,0.0,712.0,0.5,0.38,3.0,4.0,higher_p,higher_m,0,1,attributes,1.0,True,1.5,1.52,-0.02,0.2367304922727919,0.5,0.5,0.6,0.4,0.0,0.0,higher_p,higher_p,True,"{""durations"":[1000,1500,1000,1500],""alternatives"":[""all"",""all"",""all"",""all""],""attributes"":[""m"",""p"",""m"",""p""]}","[{""x"":392,""y"":300,""t"":-357},{""x"":387,""y"":319,""t"":7},{""x"":403,""y"":261,""t"":359},{""x"":391,""y"":233,""t"":696},{""x"":397,""y"":194,""t"":1037},{""x"":368,""y"":197,""t"":1372},{""x"":305,""y"":202,""t"":1720},{""x"":309,""y"":247,""t"":2053},{""x"":392,""y"":295,""t"":2383},{""x"":429,""y"":351,""t"":2734},{""x"":448,""y"":395,""t"":3092},{""x"":381,""y"":388,""t"":3499},{""x"":547,""y"":433,""t"":3846},{""x"":469,""y"":423,""t"":4196},{""x"":477,""y"":383,""t"":4541},{""x"":476,""y"":357,""t"":4887},{""x"":518,""y"":309,""t"":5253},{""x"":525,""y"":334,""t"":5586},{""x"":492,""y"":354,""t"":5929},{""x"":537,""y"":400,""t"":6281},{""x"":527,""y"":391,""t"":6634},{""x"":455,""y"":359,""t"":6983},{""x"":457,""y"":350,""t"":7336},{""x"":502,""y"":364,""t"":7687}]",0,0.9857152566711025,0.014284743328897561,mcutoff,0
184,0,26,exp_3,0.0,1009.0,0.79,0.49,5.300000000000001,8.3,higher_p,higher_m,0,1,attributes,1.0,True,4.187000000000001,4.067,0.120000000000001,0.3808273136562316,0.5,0.5,0.6,0.4,0.0,0.0,higher_p,higher_p,True,"{""durations"":[1000,1500,1000,1500],""alternatives"":[""all"",""all"",""all"",""all""],""attributes"":[""m"",""p"",""m"",""p""]}","[{""x"":367,""y"":382,""t"":-337},{""x"":352,""y"":347,""t"":7},{""x"":335,""y"":369,""t"":369},{""x"":380,""y"":353,""t"":703},{""x"":473,""y"":328,""t"":1051},{""x"":506,""y"":304,""t"":1386},{""x"":460,""y"":311,""t"":1719},{""x"":512,""y"":324,""t"":2056},{""x"":470,""y"":329,""t"":2397},{""x"":390,""y"":317,""t"":2741},{""x"":449,""y"":389,""t"":3075},{""x"":411,""y"":368,""t"":3415},{""x"":456,""y"":354,""t"":3742},{""x"":479,""y"":321,""t"":4080},{""x"":534,""y"":289,""t"":4410},{""x"":571,""y"":275,""t"":4744},{""x"":531,""y"":253,""t"":5082},{""x"":463,""y"":317,""t"":5432},{""x"":481,""y"":336,""t"":5780},{""x"":425,""y"":325,""t"":6091},{""x"":437,""y"":293,""t"":6422},{""x"":450,""y"":268,""t"":6747},{""x"":478,""y"":257,""t"":7107},{""x"":449,""y"":268,""t"":7432},{""x"":425,""y"":267,""t"":7764},{""x"":488,""y"":347,""t"":8113}]",0,0.9857152566711025,0.014284743328897561,mcutoff,0
184,0,27,exp_1,0.0,963.0,0.79,0.49,5.300000000000001,8.3,higher_p,higher_m,0,1,attributes,1.0,True,4.187000000000001,4.067,0.120000000000001,0.3808273136562316,0.5,0.5,0.6,0.4,0.0,1.0,higher_p,higher_m,True,"{""durations"":[1500,1000,1500,1000],""alternatives"":[""all"",""all"",""all"",""all""],""attributes"":[""p"",""m"",""p"",""m""]}","[{""x"":467,""y"":341,""t"":-311},{""x"":438,""y"":344,""t"":7},{""x"":348,""y"":330,""t"":354},{""x"":332,""y"":344,""t"":678},{""x"":265,""y"":352,""t"":1007},{""x"":281,""y"":386,""t"":1341},{""x"":284,""y"":375,""t"":1676},{""x"":374,""y"":396,""t"":1999},{""x"":404,""y"":415,""t"":2326},{""x"":391,""y"":378,""t"":2658},{""x"":402,""y"":341,""t"":2989},{""x"":471,""y"":315,""t"":3349},{""x"":547,""y"":311,""t"":3747},{""x"":483,""y"":373,""t"":4087},{""x"":404,""y"":353,""t"":4412},{""x"":409,""y"":352,""t"":4748},{""x"":382,""y"":377,""t"":5059},{""x"":492,""y"":438,""t"":5393},{""x"":465,""y"":417,""t"":5720},{""x"":444,""y"":367,""t"":6030},{""x"":507,""y"":354,""t"":6400},{""x"":519,""y"":340,""t"":6737},{""x"":565,""y"":367,""t"":7049},{""x"":567,""y"":366,""t"":7372},{""x"":497,""y"":389,""t"":7702},{""x"":466,""y"":414,""t"":8019}]",0,0.9857152566711025,0.014284743328897561,mcutoff,0
184,0,28,exp_116,0.0,657.0,0.49,0.22,4.2,7.9,higher_p,higher_m,0,1,alternatives,0.0,False,2.058,1.738,0.3199999999999998,0.5866799156325714,0.4,0.6,0.5,0.5,1.0,0.0,higher_m,higher_p,True,"{""durations"":[1500,1000,1500,1000],""alternatives"":[1,0,1,0],""attributes"":[""all"",""all"",""all"",""all""]}","[{""x"":362,""y"":348,""t"":-345},{""x"":220,""y"":407,""t"":5},{""x"":156,""y"":410,""t"":353},{""x"":184,""y"":405,""t"":662},{""x"":317,""y"":523,""t"":993},{""x"":351,""y"":677,""t"":1318},{""x"":361,""y"":623,""t"":1662},{""x"":314,""y"":535,""t"":1990},{""x"":218,""y"":454,""t"":2330},{""x"":266,""y"":418,""t"":2657},{""x"":314,""y"":372,""t"":2987},{""x"":361,""y"":346,""t"":3298},{""x"":453,""y"":278,""t"":3627},{""x"":393,""y"":231,""t"":3954},{""x"":375,""y"":272,""t"":4292},{""x"":309,""y"":317,""t"":4631},{""x"":440,""y"":377,""t"":5032},{""x"":465,""y"":376,""t"":5357},{""x"":533,""y"":394,""t"":5676},{""x"":565,""y"":398,""t"":5997},{""x"":423,""y"":367,""t"":6316},{""x"":408,""y"":362,""t"":6645},{""x"":398,""y"":373,""t"":6972},{""x"":349,""y"":314,""t"":7310},{""x"":353,""y"":290,""t"":7650}]",0,0.9857152566711025,0.014284743328897561,mcutoff,0
184,0,29,exp_53,0.0,1123.0,0.49,0.32,6.9,8.2,higher_p,higher_m,0,1,attributes,1.0,True,3.381,2.624,0.7570000000000006,1.0364678509508771,0.5,0.5,0.4,0.6,1.0,0.0,higher_m,higher_p,True,"{""durations"":[1500,1000,1500,1000],""alternatives"":[""all"",""all"",""all"",""all""],""attributes"":[""m"",""p"",""m"",""p""]}","[{""x"":387,""y"":557,""t"":-439},{""x"":373,""y"":505,""t"":6},{""x"":402,""y"":447,""t"":402},{""x"":401,""y"":348,""t"":795},{""x"":442,""y"":290,""t"":1147},{""x"":481,""y"":272,""t"":1528},{""x"":548,""y"":266,""t"":1916},{""x"":514,""y"":280,""t"":2326},{""x"":484,""y"":288,""t"":2697},{""x"":542,""y"":308,""t"":3066},{""x"":617,""y"":356,""t"":3439},{""x"":546,""y"":386,""t"":3801},{""x"":531,""y"":394,""t"":4139},{""x"":482,""y"":327,""t"":4474},{""x"":566,""y"":264,""t"":4820},{""x"":624,""y"":331,""t"":5178},{""x"":623,""y"":329,""t"":5518},{""x"":683,""y"":350,""t"":5854},{""x"":679,""y"":349,""t"":6188},{""x"":665,""y"":412,""t"":6536},{""x"":555,""y"":461,""t"":6891},{""x"":488,""y"":446,""t"":7225},{""x"":472,""y"":399,""t"":7568},{""x"":394,""y"":409,""t"":7906}]",0,0.9857152566711025,0.014284743328897561,mcutoff,0
184,0,30,exp_84,0.0,762.0,0.61,0.29,2.2,8.1,higher_p,higher_m,0,1,alternatives,0.0,False,1.342,2.349,-1.0069999999999997,-0.7791520984804502,0.4,0.6,0.5,0.5,1.0,0.0,higher_m,higher_p,True,"{""durations"":[1500,1000,1500,1000],""alternatives"":[1,0,1,0],""attributes"":[""all"",""all"",""all"",""all""]}","[{""x"":445,""y"":418,""t"":-351},{""x"":467,""y"":371,""t"":6},{""x"":467,""y"":364,""t"":362},{""x"":372,""y"":368,""t"":696},{""x"":342,""y"":382,""t"":1111},{""x"":351,""y"":374,""t"":1449},{""x"":352,""y"":417,""t"":1788},{""x"":384,""y"":398,""t"":2130},{""x"":450,""y"":400,""t"":2466},{""x"":415,""y"":408,""t"":2806},{""x"":439,""y"":429,""t"":3155},{""x"":352,""y"":398,""t"":3518},{""x"":311,""y"":390,""t"":3861},{""x"":300,""y"":359,""t"":4199},{""x"":315,""y"":377,""t"":4537},{""x"":341,""y"":393,""t"":4876},{""x"":263,""y"":362,""t"":5230},{""x"":408,""y"":385,""t"":5683},{""x"":462,""y"":426,""t"":6093},{""x"":548,""y"":451,""t"":6497},{""x"":632,""y"":469,""t"":6878},{""x"":592,""y"":419,""t"":7263}]",0,0.9857152566711025,0.014284743328897561,mcutoff,0
184,0,31,exp_82,0.0,691.0,0.61,0.29,2.2,8.1,higher_p,higher_m,0,1,alternatives,0.0,False,1.342,2.349,-1.0069999999999997,-0.7791520984804502,0.6,0.4,0.5,0.5,0.0,0.0,higher_p,higher_p,True,"{""durations"":[1000,1500,1000,1500],""alternatives"":[1,0,1,0],""attributes"":[""all"",""all"",""all"",""all""]}","[{""x"":587,""y"":414,""t"":-413},{""x"":534,""y"":337,""t"":8},{""x"":491,""y"":356,""t"":381},{""x"":450,""y"":352,""t"":734},{""x"":474,""y"":371,""t"":1091},{""x"":446,""y"":395,""t"":1445},{""x"":503,""y"":453,""t"":1813},{""x"":359,""y"":376,""t"":2157},{""x"":421,""y"":420,""t"":2512},{""x"":406,""y"":383,""t"":2857},{""x"":385,""y"":396,""t"":3196},{""x"":294,""y"":387,""t"":3528},{""x"":374,""y"":418,""t"":3876},{""x"":516,""y"":398,""t"":4203},{""x"":525,""y"":388,""t"":4536},{""x"":503,""y"":385,""t"":4904},{""x"":481,""y"":361,""t"":5243},{""x"":472,""y"":398,""t"":5640},{""x"":362,""y"":373,""t"":5973},{""x"":339,""y"":372,""t"":6314},{""x"":305,""y"":350,""t"":6671},{""x"":380,""y"":363,""t"":7009},{""x"":424,""y"":439,""t"":7350}]",0,0.9857152566711025,0.014284743328897561,mcutoff,0
184,0,32,exp_22,0.0,1091.0,0.28,0.17,4.3,8.3,higher_p,higher_m,0,1,alternatives,0.0,False,1.204,1.4110000000000005,-0.2070000000000003,0.0442583094249128,0.4,0.6,0.5,0.5,1.0,1.0,higher_m,higher_m,True,"{""durations"":[1000,1500,1000,1500],""alternatives"":[0,1,0,1],""attributes"":[""all"",""all"",""all"",""all""]}","[{""x"":494,""y"":464,""t"":-419},{""x"":476,""y"":495,""t"":-92},{""x"":575,""y"":450,""t"":0},{""x"":503,""y"":472,""t"":607},{""x"":436,""y"":463,""t"":945},{""x"":401,""y"":493,""t"":1299},{""x"":364,""y"":439,""t"":1667},{""x"":427,""y"":465,""t"":2013},{""x"":526,""y"":449,""t"":2345},{""x"":665,""y"":416,""t"":2691},{""x"":746,""y"":448,""t"":3050},{""x"":589,""y"":402,""t"":3483},{""x"":485,""y"":396,""t"":3870},{""x"":392,""y"":379,""t"":4269},{""x"":426,""y"":373,""t"":4652},{""x"":438,""y"":400,""t"":5024},{""x"":434,""y"":359,""t"":5408},{""x"":462,""y"":373,""t"":5802},{""x"":396,""y"":361,""t"":6177},{""x"":352,""y"":353,""t"":6542},{""x"":269,""y"":352,""t"":6912},{""x"":265,""y"":350,""t"":7271},{""x"":278,""y"":356,""t"":7638},{""x"":299,""y"":391,""t"":7964}]",0,0.9857152566711025,0.014284743328897561,mcutoff,0
184,0,33,exp_20,0.0,683.0,0.28,0.17,4.3,8.3,higher_p,higher_m,0,1,alternatives,0.0,False,1.204,1.4110000000000005,-0.2070000000000003,0.0442583094249128,0.4,0.6,0.5,0.5,1.0,0.0,higher_m,higher_p,True,"{""durations"":[1500,1000,1500,1000],""alternatives"":[1,0,1,0],""attributes"":[""all"",""all"",""all"",""all""]}","[{""x"":398,""y"":344,""t"":-339},{""x"":416,""y"":344,""t"":7},{""x"":469,""y"":361,""t"":379},{""x"":402,""y"":334,""t"":734},{""x"":363,""y"":342,""t"":1083},{""x"":233,""y"":330,""t"":1435},{""x"":190,""y"":329,""t"":1793},{""x"":281,""y"":353,""t"":2133},{""x"":359,""y"":362,""t"":2477},{""x"":429,""y"":391,""t"":2814},{""x"":519,""y"":387,""t"":3158},{""x"":552,""y"":402,""t"":3522},{""x"":458,""y"":362,""t"":3855},{""x"":398,""y"":350,""t"":4283},{""x"":369,""y"":364,""t"":4617},{""x"":415,""y"":399,""t"":4968},{""x"":485,""y"":407,""t"":5305},{""x"":484,""y"":395,""t"":5646},{""x"":605,""y"":427,""t"":5986},{""x"":574,""y"":412,""t"":6328},{""x"":526,""y"":421,""t"":6675},{""x"":514,""y"":438,""t"":7017},{""x"":542,""y"":429,""t"":7358}]",0,0.9857152566711025,0.014284743328897561,mcutoff,0
184,0,34,exp_23,0.0,683.0,0.28,0.17,4.3,8.3,higher_p,higher_m,0,1,attributes,1.0,True,1.204,1.4110000000000005,-0.2070000000000003,0.0442583094249128,0.5,0.5,0.4,0.6,1.0,1.0,higher_m,higher_m,True,"{""durations"":[1000,1500,1000,1500],""alternatives"":[""all"",""all"",""all"",""all""],""attributes"":[""p"",""m"",""p"",""m""]}","[{""x"":396,""y"":389,""t"":-379},{""x"":323,""y"":366,""t"":8},{""x"":315,""y"":361,""t"":426},{""x"":280,""y"":357,""t"":807},{""x"":254,""y"":347,""t"":1220},{""x"":331,""y"":350,""t"":1611},{""x"":290,""y"":352,""t"":1996},{""x"":430,""y"":306,""t"":2374},{""x"":491,""y"":302,""t"":2760},{""x"":477,""y"":293,""t"":3143},{""x"":567,""y"":289,""t"":3507},{""x"":563,""y"":293,""t"":3881},{""x"":506,""y"":284,""t"":4232},{""x"":436,""y"":304,""t"":4585},{""x"":328,""y"":317,""t"":4999},{""x"":333,""y"":295,""t"":5349},{""x"":402,""y"":295,""t"":5696},{""x"":488,""y"":402,""t"":6035},{""x"":454,""y"":382,""t"":6384},{""x"":446,""y"":375,""t"":6726},{""x"":462,""y"":386,""t"":7068},{""x"":463,""y"":371,""t"":7397},{""x"":477,""y"":342,""t"":7739}]",0,0.9857152566711025,0.014284743328897561,mcutoff,0
184,0,35,exp_107,0.0,694.0,0.78,0.4,2.1,3.0,higher_p,higher_m,0,1,attributes,1.0,True,1.638,1.2000000000000002,0.4379999999999999,0.7081329507986126,0.5,0.5,0.6,0.4,0.0,0.0,higher_p,higher_p,True,"{""durations"":[1000,1500,1000,1500],""alternatives"":[""all"",""all"",""all"",""all""],""attributes"":[""m"",""p"",""m"",""p""]}","[{""x"":504,""y"":331,""t"":-655},{""x"":449,""y"":327,""t"":-131},{""x"":464,""y"":371,""t"":0},{""x"":509,""y"":330,""t"":665},{""x"":454,""y"":283,""t"":1031},{""x"":506,""y"":268,""t"":1406},{""x"":446,""y"":234,""t"":1824},{""x"":478,""y"":291,""t"":2202},{""x"":517,""y"":302,""t"":2550},{""x"":549,""y"":315,""t"":2896},{""x"":533,""y"":315,""t"":3250},{""x"":459,""y"":337,""t"":3597},{""x"":447,""y"":324,""t"":3931},{""x"":378,""y"":273,""t"":4275},{""x"":437,""y"":268,""t"":4611},{""x"":382,""y"":264,""t"":4948},{""x"":355,""y"":266,""t"":5295},{""x"":344,""y"":313,""t"":5627},{""x"":442,""y"":390,""t"":5945},{""x"":444,""y"":399,""t"":6286},{""x"":414,""y"":369,""t"":6629},{""x"":427,""y"":344,""t"":6987},{""x"":504,""y"":352,""t"":7329},{""x"":471,""y"":356,""t"":7661}]",0,0.9857152566711025,0.014284743328897561,mcutoff,0
184,0,36,exp_45,0.0,676.0,0.81,0.48,1.6999999999999995,7.9,higher_p,higher_m,0,1,attributes,1.0,True,1.3769999999999998,3.792,-2.415,-2.2283544163938904,0.5,0.5,0.4,0.6,1.0,0.0,higher_m,higher_p,True,"{""durations"":[1500,1000,1500,1000],""alternatives"":[""all"",""all"",""all"",""all""],""attributes"":[""m"",""p"",""m"",""p""]}","[{""x"":348,""y"":323,""t"":-322},{""x"":432,""y"":315,""t"":7},{""x"":372,""y"":359,""t"":365},{""x"":384,""y"":340,""t"":702},{""x"":433,""y"":342,""t"":1023},{""x"":504,""y"":357,""t"":1344},{""x"":447,""y"":308,""t"":1695},{""x"":361,""y"":275,""t"":2030},{""x"":382,""y"":282,""t"":2363},{""x"":392,""y"":326,""t"":2702},{""x"":294,""y"":363,""t"":3035},{""x"":315,""y"":388,""t"":3372},{""x"":251,""y"":404,""t"":3731},{""x"":314,""y"":431,""t"":4060},{""x"":395,""y"":385,""t"":4387},{""x"":455,""y"":381,""t"":4727},{""x"":401,""y"":358,""t"":5036},{""x"":386,""y"":317,""t"":5372},{""x"":418,""y"":298,""t"":5734},{""x"":341,""y"":284,""t"":6063},{""x"":312,""y"":281,""t"":6416},{""x"":369,""y"":279,""t"":6761},{""x"":367,""y"":277,""t"":7126},{""x"":403,""y"":306,""t"":7441},{""x"":392,""y"":391,""t"":7759}]",0,0.9857152566711025,0.014284743328897561,mcutoff,0
184,0,37,exp_26,0.0,649.0,0.3,0.17,2.0,3.0,higher_p,higher_m,0,1,alternatives,0.0,False,0.6,0.51,0.0899999999999999,0.3499494233597794,0.6,0.4,0.5,0.5,0.0,0.0,higher_p,higher_p,True,"{""durations"":[1000,1500,1000,1500],""alternatives"":[1,0,1,0],""attributes"":[""all"",""all"",""all"",""all""]}","[{""x"":515,""y"":384,""t"":-314},{""x"":430,""y"":367,""t"":6},{""x"":446,""y"":324,""t"":359},{""x"":379,""y"":277,""t"":682},{""x"":493,""y"":380,""t"":1010},{""x"":524,""y"":367,""t"":1347},{""x"":548,""y"":366,""t"":1700},{""x"":498,""y"":370,""t"":2035},{""x"":599,""y"":358,""t"":2365},{""x"":621,""y"":372,""t"":2691},{""x"":593,""y"":360,""t"":3029},{""x"":536,""y"":354,""t"":3350},{""x"":460,""y"":322,""t"":3669},{""x"":388,""y"":342,""t"":3987},{""x"":388,""y"":320,""t"":4296},{""x"":401,""y"":357,""t"":4624},{""x"":389,""y"":380,""t"":4964},{""x"":514,""y"":390,""t"":5279},{""x"":563,""y"":391,""t"":5592},{""x"":537,""y"":332,""t"":5913},{""x"":472,""y"":339,""t"":6228},{""x"":452,""y"":369,""t"":6543},{""x"":411,""y"":351,""t"":6869},{""x"":436,""y"":344,""t"":7202},{""x"":362,""y"":404,""t"":7541}]",0,0.9857152566711025,0.014284743328897561,mcutoff,0
184,0,38,exp_80,0.0,974.0,0.61,0.29,2.2,8.1,higher_p,higher_m,0,1,alternatives,0.0,False,1.342,2.349,-1.0069999999999997,-0.7791520984804502,0.6,0.4,0.5,0.5,0.0,1.0,higher_p,higher_m,True,"{""durations"":[1500,1000,1500,1000],""alternatives"":[0,1,0,1],""attributes"":[""all"",""all"",""all"",""all""]}","[{""x"":333,""y"":365,""t"":-341},{""x"":379,""y"":395,""t"":6},{""x"":429,""y"":364,""t"":347},{""x"":425,""y"":365,""t"":659},{""x"":257,""y"":396,""t"":973},{""x"":244,""y"":421,""t"":1298},{""x"":292,""y"":418,""t"":1636},{""x"":365,""y"":379,""t"":1957},{""x"":502,""y"":401,""t"":2281},{""x"":521,""y"":396,""t"":2608},{""x"":548,""y"":420,""t"":2930},{""x"":525,""y"":381,""t"":3257},{""x"":523,""y"":385,""t"":3582},{""x"":468,""y"":381,""t"":3915},{""x"":374,""y"":348,""t"":4243},{""x"":314,""y"":343,""t"":4575},{""x"":265,""y"":347,""t"":4898},{""x"":314,""y"":389,""t"":5232},{""x"":410,""y"":379,""t"":5553},{""x"":461,""y"":363,""t"":5880},{""x"":475,""y"":374,""t"":6194},{""x"":570,""y"":395,""t"":6515},{""x"":504,""y"":388,""t"":6835},{""x"":486,""y"":383,""t"":7163},{""x"":442,""y"":396,""t"":7493},{""x"":403,""y"":380,""t"":7826}]",0,0.9857152566711025,0.014284743328897561,mcutoff,0
184,0,39,exp_19,0.0,633.0,0.28,0.17,4.3,8.3,higher_p,higher_m,0,1,attributes,1.0,True,1.204,1.4110000000000005,-0.2070000000000003,0.0442583094249128,0.5,0.5,0.6,0.4,0.0,0.0,higher_p,higher_p,True,"{""durations"":[1000,1500,1000,1500],""alternatives"":[""all"",""all"",""all"",""all""],""attributes"":[""m"",""p"",""m"",""p""]}","[{""x"":398,""y"":342,""t"":-314},{""x"":356,""y"":340,""t"":7},{""x"":339,""y"":339,""t"":353},{""x"":331,""y"":301,""t"":675},{""x"":252,""y"":279,""t"":989},{""x"":301,""y"":231,""t"":1313},{""x"":323,""y"":249,""t"":1654},{""x"":406,""y"":272,""t"":1989},{""x"":366,""y"":306,""t"":2323},{""x"":365,""y"":343,""t"":2662},{""x"":370,""y"":363,""t"":2994},{""x"":482,""y"":374,""t"":3338},{""x"":600,""y"":397,""t"":3679},{""x"":636,""y"":385,""t"":4006},{""x"":553,""y"":343,""t"":4313},{""x"":549,""y"":360,""t"":4648},{""x"":540,""y"":299,""t"":4971},{""x"":507,""y"":338,""t"":5285},{""x"":549,""y"":357,""t"":5609},{""x"":492,""y"":373,""t"":5934},{""x"":457,""y"":382,""t"":6247},{""x"":472,""y"":390,""t"":6578},{""x"":491,""y"":392,""t"":6898},{""x"":451,""y"":384,""t"":7461}]",0,0.9857152566711025,0.014284743328897561,mcutoff,0
184,0,40,exp_78,0.0,635.0,0.8,0.2,4.0,6.799999999999999,higher_p,higher_m,0,1,alternatives,0.0,False,3.2,1.36,1.8400000000000003,2.151159690652763,0.4,0.6,0.5,0.5,1.0,1.0,higher_m,higher_m,True,"{""durations"":[1000,1500,1000,1500],""alternatives"":[0,1,0,1],""attributes"":[""all"",""all"",""all"",""all""]}","[{""x"":363,""y"":277,""t"":-321},{""x"":338,""y"":329,""t"":8},{""x"":290,""y"":306,""t"":364},{""x"":312,""y"":315,""t"":688},{""x"":293,""y"":317,""t"":1031},{""x"":222,""y"":295,""t"":1356},{""x"":187,""y"":315,""t"":1694},{""x"":311,""y"":373,""t"":2029},{""x"":380,""y"":399,""t"":2362},{""x"":443,""y"":459,""t"":2694},{""x"":424,""y"":466,""t"":3025},{""x"":417,""y"":448,""t"":3343},{""x"":405,""y"":409,""t"":3700},{""x"":344,""y"":404,""t"":4012},{""x"":269,""y"":364,""t"":4329},{""x"":207,""y"":348,""t"":4646},{""x"":276,""y"":399,""t"":4988},{""x"":354,""y"":439,""t"":5320},{""x"":449,""y"":434,""t"":5645},{""x"":522,""y"":401,""t"":5959},{""x"":458,""y"":414,""t"":6262},{""x"":469,""y"":409,""t"":6566},{""x"":425,""y"":355,""t"":6899},{""x"":449,""y"":351,""t"":7206},{""x"":591,""y"":409,""t"":7518}]",0,0.9857152566711025,0.014284743328897561,mcutoff,0
184,0,41,exp_58,0.0,628.0,0.41,0.21,1.7999999999999998,6.2,higher_p,higher_m,0,1,alternatives,0.0,False,0.7379999999999999,1.302,-0.5640000000000002,-0.3231885851028555,0.6,0.4,0.5,0.5,0.0,0.0,higher_p,higher_p,True,"{""durations"":[1000,1500,1000,1500],""alternatives"":[1,0,1,0],""attributes"":[""all"",""all"",""all"",""all""]}","[{""x"":392,""y"":360,""t"":-310},{""x"":362,""y"":292,""t"":8},{""x"":364,""y"":299,""t"":351},{""x"":445,""y"":262,""t"":684},{""x"":463,""y"":312,""t"":999},{""x"":394,""y"":323,""t"":1324},{""x"":337,""y"":335,""t"":1648},{""x"":276,""y"":366,""t"":1975},{""x"":184,""y"":354,""t"":2282},{""x"":105,""y"":353,""t"":2602},{""x"":90,""y"":363,""t"":2922},{""x"":156,""y"":357,""t"":3240},{""x"":161,""y"":402,""t"":3602},{""x"":295,""y"":402,""t"":3972},{""x"":285,""y"":426,""t"":4286},{""x"":330,""y"":466,""t"":4614},{""x"":282,""y"":466,""t"":4944},{""x"":221,""y"":464,""t"":5264},{""x"":30,""y"":372,""t"":5581},{""x"":33,""y"":396,""t"":5885},{""x"":14,""y"":375,""t"":6209},{""x"":-74,""y"":376,""t"":6541},{""x"":-14,""y"":404,""t"":6857},{""x"":166,""y"":361,""t"":7175},{""x"":207,""y"":439,""t"":7493}]",0,0.9857152566711025,0.014284743328897561,mcutoff,0
184,0,42,exp_89,0.0,961.0,0.5,0.38,3.0,4.0,higher_p,higher_m,0,1,attributes,1.0,True,1.5,1.52,-0.02,0.2367304922727919,0.5,0.5,0.6,0.4,0.0,1.0,higher_p,higher_m,True,"{""durations"":[1500,1000,1500,1000],""alternatives"":[""all"",""all"",""all"",""all""],""attributes"":[""p"",""m"",""p"",""m""]}","[{""x"":183,""y"":400,""t"":-320},{""x"":152,""y"":381,""t"":7},{""x"":211,""y"":406,""t"":329},{""x"":76,""y"":409,""t"":658},{""x"":32,""y"":417,""t"":979},{""x"":13,""y"":437,""t"":1298},{""x"":-11,""y"":381,""t"":1624},{""x"":-7,""y"":394,""t"":1951},{""x"":83,""y"":369,""t"":2266},{""x"":50,""y"":319,""t"":2598},{""x"":89,""y"":322,""t"":2915},{""x"":116,""y"":325,""t"":3236},{""x"":48,""y"":275,""t"":3564},{""x"":187,""y"":327,""t"":3878},{""x"":163,""y"":362,""t"":4215},{""x"":102,""y"":251,""t"":4537},{""x"":106,""y"":325,""t"":4861},{""x"":219,""y"":365,""t"":5179},{""x"":198,""y"":315,""t"":5494},{""x"":219,""y"":325,""t"":5826},{""x"":145,""y"":307,""t"":6153},{""x"":191,""y"":266,""t"":6479},{""x"":134,""y"":297,""t"":6797},{""x"":105,""y"":307,""t"":7116},{""x"":63,""y"":277,""t"":7449},{""x"":40,""y"":269,""t"":7773}]",0,0.9857152566711025,0.014284743328897561,mcutoff,0
184,0,43,catch_5,1.0,630.0,0.4,0.49,3.2,4.3,dominated,dominant,1,1,attributes,1.0,True,1.2800000000000002,2.107,-0.8269999999999995,-0.5938847567017431,0.5,0.5,0.5,0.5,,1.0,,dominant,True,"{""durations"":[1250,1250,1250,1250],""attributes"":[""p"",""m"",""p"",""m""],""alternatives"":[""all"",""all"",""all"",""all""]}","[{""x"":146,""y"":400,""t"":-298},{""x"":97,""y"":363,""t"":6},{""x"":140,""y"":412,""t"":336},{""x"":125,""y"":408,""t"":663},{""x"":169,""y"":427,""t"":994},{""x"":128,""y"":397,""t"":1307},{""x"":89,""y"":311,""t"":1685},{""x"":146,""y"":312,""t"":2006},{""x"":35,""y"":312,""t"":2325},{""x"":20,""y"":295,""t"":2653},{""x"":-57,""y"":312,""t"":2984},{""x"":-67,""y"":283,""t"":3299},{""x"":-83,""y"":282,""t"":3619},{""x"":-20,""y"":266,""t"":3930},{""x"":108,""y"":317,""t"":4249},{""x"":97,""y"":371,""t"":4566},{""x"":155,""y"":351,""t"":4902},{""x"":140,""y"":374,""t"":5250},{""x"":212,""y"":410,""t"":5565},{""x"":152,""y"":359,""t"":5867},{""x"":216,""y"":385,""t"":6191},{""x"":225,""y"":424,""t"":6495},{""x"":198,""y"":413,""t"":6811},{""x"":133,""y"":380,""t"":7132},{""x"":175,""y"":435,""t"":7437}]",1,0.014284743328897561,0.9857152566711025,mcutoff,0
184,0,44,exp_96,0.0,972.0,0.58,0.38,4.9,6.9,higher_p,higher_m,0,1,alternatives,0.0,False,2.842,2.6220000000000003,0.2199999999999997,0.4837536146444008,0.6,0.4,0.5,0.5,0.0,1.0,higher_p,higher_m,True,"{""durations"":[1500,1000,1500,1000],""alternatives"":[0,1,0,1],""attributes"":[""all"",""all"",""all"",""all""]}","[{""x"":56,""y"":307,""t"":-332},{""x"":1,""y"":315,""t"":7},{""x"":-29,""y"":334,""t"":323},{""x"":-44,""y"":319,""t"":635},{""x"":-122,""y"":270,""t"":937},{""x"":-54,""y"":309,""t"":1263},{""x"":14,""y"":336,""t"":1581},{""x"":89,""y"":346,""t"":1902},{""x"":182,""y"":345,""t"":2236},{""x"":226,""y"":359,""t"":2557},{""x"":283,""y"":435,""t"":2867},{""x"":310,""y"":434,""t"":3197},{""x"":353,""y"":434,""t"":3512},{""x"":243,""y"":405,""t"":3836},{""x"":152,""y"":375,""t"":4168},{""x"":27,""y"":349,""t"":4501},{""x"":-54,""y"":308,""t"":4828},{""x"":-98,""y"":270,""t"":5147},{""x"":-64,""y"":301,""t"":5474},{""x"":10,""y"":326,""t"":5795},{""x"":126,""y"":397,""t"":6120},{""x"":214,""y"":468,""t"":6430},{""x"":270,""y"":512,""t"":6773},{""x"":242,""y"":471,""t"":7088},{""x"":283,""y"":485,""t"":7407},{""x"":285,""y"":463,""t"":7732}]",0,0.9857152566711025,0.014284743328897561,mcutoff,0
184,0,45,catch_7,1.0,717.0,0.28,0.48,2.1,5.2,dominated,dominant,1,1,attributes,1.0,True,0.5880000000000001,2.496,-1.908,-1.706518070383866,0.5,0.5,0.5,0.5,,1.0,,dominant,True,"{""durations"":[1250,1250,1250,1250],""attributes"":[""p"",""m"",""p"",""m""],""alternatives"":[""all"",""all"",""all"",""all""]}","[{""x"":115,""y"":343,""t"":-316},{""x"":15,""y"":259,""t"":7},{""x"":119,""y"":271,""t"":339},{""x"":75,""y"":267,""t"":654},{""x"":158,""y"":296,""t"":956},{""x"":118,""y"":390,""t"":1280},{""x"":222,""y"":492,""t"":1608},{""x"":294,""y"":478,""t"":1938},{""x"":317,""y"":457,""t"":2263},{""x"":220,""y"":355,""t"":2583},{""x"":197,""y"":302,""t"":2917},{""x"":170,""y"":343,""t"":3250},{""x"":152,""y"":363,""t"":3585},{""x"":60,""y"":394,""t"":3905},{""x"":161,""y"":466,""t"":4232},{""x"":127,""y"":414,""t"":4559},{""x"":78,""y"":383,""t"":4880},{""x"":126,""y"":413,""t"":5209},{""x"":26,""y"":323,""t"":5522},{""x"":-8,""y"":319,""t"":5838},{""x"":-9,""y"":281,""t"":6167},{""x"":-34,""y"":372,""t"":6484},{""x"":107,""y"":401,""t"":6823},{""x"":94,""y"":363,""t"":7123},{""x"":45,""y"":315,""t"":7479}]",1,0.014284743328897561,0.9857152566711025,mcutoff,0
184,0,46,exp_47,0.0,639.0,0.81,0.48,1.6999999999999995,7.9,higher_p,higher_m,0,1,attributes,1.0,True,1.3769999999999998,3.792,-2.415,-2.2283544163938904,0.5,0.5,0.4,0.6,1.0,1.0,higher_m,higher_m,True,"{""durations"":[1000,1500,1000,1500],""alternatives"":[""all"",""all"",""all"",""all""],""attributes"":[""p"",""m"",""p"",""m""]}","[{""x"":64,""y"":361,""t"":-309},{""x"":117,""y"":344,""t"":7},{""x"":100,""y"":358,""t"":363},{""x"":93,""y"":312,""t"":680},{""x"":161,""y"":313,""t"":1003},{""x"":257,""y"":365,""t"":1320},{""x"":309,""y"":413,""t"":1655},{""x"":280,""y"":437,""t"":1976},{""x"":138,""y"":366,""t"":2296},{""x"":84,""y"":374,""t"":2625},{""x"":-10,""y"":345,""t"":2946},{""x"":-112,""y"":282,""t"":3279},{""x"":-148,""y"":224,""t"":3627},{""x"":-20,""y"":246,""t"":3951},{""x"":33,""y"":305,""t"":4273},{""x"":41,""y"":346,""t"":4601},{""x"":-8,""y"":373,""t"":4877},{""x"":-17,""y"":323,""t"":5187},{""x"":88,""y"":308,""t"":5519},{""x"":114,""y"":283,""t"":5857},{""x"":178,""y"":250,""t"":6185},{""x"":151,""y"":266,""t"":6511},{""x"":145,""y"":263,""t"":6826},{""x"":126,""y"":323,""t"":7154},{""x"":216,""y"":320,""t"":7480}]",0,0.9857152566711025,0.014284743328897561,mcutoff,0
184,0,47,exp_29,0.0,789.0,0.3,0.17,2.0,3.0,higher_p,higher_m,0,1,attributes,1.0,True,0.6,0.51,0.0899999999999999,0.3499494233597794,0.5,0.5,0.4,0.6,1.0,0.0,higher_m,higher_p,True,"{""durations"":[1500,1000,1500,1000],""alternatives"":[""all"",""all"",""all"",""all""],""attributes"":[""m"",""p"",""m"",""p""]}","[{""x"":258,""y"":408,""t"":-455},{""x"":239,""y"":348,""t"":6},{""x"":139,""y"":302,""t"":479},{""x"":144,""y"":326,""t"":902},{""x"":67,""y"":335,""t"":1286},{""x"":89,""y"":235,""t"":1664},{""x"":76,""y"":233,""t"":2044},{""x"":17,""y"":167,""t"":2439},{""x"":12,""y"":224,""t"":2816},{""x"":64,""y"":239,""t"":3193},{""x"":47,""y"":297,""t"":3563},{""x"":28,""y"":304,""t"":3947},{""x"":65,""y"":246,""t"":4287},{""x"":130,""y"":272,""t"":4632},{""x"":177,""y"":289,""t"":4980},{""x"":139,""y"":288,""t"":5332},{""x"":-18,""y"":227,""t"":5678},{""x"":15,""y"":303,""t"":6017},{""x"":11,""y"":325,""t"":6372},{""x"":13,""y"":359,""t"":6717},{""x"":116,""y"":365,""t"":7066},{""x"":98,""y"":289,""t"":7404},{""x"":144,""y"":366,""t"":7758}]",0,0.9857152566711025,0.014284743328897561,mcutoff,0
184,0,48,exp_59,0.0,835.0,0.41,0.21,1.7999999999999998,6.2,higher_p,higher_m,0,1,attributes,1.0,True,0.7379999999999999,1.302,-0.5640000000000002,-0.3231885851028555,0.5,0.5,0.6,0.4,0.0,0.0,higher_p,higher_p,True,"{""durations"":[1000,1500,1000,1500],""alternatives"":[""all"",""all"",""all"",""all""],""attributes"":[""m"",""p"",""m"",""p""]}","[{""x"":379,""y"":393,""t"":-346},{""x"":361,""y"":449,""t"":5},{""x"":328,""y"":467,""t"":374},{""x"":222,""y"":376,""t"":707},{""x"":217,""y"":291,""t"":1039},{""x"":92,""y"":260,""t"":1392},{""x"":77,""y"":290,""t"":1754},{""x"":139,""y"":314,""t"":2501},{""x"":92,""y"":366,""t"":2842},{""x"":-11,""y"":327,""t"":3183},{""x"":0,""y"":358,""t"":3535},{""x"":-41,""y"":320,""t"":3857},{""x"":26,""y"":365,""t"":4202},{""x"":-41,""y"":318,""t"":4550},{""x"":-8,""y"":365,""t"":4888},{""x"":-2,""y"":340,""t"":5225},{""x"":-29,""y"":341,""t"":5561},{""x"":-81,""y"":348,""t"":5898},{""x"":-31,""y"":395,""t"":6356},{""x"":-88,""y"":298,""t"":6778},{""x"":-22,""y"":227,""t"":7197}]",0,0.9857152566711025,0.014284743328897561,mcutoff,0
184,0,49,exp_88,0.0,683.0,0.5,0.38,3.0,4.0,higher_p,higher_m,0,1,alternatives,0.0,False,1.5,1.52,-0.02,0.2367304922727919,0.6,0.4,0.5,0.5,0.0,1.0,higher_p,higher_m,True,"{""durations"":[1500,1000,1500,1000],""alternatives"":[0,1,0,1],""attributes"":[""all"",""all"",""all"",""all""]}","[{""x"":-47,""y"":123,""t"":-376},{""x"":65,""y"":220,""t"":7},{""x"":70,""y"":252,""t"":408},{""x"":170,""y"":238,""t"":779},{""x"":193,""y"":302,""t"":1162},{""x"":240,""y"":316,""t"":1513},{""x"":340,""y"":379,""t"":1843},{""x"":311,""y"":397,""t"":2224},{""x"":191,""y"":433,""t"":2575},{""x"":177,""y"":389,""t"":2921},{""x"":138,""y"":362,""t"":3264},{""x"":136,""y"":365,""t"":3609},{""x"":160,""y"":369,""t"":3949},{""x"":310,""y"":362,""t"":4301},{""x"":392,""y"":358,""t"":4643},{""x"":381,""y"":399,""t"":5008},{""x"":479,""y"":428,""t"":5350},{""x"":346,""y"":316,""t"":5679},{""x"":300,""y"":345,""t"":6024},{""x"":246,""y"":330,""t"":6379},{""x"":188,""y"":384,""t"":6699},{""x"":206,""y"":389,""t"":7057},{""x"":244,""y"":435,""t"":7396}]",0,0.9857152566711025,0.014284743328897561,mcutoff,0
184,0,50,catch_3,1.0,670.0,0.19,0.38,5.8,6.799999999999999,dominated,dominant,1,1,attributes,1.0,True,1.102,2.584,-1.4819999999999998,-1.2680520281742598,0.5,0.5,0.5,0.5,,1.0,,dominant,True,"{""durations"":[1250,1250,1250,1250],""attributes"":[""p"",""m"",""p"",""m""],""alternatives"":[""all"",""all"",""all"",""all""]}","[{""x"":167,""y"":328,""t"":-346},{""x"":190,""y"":362,""t"":6},{""x"":132,""y"":361,""t"":342},{""x"":50,""y"":339,""t"":686},{""x"":162,""y"":374,""t"":1024},{""x"":207,""y"":427,""t"":1433},{""x"":217,""y"":445,""t"":1774},{""x"":190,""y"":460,""t"":2155},{""x"":307,""y"":394,""t"":2494},{""x"":357,""y"":348,""t"":2826},{""x"":331,""y"":341,""t"":3158},{""x"":249,""y"":339,""t"":3498},{""x"":189,""y"":371,""t"":3849},{""x"":75,""y"":414,""t"":4193},{""x"":56,""y"":438,""t"":4522},{""x"":82,""y"":455,""t"":4874},{""x"":21,""y"":399,""t"":5204},{""x"":64,""y"":367,""t"":5557},{""x"":160,""y"":359,""t"":5888},{""x"":167,""y"":368,""t"":6226},{""x"":146,""y"":389,""t"":6552},{""x"":79,""y"":360,""t"":6900},{""x"":39,""y"":369,""t"":7243},{""x"":16,""y"":352,""t"":7578},{""x"":67,""y"":387,""t"":7902}]",1,0.014284743328897561,0.9857152566711025,mcutoff,0
184,0,51,exp_15,0.0,682.0,0.7,0.29,1.7999999999999998,5.0,higher_p,higher_m,0,1,attributes,1.0,True,1.2599999999999998,1.45,-0.1900000000000001,0.0617557805929019,0.5,0.5,0.4,0.6,1.0,1.0,higher_m,higher_m,True,"{""durations"":[1000,1500,1000,1500],""alternatives"":[""all"",""all"",""all"",""all""],""attributes"":[""p"",""m"",""p"",""m""]}","[{""x"":54,""y"":332,""t"":-337},{""x"":-6,""y"":338,""t"":7},{""x"":17,""y"":347,""t"":381},{""x"":-12,""y"":357,""t"":706},{""x"":27,""y"":377,""t"":1026},{""x"":152,""y"":413,""t"":1341},{""x"":148,""y"":400,""t"":1697},{""x"":71,""y"":311,""t"":2007},{""x"":155,""y"":312,""t"":2314},{""x"":63,""y"":300,""t"":2619},{""x"":36,""y"":288,""t"":2947},{""x"":36,""y"":245,""t"":3277},{""x"":31,""y"":240,""t"":3607},{""x"":8,""y"":236,""t"":3932},{""x"":62,""y"":288,""t"":4274},{""x"":100,""y"":307,""t"":4602},{""x"":144,""y"":284,""t"":4924},{""x"":135,""y"":284,""t"":5249},{""x"":187,""y"":195,""t"":5584},{""x"":161,""y"":235,""t"":5984},{""x"":160,""y"":222,""t"":6328},{""x"":162,""y"":222,""t"":6659},{""x"":113,""y"":243,""t"":7013},{""x"":142,""y"":218,""t"":7342},{""x"":148,""y"":239,""t"":7648}]",0,0.9857152566711025,0.014284743328897561,mcutoff,0
184,0,52,exp_64,0.0,654.0,0.72,0.51,4.2,5.2,higher_p,higher_m,0,1,alternatives,0.0,False,3.024,2.652,0.3719999999999999,0.64020159214642,0.6,0.4,0.5,0.5,0.0,1.0,higher_p,higher_m,True,"{""durations"":[1500,1000,1500,1000],""alternatives"":[0,1,0,1],""attributes"":[""all"",""all"",""all"",""all""]}","[{""x"":219,""y"":337,""t"":-320},{""x"":230,""y"":344,""t"":7},{""x"":137,""y"":354,""t"":348},{""x"":87,""y"":305,""t"":686},{""x"":70,""y"":321,""t"":1028},{""x"":34,""y"":323,""t"":1368},{""x"":166,""y"":356,""t"":1677},{""x"":213,""y"":424,""t"":2014},{""x"":244,""y"":462,""t"":2349},{""x"":237,""y"":360,""t"":2672},{""x"":267,""y"":425,""t"":3006},{""x"":337,""y"":492,""t"":3333},{""x"":346,""y"":512,""t"":3696},{""x"":193,""y"":442,""t"":4025},{""x"":144,""y"":425,""t"":4342},{""x"":82,""y"":385,""t"":4651},{""x"":63,""y"":348,""t"":4973},{""x"":107,""y"":363,""t"":5305},{""x"":190,""y"":312,""t"":5650},{""x"":150,""y"":281,""t"":5981},{""x"":154,""y"":325,""t"":6316},{""x"":122,""y"":331,""t"":6662},{""x"":63,""y"":317,""t"":7007},{""x"":53,""y"":350,""t"":7320},{""x"":-65,""y"":411,""t"":7661}]",0,0.9857152566711025,0.014284743328897561,mcutoff,0
184,0,53,exp_113,0.0,677.0,0.49,0.22,4.2,7.9,higher_p,higher_m,0,1,attributes,1.0,True,2.058,1.738,0.3199999999999998,0.5866799156325714,0.5,0.5,0.6,0.4,0.0,1.0,higher_p,higher_m,True,"{""durations"":[1500,1000,1500,1000],""alternatives"":[""all"",""all"",""all"",""all""],""attributes"":[""p"",""m"",""p"",""m""]}","[{""x"":-122,""y"":275,""t"":-326},{""x"":-30,""y"":257,""t"":6},{""x"":-6,""y"":179,""t"":359},{""x"":-113,""y"":164,""t"":687},{""x"":-96,""y"":201,""t"":1023},{""x"":-80,""y"":207,""t"":1359},{""x"":-99,""y"":217,""t"":1831},{""x"":10,""y"":290,""t"":2161},{""x"":67,""y"":324,""t"":2499},{""x"":80,""y"":341,""t"":2807},{""x"":-13,""y"":245,""t"":3154},{""x"":17,""y"":257,""t"":3505},{""x"":-82,""y"":234,""t"":3861},{""x"":-55,""y"":258,""t"":4194},{""x"":-38,""y"":252,""t"":4526},{""x"":-71,""y"":286,""t"":4871},{""x"":-53,""y"":322,""t"":5192},{""x"":-100,""y"":353,""t"":5517},{""x"":-113,""y"":287,""t"":5848},{""x"":-39,""y"":280,""t"":6191},{""x"":78,""y"":322,""t"":6535},{""x"":50,""y"":306,""t"":6878},{""x"":193,""y"":379,""t"":7214},{""x"":194,""y"":379,""t"":7560},{""x"":219,""y"":417,""t"":7890}]",0,0.9857152566711025,0.014284743328897561,mcutoff,0
184,0,54,catch_6,1.0,638.0,0.23,0.59,1.9,2.7,dominated,dominant,1,1,alternatives,0.0,False,0.437,1.593,-1.156,-0.9325122869528244,0.5,0.5,0.5,0.5,,1.0,,dominant,True,"{""durations"":[1250,1250,1250,1250],""attributes"":[""all"",""all"",""all"",""all""],""alternatives"":[0,1,0,1]}","[{""x"":109,""y"":452,""t"":-307},{""x"":191,""y"":469,""t"":6},{""x"":126,""y"":383,""t"":356},{""x"":73,""y"":310,""t"":666},{""x"":41,""y"":285,""t"":985},{""x"":-53,""y"":205,""t"":1312},{""x"":-48,""y"":234,""t"":1625},{""x"":11,""y"":313,""t"":1957},{""x"":91,""y"":275,""t"":2272},{""x"":91,""y"":330,""t"":2600},{""x"":59,""y"":355,""t"":2934},{""x"":117,""y"":388,""t"":3246},{""x"":105,""y"":438,""t"":3611},{""x"":58,""y"":372,""t"":3951},{""x"":-23,""y"":337,""t"":4256},{""x"":22,""y"":337,""t"":4583},{""x"":25,""y"":339,""t"":4911},{""x"":86,""y"":366,""t"":5242},{""x"":171,""y"":384,""t"":5565},{""x"":176,""y"":400,""t"":5899},{""x"":146,""y"":385,""t"":6219},{""x"":208,""y"":394,""t"":6554},{""x"":126,""y"":346,""t"":6889},{""x"":56,""y"":339,""t"":7285}]",1,0.014284743328897561,0.9857152566711025,mcutoff,0
184,0,55,exp_102,0.0,697.0,0.58,0.38,4.9,6.9,higher_p,higher_m,0,1,alternatives,0.0,False,2.842,2.6220000000000003,0.2199999999999997,0.4837536146444008,0.4,0.6,0.5,0.5,1.0,1.0,higher_m,higher_m,True,"{""durations"":[1000,1500,1000,1500],""alternatives"":[0,1,0,1],""attributes"":[""all"",""all"",""all"",""all""]}","[{""x"":209,""y"":355,""t"":-301},{""x"":240,""y"":408,""t"":7},{""x"":198,""y"":388,""t"":336},{""x"":240,""y"":369,""t"":654},{""x"":107,""y"":347,""t"":985},{""x"":-44,""y"":334,""t"":1322},{""x"":8,""y"":363,""t"":1665},{""x"":-38,""y"":444,""t"":1997},{""x"":92,""y"":450,""t"":2316},{""x"":111,""y"":439,""t"":2653},{""x"":34,""y"":412,""t"":3092},{""x"":-52,""y"":376,""t"":3516},{""x"":-31,""y"":414,""t"":3916},{""x"":8,""y"":409,""t"":4300},{""x"":-13,""y"":409,""t"":4702},{""x"":-13,""y"":362,""t"":5084},{""x"":-8,""y"":361,""t"":5466},{""x"":99,""y"":357,""t"":5845},{""x"":138,""y"":372,""t"":6234},{""x"":120,""y"":327,""t"":6590},{""x"":124,""y"":378,""t"":6947},{""x"":122,""y"":368,""t"":7292},{""x"":216,""y"":436,""t"":7632}]",1,0.9857152566711025,0.014284743328897561,mcutoff,0
184,0,56,exp_46,0.0,682.0,0.81,0.48,1.6999999999999995,7.9,higher_p,higher_m,0,1,alternatives,0.0,False,1.3769999999999998,3.792,-2.415,-2.2283544163938904,0.4,0.6,0.5,0.5,1.0,1.0,higher_m,higher_m,True,"{""durations"":[1000,1500,1000,1500],""alternatives"":[0,1,0,1],""attributes"":[""all"",""all"",""all"",""all""]}","[{""x"":124,""y"":426,""t"":-396},{""x"":224,""y"":463,""t"":7},{""x"":164,""y"":485,""t"":350},{""x"":124,""y"":431,""t"":695},{""x"":9,""y"":432,""t"":1040},{""x"":-2,""y"":406,""t"":1386},{""x"":56,""y"":374,""t"":1746},{""x"":120,""y"":382,""t"":2084},{""x"":215,""y"":436,""t"":2433},{""x"":209,""y"":410,""t"":2786},{""x"":118,""y"":388,""t"":3133},{""x"":58,""y"":385,""t"":3479},{""x"":11,""y"":343,""t"":3803},{""x"":-63,""y"":354,""t"":4150},{""x"":-49,""y"":326,""t"":4487},{""x"":-46,""y"":341,""t"":4881},{""x"":-6,""y"":324,""t"":5198},{""x"":159,""y"":366,""t"":5557},{""x"":114,""y"":344,""t"":5915},{""x"":16,""y"":256,""t"":6258},{""x"":96,""y"":303,""t"":6597},{""x"":118,""y"":371,""t"":6944},{""x"":139,""y"":410,""t"":7314}]",0,0.9857152566711025,0.014284743328897561,mcutoff,0
184,0,57,catch_4,1.0,1012.0,0.19,0.31,4.0,7.3,dominated,dominant,1,1,alternatives,0.0,False,0.76,2.263,-1.503,-1.289666551381776,0.5,0.5,0.5,0.5,,1.0,,dominant,True,"{""durations"":[1250,1250,1250,1250],""attributes"":[""all"",""all"",""all"",""all""],""alternatives"":[0,1,0,1]}","[{""x"":108,""y"":311,""t"":-345},{""x"":153,""y"":368,""t"":8},{""x"":180,""y"":352,""t"":469},{""x"":183,""y"":423,""t"":871},{""x"":166,""y"":450,""t"":1286},{""x"":156,""y"":459,""t"":1665},{""x"":63,""y"":409,""t"":2058},{""x"":-33,""y"":359,""t"":2448},{""x"":-178,""y"":348,""t"":2828},{""x"":-75,""y"":350,""t"":3188},{""x"":-23,""y"":369,""t"":3563},{""x"":57,""y"":438,""t"":3942},{""x"":84,""y"":497,""t"":4289},{""x"":124,""y"":394,""t"":4636},{""x"":122,""y"":399,""t"":4996},{""x"":171,""y"":429,""t"":5344},{""x"":104,""y"":427,""t"":5690},{""x"":59,""y"":449,""t"":6047},{""x"":-1,""y"":506,""t"":6397},{""x"":57,""y"":546,""t"":6748},{""x"":31,""y"":532,""t"":7089},{""x"":124,""y"":537,""t"":7426},{""x"":35,""y"":525,""t"":7767},{""x"":57,""y"":497,""t"":8134}]",1,0.014284743328897561,0.9857152566711025,mcutoff,0
184,0,58,exp_25,0.0,665.0,0.3,0.17,2.0,3.0,higher_p,higher_m,0,1,attributes,1.0,True,0.6,0.51,0.0899999999999999,0.3499494233597794,0.5,0.5,0.6,0.4,0.0,1.0,higher_p,higher_m,True,"{""durations"":[1500,1000,1500,1000],""alternatives"":[""all"",""all"",""all"",""all""],""attributes"":[""p"",""m"",""p"",""m""]}","[{""x"":31,""y"":271,""t"":-332},{""x"":77,""y"":281,""t"":7},{""x"":13,""y"":256,""t"":361},{""x"":-2,""y"":254,""t"":700},{""x"":79,""y"":242,""t"":1054},{""x"":210,""y"":347,""t"":1398},{""x"":308,""y"":341,""t"":1827},{""x"":351,""y"":337,""t"":2143},{""x"":431,""y"":398,""t"":2473},{""x"":353,""y"":361,""t"":2823},{""x"":362,""y"":353,""t"":3161},{""x"":464,""y"":387,""t"":3499},{""x"":293,""y"":372,""t"":3836},{""x"":348,""y"":394,""t"":4198},{""x"":299,""y"":394,""t"":4524},{""x"":249,""y"":355,""t"":4863},{""x"":185,""y"":378,""t"":5196},{""x"":79,""y"":347,""t"":5547},{""x"":13,""y"":336,""t"":5898},{""x"":-36,""y"":374,""t"":6236},{""x"":50,""y"":411,""t"":6576},{""x"":42,""y"":397,""t"":6919},{""x"":87,""y"":440,""t"":7246},{""x"":106,""y"":502,""t"":7608}]",0,0.9857152566711025,0.014284743328897561,mcutoff,0
184,0,59,exp_36,0.0,660.0,0.79,0.7,2.0,3.2,higher_p,higher_m,0,1,alternatives,0.0,False,1.58,2.24,-0.6599999999999997,-0.4219978340514987,0.4,0.6,0.5,0.5,1.0,0.0,higher_m,higher_p,True,"{""durations"":[1500,1000,1500,1000],""alternatives"":[1,0,1,0],""attributes"":[""all"",""all"",""all"",""all""]}","[{""x"":121,""y"":405,""t"":-328},{""x"":132,""y"":401,""t"":7},{""x"":165,""y"":471,""t"":340},{""x"":69,""y"":427,""t"":692},{""x"":79,""y"":459,""t"":1033},{""x"":-50,""y"":401,""t"":1373},{""x"":-97,""y"":344,""t"":1704},{""x"":-148,""y"":363,""t"":2041},{""x"":-91,""y"":397,""t"":2392},{""x"":-20,""y"":393,""t"":2724},{""x"":108,""y"":372,""t"":3101},{""x"":82,""y"":312,""t"":3434},{""x"":163,""y"":342,""t"":3766},{""x"":88,""y"":289,""t"":4102},{""x"":52,""y"":311,""t"":4430},{""x"":-48,""y"":250,""t"":4764},{""x"":72,""y"":264,""t"":5096},{""x"":80,""y"":288,""t"":5407},{""x"":167,""y"":305,""t"":5741},{""x"":268,""y"":326,""t"":6084},{""x"":262,""y"":396,""t"":6412},{""x"":268,""y"":454,""t"":6723},{""x"":279,""y"":486,""t"":7047},{""x"":277,""y"":565,""t"":7398},{""x"":377,""y"":589,""t"":7730}]",0,0.9857152566711025,0.014284743328897561,mcutoff,0
184,0,60,exp_52,0.0,650.0,0.49,0.32,6.9,8.2,higher_p,higher_m,0,1,alternatives,0.0,False,3.381,2.624,0.7570000000000006,1.0364678509508771,0.4,0.6,0.5,0.5,1.0,0.0,higher_m,higher_p,True,"{""durations"":[1500,1000,1500,1000],""alternatives"":[1,0,1,0],""attributes"":[""all"",""all"",""all"",""all""]}","[{""x"":80,""y"":464,""t"":-317},{""x"":33,""y"":485,""t"":7},{""x"":33,""y"":457,""t"":360},{""x"":-18,""y"":457,""t"":671},{""x"":-119,""y"":428,""t"":989},{""x"":-89,""y"":374,""t"":1305},{""x"":81,""y"":397,""t"":1637},{""x"":171,""y"":422,""t"":1960},{""x"":141,""y"":474,""t"":2295},{""x"":157,""y"":464,""t"":2641},{""x"":283,""y"":531,""t"":2986},{""x"":275,""y"":511,""t"":3323},{""x"":159,""y"":458,""t"":3687},{""x"":103,""y"":431,""t"":4022},{""x"":54,""y"":445,""t"":4354},{""x"":41,""y"":427,""t"":4698},{""x"":160,""y"":423,""t"":5019},{""x"":290,""y"":416,""t"":5355},{""x"":323,""y"":413,""t"":5712},{""x"":330,""y"":409,""t"":6042},{""x"":363,""y"":361,""t"":6377},{""x"":417,""y"":345,""t"":6706},{""x"":446,""y"":364,""t"":7032},{""x"":402,""y"":352,""t"":7360},{""x"":373,""y"":334,""t"":7709}]",0,0.9857152566711025,0.014284743328897561,mcutoff,0
184,0,61,exp_60,0.0,661.0,0.41,0.21,1.7999999999999998,6.2,higher_p,higher_m,0,1,alternatives,0.0,False,0.7379999999999999,1.302,-0.5640000000000002,-0.3231885851028555,0.4,0.6,0.5,0.5,1.0,0.0,higher_m,higher_p,True,"{""durations"":[1500,1000,1500,1000],""alternatives"":[1,0,1,0],""attributes"":[""all"",""all"",""all"",""all""]}","[{""x"":32,""y"":298,""t"":-324},{""x"":182,""y"":372,""t"":7},{""x"":186,""y"":342,""t"":334},{""x"":100,""y"":357,""t"":664},{""x"":95,""y"":393,""t"":990},{""x"":10,""y"":311,""t"":1331},{""x"":96,""y"":348,""t"":1666},{""x"":85,""y"":382,""t"":1999},{""x"":237,""y"":460,""t"":2323},{""x"":250,""y"":427,""t"":2649},{""x"":320,""y"":394,""t"":2980},{""x"":222,""y"":382,""t"":3307},{""x"":265,""y"":405,""t"":3633},{""x"":189,""y"":337,""t"":3949},{""x"":110,""y"":320,""t"":4377},{""x"":132,""y"":373,""t"":4688},{""x"":113,""y"":382,""t"":5015},{""x"":138,""y"":346,""t"":5336},{""x"":178,""y"":382,""t"":5696},{""x"":269,""y"":457,""t"":6038},{""x"":209,""y"":446,""t"":6424},{""x"":198,""y"":432,""t"":6729},{""x"":203,""y"":455,""t"":7061},{""x"":187,""y"":421,""t"":7405},{""x"":139,""y"":443,""t"":7732}]",0,0.9857152566711025,0.014284743328897561,mcutoff,0
184,0,62,exp_8,0.0,704.0,0.7,0.29,1.7999999999999998,5.0,higher_p,higher_m,0,1,alternatives,0.0,False,1.2599999999999998,1.45,-0.1900000000000001,0.0617557805929019,0.6,0.4,0.5,0.5,0.0,1.0,higher_p,higher_m,True,"{""durations"":[1500,1000,1500,1000],""alternatives"":[0,1,0,1],""attributes"":[""all"",""all"",""all"",""all""]}","[{""x"":5,""y"":427,""t"":-316},{""x"":-2,""y"":407,""t"":7},{""x"":30,""y"":355,""t"":341},{""x"":102,""y"":384,""t"":662},{""x"":209,""y"":392,""t"":1005},{""x"":211,""y"":400,""t"":1335},{""x"":242,""y"":467,""t"":1660},{""x"":318,""y"":472,""t"":1983},{""x"":292,""y"":476,""t"":2328},{""x"":244,""y"":446,""t"":2652},{""x"":170,""y"":493,""t"":2983},{""x"":164,""y"":483,""t"":3307},{""x"":35,""y"":441,""t"":3646},{""x"":-22,""y"":445,""t"":3971},{""x"":-2,""y"":457,""t"":4280},{""x"":73,""y"":428,""t"":4602},{""x"":58,""y"":372,""t"":4920},{""x"":129,""y"":377,""t"":5250},{""x"":107,""y"":311,""t"":5588},{""x"":-5,""y"":295,""t"":5917},{""x"":-72,""y"":264,""t"":6243},{""x"":5,""y"":329,""t"":6598},{""x"":156,""y"":368,""t"":6954},{""x"":146,""y"":392,""t"":7300},{""x"":88,""y"":418,""t"":7610}]",0,0.9857152566711025,0.014284743328897561,mcutoff,0
184,0,63,exp_43,0.0,664.0,0.81,0.48,1.6999999999999995,7.9,higher_p,higher_m,0,1,attributes,1.0,True,1.3769999999999998,3.792,-2.415,-2.2283544163938904,0.5,0.5,0.6,0.4,0.0,0.0,higher_p,higher_p,True,"{""durations"":[1000,1500,1000,1500],""alternatives"":[""all"",""all"",""all"",""all""],""attributes"":[""m"",""p"",""m"",""p""]}","[{""x"":205,""y"":364,""t"":-405},{""x"":181,""y"":405,""t"":104},{""x"":207,""y"":447,""t"":443},{""x"":29,""y"":330,""t"":781},{""x"":6,""y"":317,""t"":1109},{""x"":13,""y"":280,""t"":1423},{""x"":-132,""y"":216,""t"":1759},{""x"":-101,""y"":255,""t"":2085},{""x"":-112,""y"":303,""t"":2427},{""x"":-217,""y"":296,""t"":2742},{""x"":-85,""y"":278,""t"":3064},{""x"":-109,""y"":252,""t"":3384},{""x"":-206,""y"":234,""t"":3735},{""x"":-283,""y"":145,""t"":4076},{""x"":-277,""y"":106,""t"":4467},{""x"":-153,""y"":189,""t"":4813},{""x"":0,""y"":258,""t"":5144},{""x"":10,""y"":319,""t"":5469},{""x"":81,""y"":333,""t"":5815},{""x"":178,""y"":390,""t"":6155},{""x"":290,""y"":434,""t"":6485},{""x"":298,""y"":467,""t"":6810},{""x"":226,""y"":470,""t"":7136},{""x"":185,""y"":433,""t"":7480},{""x"":172,""y"":500,""t"":7801}]",0,0.9857152566711025,0.014284743328897561,mcutoff,0
184,0,64,exp_99,0.0,982.0,0.58,0.38,4.9,6.9,higher_p,higher_m,0,1,attributes,1.0,True,2.842,2.6220000000000003,0.2199999999999997,0.4837536146444008,0.5,0.5,0.6,0.4,0.0,0.0,higher_p,higher_p,True,"{""durations"":[1000,1500,1000,1500],""alternatives"":[""all"",""all"",""all"",""all""],""attributes"":[""m"",""p"",""m"",""p""]}","[{""x"":0,""y"":328,""t"":-317},{""x"":19,""y"":301,""t"":7},{""x"":-17,""y"":310,""t"":353},{""x"":-41,""y"":279,""t"":688},{""x"":-31,""y"":275,""t"":1023},{""x"":-8,""y"":285,""t"":1350},{""x"":-30,""y"":260,""t"":1685},{""x"":-40,""y"":269,""t"":2014},{""x"":92,""y"":353,""t"":2348},{""x"":173,""y"":384,""t"":2684},{""x"":182,""y"":390,""t"":3010},{""x"":128,""y"":331,""t"":3342},{""x"":8,""y"":265,""t"":3693},{""x"":-65,""y"":303,""t"":4021},{""x"":-57,""y"":346,""t"":4352},{""x"":18,""y"":425,""t"":4740},{""x"":-50,""y"":369,""t"":5144},{""x"":-106,""y"":329,""t"":5464},{""x"":-6,""y"":435,""t"":5794},{""x"":58,""y"":429,""t"":6120},{""x"":131,""y"":426,""t"":6452},{""x"":222,""y"":429,""t"":6781},{""x"":238,""y"":441,""t"":7128},{""x"":236,""y"":342,""t"":7449},{""x"":315,""y"":374,""t"":7766},{""x"":334,""y"":376,""t"":8093}]",0,0.9857152566711025,0.014284743328897561,mcutoff,0
184,0,65,exp_30,0.0,774.0,0.3,0.17,2.0,3.0,higher_p,higher_m,0,1,alternatives,0.0,False,0.6,0.51,0.0899999999999999,0.3499494233597794,0.4,0.6,0.5,0.5,1.0,1.0,higher_m,higher_m,True,"{""durations"":[1000,1500,1000,1500],""alternatives"":[0,1,0,1],""attributes"":[""all"",""all"",""all"",""all""]}","[{""x"":318,""y"":347,""t"":-457},{""x"":238,""y"":289,""t"":7},{""x"":191,""y"":285,""t"":404},{""x"":239,""y"":302,""t"":819},{""x"":354,""y"":341,""t"":1204},{""x"":334,""y"":381,""t"":1610},{""x"":173,""y"":325,""t"":2045},{""x"":122,""y"":306,""t"":2443},{""x"":57,""y"":318,""t"":2818},{""x"":51,""y"":266,""t"":3192},{""x"":-39,""y"":285,""t"":3551},{""x"":64,""y"":315,""t"":3917},{""x"":-35,""y"":325,""t"":4258},{""x"":100,""y"":377,""t"":4616},{""x"":146,""y"":428,""t"":4943},{""x"":128,""y"":381,""t"":5287},{""x"":56,""y"":368,""t"":5628},{""x"":51,""y"":374,""t"":5969},{""x"":165,""y"":372,""t"":6318},{""x"":259,""y"":379,""t"":6661},{""x"":282,""y"":386,""t"":7005},{""x"":263,""y"":443,""t"":7367},{""x"":317,""y"":398,""t"":7785},{""x"":256,""y"":370,""t"":8134}]",0,0.9857152566711025,0.014284743328897561,mcutoff,0
184,0,66,catch_8,1.0,809.0,0.22,0.32,3.7,5.0,dominated,dominant,1,1,alternatives,0.0,False,0.8140000000000001,1.6,-0.786,-0.5516849732965938,0.5,0.5,0.5,0.5,,1.0,,dominant,True,"{""durations"":[1250,1250,1250,1250],""attributes"":[""all"",""all"",""all"",""all""],""alternatives"":[0,1,0,1]}","[{""x"":155,""y"":411,""t"":-346},{""x"":190,""y"":412,""t"":8},{""x"":241,""y"":444,""t"":351},{""x"":156,""y"":428,""t"":693},{""x"":123,""y"":359,""t"":1026},{""x"":120,""y"":320,""t"":1506},{""x"":-10,""y"":316,""t"":1846},{""x"":-12,""y"":320,""t"":2186},{""x"":-68,""y"":275,""t"":2524},{""x"":-83,""y"":240,""t"":2858},{""x"":-95,""y"":290,""t"":3204},{""x"":75,""y"":348,""t"":3549},{""x"":96,""y"":286,""t"":3903},{""x"":189,""y"":263,""t"":4237},{""x"":240,""y"":293,""t"":4569},{""x"":294,""y"":296,""t"":4909},{""x"":324,""y"":382,""t"":5268},{""x"":283,""y"":374,""t"":5734},{""x"":265,""y"":367,""t"":6147},{""x"":92,""y"":338,""t"":6538},{""x"":-9,""y"":353,""t"":6924},{""x"":31,""y"":407,""t"":7342},{""x"":103,""y"":412,""t"":7736}]",1,0.014284743328897561,0.9857152566711025,mcutoff,0
184,0,67,exp_74,0.0,879.0,0.8,0.2,4.0,6.799999999999999,higher_p,higher_m,0,1,alternatives,0.0,False,3.2,1.36,1.8400000000000003,2.151159690652763,0.6,0.4,0.5,0.5,0.0,0.0,higher_p,higher_p,True,"{""durations"":[1000,1500,1000,1500],""alternatives"":[1,0,1,0],""attributes"":[""all"",""all"",""all"",""all""]}","[{""x"":-9,""y"":325,""t"":-343},{""x"":91,""y"":404,""t"":9},{""x"":199,""y"":383,""t"":396},{""x"":301,""y"":327,""t"":743},{""x"":290,""y"":355,""t"":1101},{""x"":417,""y"":350,""t"":1444},{""x"":277,""y"":316,""t"":1806},{""x"":165,""y"":305,""t"":2151},{""x"":88,""y"":339,""t"":2514},{""x"":175,""y"":364,""t"":2853},{""x"":177,""y"":395,""t"":3224},{""x"":154,""y"":425,""t"":3589},{""x"":158,""y"":431,""t"":3934},{""x"":173,""y"":426,""t"":4281},{""x"":191,""y"":415,""t"":4622},{""x"":79,""y"":367,""t"":4960},{""x"":-54,""y"":283,""t"":5301},{""x"":-59,""y"":221,""t"":5651},{""x"":-15,""y"":240,""t"":5992},{""x"":-2,""y"":250,""t"":6333},{""x"":-99,""y"":242,""t"":6688},{""x"":-107,""y"":285,""t"":7132},{""x"":-111,""y"":305,""t"":7470},{""x"":-6,""y"":341,""t"":7820}]",0,0.9857152566711025,0.014284743328897561,mcutoff,0
184,0,68,exp_115,0.0,669.0,0.49,0.22,4.2,7.9,higher_p,higher_m,0,1,attributes,1.0,True,2.058,1.738,0.3199999999999998,0.5866799156325714,0.5,0.5,0.6,0.4,0.0,0.0,higher_p,higher_p,True,"{""durations"":[1000,1500,1000,1500],""alternatives"":[""all"",""all"",""all"",""all""],""attributes"":[""m"",""p"",""m"",""p""]}","[{""x"":24,""y"":371,""t"":-322},{""x"":116,""y"":383,""t"":5},{""x"":58,""y"":339,""t"":369},{""x"":-10,""y"":261,""t"":725},{""x"":-19,""y"":192,""t"":1064},{""x"":-74,""y"":162,""t"":1401},{""x"":-24,""y"":198,""t"":1744},{""x"":-18,""y"":272,""t"":2099},{""x"":-90,""y"":236,""t"":2435},{""x"":0,""y"":318,""t"":2783},{""x"":-55,""y"":334,""t"":3122},{""x"":-41,""y"":302,""t"":3474},{""x"":-79,""y"":265,""t"":3808},{""x"":-91,""y"":273,""t"":4145},{""x"":-110,""y"":222,""t"":4553},{""x"":-81,""y"":249,""t"":4891},{""x"":-97,""y"":251,""t"":5244},{""x"":-136,""y"":255,""t"":5576},{""x"":-160,""y"":255,""t"":5910},{""x"":-71,""y"":312,""t"":6246},{""x"":-29,""y"":360,""t"":6582},{""x"":92,""y"":376,""t"":6932},{""x"":86,""y"":405,""t"":7275},{""x"":116,""y"":365,""t"":7604},{""x"":244,""y"":426,""t"":7958}]",0,0.9857152566711025,0.014284743328897561,mcutoff,0
184,0,69,exp_40,0.0,955.0,0.81,0.48,1.6999999999999995,7.9,higher_p,higher_m,0,1,alternatives,0.0,False,1.3769999999999998,3.792,-2.415,-2.2283544163938904,0.6,0.4,0.5,0.5,0.0,1.0,higher_p,higher_m,True,"{""durations"":[1500,1000,1500,1000],""alternatives"":[0,1,0,1],""attributes"":[""all"",""all"",""all"",""all""]}","[{""x"":250,""y"":344,""t"":-326},{""x"":229,""y"":379,""t"":6},{""x"":206,""y"":409,""t"":339},{""x"":247,""y"":422,""t"":651},{""x"":359,""y"":442,""t"":961},{""x"":347,""y"":496,""t"":1296},{""x"":373,""y"":449,""t"":1622},{""x"":361,""y"":502,""t"":1951},{""x"":176,""y"":452,""t"":2277},{""x"":134,""y"":417,""t"":2605},{""x"":156,""y"":406,""t"":2937},{""x"":128,""y"":416,""t"":3275},{""x"":180,""y"":427,""t"":3678},{""x"":236,""y"":396,""t"":4015},{""x"":297,""y"":383,""t"":4349},{""x"":233,""y"":417,""t"":4674},{""x"":222,""y"":435,""t"":5007},{""x"":182,""y"":348,""t"":5389},{""x"":147,""y"":368,""t"":5714},{""x"":77,""y"":306,""t"":6063},{""x"":-1,""y"":300,""t"":6384},{""x"":91,""y"":345,""t"":6701},{""x"":10,""y"":329,""t"":7023},{""x"":23,""y"":379,""t"":7343},{""x"":88,""y"":419,""t"":7669},{""x"":95,""y"":441,""t"":8005}]",0,0.9857152566711025,0.014284743328897561,mcutoff,0
184,1,70,exp_51,0.0,713.0,0.49,0.32,6.9,8.2,higher_p,higher_m,0,1,attributes,1.0,True,3.381,2.624,0.7570000000000006,1.0364678509508771,0.5,0.5,0.6,0.4,0.0,0.0,higher_p,higher_p,True,"{""durations"":[1000,1500,1000,1500],""alternatives"":[""all"",""all"",""all"",""all""],""attributes"":[""m"",""p"",""m"",""p""]}","[{""x"":569,""y"":308,""t"":-355},{""x"":553,""y"":302,""t"":7},{""x"":529,""y"":276,""t"":377},{""x"":551,""y"":301,""t"":735},{""x"":648,""y"":292,""t"":1108},{""x"":662,""y"":251,""t"":1476},{""x"":656,""y"":264,""t"":1850},{""x"":616,""y"":282,""t"":2214},{""x"":576,""y"":361,""t"":2580},{""x"":522,""y"":348,""t"":2935},{""x"":559,""y"":357,""t"":3298},{""x"":571,""y"":343,""t"":3676},{""x"":477,""y"":312,""t"":4012},{""x"":395,""y"":234,""t"":4371},{""x"":356,""y"":215,""t"":4735},{""x"":298,""y"":190,""t"":5104},{""x"":260,""y"":227,""t"":5450},{""x"":320,""y"":274,""t"":5802},{""x"":350,""y"":298,""t"":6169},{""x"":340,""y"":270,""t"":6517},{""x"":324,""y"":249,""t"":6876},{""x"":295,""y"":225,""t"":7233},{""x"":326,""y"":258,""t"":7598}]",0,0.9857152566711025,0.014284743328897561,mcutoff,0
184,1,71,exp_97,0.0,707.0,0.58,0.38,4.9,6.9,higher_p,higher_m,0,1,attributes,1.0,True,2.842,2.6220000000000003,0.2199999999999997,0.4837536146444008,0.5,0.5,0.6,0.4,0.0,1.0,higher_p,higher_m,True,"{""durations"":[1500,1000,1500,1000],""alternatives"":[""all"",""all"",""all"",""all""],""attributes"":[""p"",""m"",""p"",""m""]}","[{""x"":439,""y"":346,""t"":-349},{""x"":455,""y"":361,""t"":7},{""x"":444,""y"":383,""t"":386},{""x"":443,""y"":365,""t"":739},{""x"":482,""y"":366,""t"":1081},{""x"":557,""y"":374,""t"":1444},{""x"":564,""y"":362,""t"":1787},{""x"":653,""y"":422,""t"":2154},{""x"":586,""y"":402,""t"":2492},{""x"":525,""y"":346,""t"":2849},{""x"":526,""y"":350,""t"":3204},{""x"":515,""y"":345,""t"":3563},{""x"":490,""y"":362,""t"":3899},{""x"":555,""y"":372,""t"":4233},{""x"":574,""y"":383,""t"":4597},{""x"":529,""y"":389,""t"":4947},{""x"":516,""y"":328,""t"":5302},{""x"":547,""y"":352,""t"":5685},{""x"":583,""y"":336,""t"":6042},{""x"":596,""y"":335,""t"":6416},{""x"":627,""y"":336,""t"":6767},{""x"":656,""y"":350,""t"":7118},{""x"":634,""y"":337,""t"":7486},{""x"":607,""y"":330,""t"":7868}]",0,0.9857152566711025,0.014284743328897561,mcutoff,0
184,1,72,exp_34,0.0,697.0,0.79,0.7,2.0,3.2,higher_p,higher_m,0,1,alternatives,0.0,False,1.58,2.24,-0.6599999999999997,-0.4219978340514987,0.6,0.4,0.5,0.5,0.0,0.0,higher_p,higher_p,True,"{""durations"":[1000,1500,1000,1500],""alternatives"":[1,0,1,0],""attributes"":[""all"",""all"",""all"",""all""]}","[{""x"":576,""y"":288,""t"":-350},{""x"":552,""y"":253,""t"":7},{""x"":571,""y"":292,""t"":358},{""x"":559,""y"":314,""t"":699},{""x"":492,""y"":395,""t"":1037},{""x"":464,""y"":446,""t"":1380},{""x"":506,""y"":409,""t"":1739},{""x"":576,""y"":391,""t"":2108},{""x"":568,""y"":369,""t"":2442},{""x"":540,""y"":354,""t"":2784},{""x"":426,""y"":362,""t"":3131},{""x"":348,""y"":351,""t"":3469},{""x"":302,""y"":367,""t"":3828},{""x"":236,""y"":368,""t"":4174},{""x"":183,""y"":344,""t"":4516},{""x"":271,""y"":357,""t"":4897},{""x"":357,""y"":381,""t"":5243},{""x"":389,""y"":396,""t"":5580},{""x"":447,""y"":412,""t"":5925},{""x"":503,""y"":393,""t"":6268},{""x"":497,""y"":426,""t"":6607},{""x"":517,""y"":382,""t"":6964},{""x"":504,""y"":383,""t"":7306}]",0,0.9857152566711025,0.014284743328897561,mcutoff,0
184,1,73,exp_48,0.0,1084.0,0.49,0.32,6.9,8.2,higher_p,higher_m,0,1,alternatives,0.0,False,3.381,2.624,0.7570000000000006,1.0364678509508771,0.6,0.4,0.5,0.5,0.0,1.0,higher_p,higher_m,True,"{""durations"":[1500,1000,1500,1000],""alternatives"":[0,1,0,1],""attributes"":[""all"",""all"",""all"",""all""]}","[{""x"":378,""y"":263,""t"":-358},{""x"":363,""y"":249,""t"":9},{""x"":357,""y"":239,""t"":375},{""x"":284,""y"":239,""t"":745},{""x"":204,""y"":255,""t"":1089},{""x"":178,""y"":288,""t"":1432},{""x"":208,""y"":299,""t"":1788},{""x"":203,""y"":313,""t"":2134},{""x"":275,""y"":379,""t"":2488},{""x"":346,""y"":394,""t"":2835},{""x"":406,""y"":391,""t"":3199},{""x"":467,""y"":442,""t"":3553},{""x"":415,""y"":454,""t"":3924},{""x"":407,""y"":427,""t"":4301},{""x"":394,""y"":429,""t"":4662},{""x"":382,""y"":419,""t"":5028},{""x"":437,""y"":402,""t"":5396},{""x"":513,""y"":384,""t"":5728},{""x"":521,""y"":379,""t"":6096},{""x"":519,""y"":365,""t"":6457},{""x"":497,""y"":350,""t"":6835},{""x"":453,""y"":315,""t"":7202},{""x"":378,""y"":254,""t"":7549},{""x"":384,""y"":261,""t"":7895}]",0,0.9857152566711025,0.014284743328897561,mcutoff,0
184,1,74,exp_77,0.0,1080.0,0.8,0.2,4.0,6.799999999999999,higher_p,higher_m,0,1,attributes,1.0,True,3.2,1.36,1.8400000000000003,2.151159690652763,0.5,0.5,0.4,0.6,1.0,0.0,higher_m,higher_p,True,"{""durations"":[1500,1000,1500,1000],""alternatives"":[""all"",""all"",""all"",""all""],""attributes"":[""m"",""p"",""m"",""p""]}","[{""x"":225,""y"":276,""t"":-356},{""x"":165,""y"":253,""t"":7},{""x"":183,""y"":258,""t"":362},{""x"":199,""y"":298,""t"":718},{""x"":151,""y"":310,""t"":1080},{""x"":154,""y"":398,""t"":1443},{""x"":235,""y"":501,""t"":1780},{""x"":208,""y"":472,""t"":2160},{""x"":176,""y"":442,""t"":2527},{""x"":130,""y"":409,""t"":2889},{""x"":133,""y"":365,""t"":3250},{""x"":148,""y"":335,""t"":3627},{""x"":171,""y"":296,""t"":3996},{""x"":201,""y"":273,""t"":4345},{""x"":294,""y"":290,""t"":4709},{""x"":326,""y"":334,""t"":5075},{""x"":324,""y"":312,""t"":5432},{""x"":252,""y"":269,""t"":5789},{""x"":185,""y"":296,""t"":6139},{""x"":144,""y"":255,""t"":6490},{""x"":163,""y"":259,""t"":6867},{""x"":185,""y"":293,""t"":7228},{""x"":211,""y"":250,""t"":7578},{""x"":217,""y"":254,""t"":7934}]",0,0.9857152566711025,0.014284743328897561,mcutoff,0
184,1,75,catch_16,1.0,747.0,0.32,0.37,6.799999999999999,7.800000000000001,dominated,dominant,1,1,alternatives,0.0,False,2.176,2.886,-0.7100000000000004,-0.4734609845455846,0.5,0.5,0.5,0.5,,1.0,,dominant,True,"{""durations"":[1250,1250,1250,1250],""attributes"":[""all"",""all"",""all"",""all""],""alternatives"":[0,1,0,1]}","[{""x"":272,""y"":264,""t"":-350},{""x"":279,""y"":213,""t"":8},{""x"":290,""y"":215,""t"":385},{""x"":219,""y"":238,""t"":707},{""x"":188,""y"":268,""t"":1055},{""x"":157,""y"":279,""t"":1405},{""x"":185,""y"":219,""t"":1745},{""x"":274,""y"":227,""t"":2107},{""x"":362,""y"":313,""t"":2486},{""x"":457,""y"":390,""t"":2842},{""x"":444,""y"":397,""t"":3231},{""x"":354,""y"":355,""t"":3580},{""x"":289,""y"":363,""t"":3930},{""x"":241,""y"":371,""t"":4300},{""x"":225,""y"":368,""t"":4655},{""x"":347,""y"":396,""t"":5013},{""x"":425,""y"":419,""t"":5362},{""x"":486,""y"":393,""t"":5742},{""x"":520,""y"":389,""t"":6114},{""x"":541,""y"":382,""t"":6474},{""x"":561,""y"":388,""t"":6822},{""x"":510,""y"":333,""t"":7163},{""x"":483,""y"":345,""t"":7560},{""x"":514,""y"":376,""t"":7915},{""x"":417,""y"":309,""t"":8266}]",1,0.014284743328897561,0.9857152566711025,mcutoff,0
184,1,76,exp_24,0.0,736.0,0.3,0.17,2.0,3.0,higher_p,higher_m,0,1,alternatives,0.0,False,0.6,0.51,0.0899999999999999,0.3499494233597794,0.6,0.4,0.5,0.5,0.0,1.0,higher_p,higher_m,True,"{""durations"":[1500,1000,1500,1000],""alternatives"":[0,1,0,1],""attributes"":[""all"",""all"",""all"",""all""]}","[{""x"":506,""y"":406,""t"":-358},{""x"":462,""y"":451,""t"":7},{""x"":440,""y"":412,""t"":361},{""x"":383,""y"":433,""t"":692},{""x"":312,""y"":381,""t"":1063},{""x"":273,""y"":311,""t"":1423},{""x"":198,""y"":277,""t"":1777},{""x"":179,""y"":242,""t"":2133},{""x"":278,""y"":254,""t"":2499},{""x"":339,""y"":233,""t"":2843},{""x"":408,""y"":251,""t"":3197},{""x"":444,""y"":269,""t"":3529},{""x"":383,""y"":258,""t"":3869},{""x"":373,""y"":237,""t"":4233},{""x"":279,""y"":211,""t"":4579},{""x"":326,""y"":216,""t"":4928},{""x"":361,""y"":240,""t"":5285},{""x"":401,""y"":259,""t"":5642},{""x"":407,""y"":395,""t"":6009},{""x"":388,""y"":386,""t"":6366},{""x"":373,""y"":366,""t"":6719},{""x"":322,""y"":352,""t"":7107},{""x"":316,""y"":329,""t"":7461},{""x"":219,""y"":339,""t"":7838}]",0,0.9857152566711025,0.014284743328897561,mcutoff,0
184,1,77,exp_111,0.0,805.0,0.78,0.4,2.1,3.0,higher_p,higher_m,0,1,attributes,1.0,True,1.638,1.2000000000000002,0.4379999999999999,0.7081329507986126,0.5,0.5,0.4,0.6,1.0,1.0,higher_m,higher_m,True,"{""durations"":[1000,1500,1000,1500],""alternatives"":[""all"",""all"",""all"",""all""],""attributes"":[""p"",""m"",""p"",""m""]}","[{""x"":285,""y"":246,""t"":-341},{""x"":335,""y"":236,""t"":6},{""x"":246,""y"":249,""t"":380},{""x"":211,""y"":264,""t"":738},{""x"":184,""y"":304,""t"":1076},{""x"":126,""y"":330,""t"":1444},{""x"":196,""y"":377,""t"":1799},{""x"":258,""y"":419,""t"":2145},{""x"":410,""y"":463,""t"":2507},{""x"":456,""y"":420,""t"":2855},{""x"":465,""y"":404,""t"":3222},{""x"":383,""y"":385,""t"":3567},{""x"":334,""y"":407,""t"":3930},{""x"":300,""y"":377,""t"":4289},{""x"":276,""y"":387,""t"":4668},{""x"":323,""y"":439,""t"":5000},{""x"":391,""y"":441,""t"":5340},{""x"":337,""y"":408,""t"":5687},{""x"":332,""y"":360,""t"":6024},{""x"":315,""y"":351,""t"":6387},{""x"":281,""y"":322,""t"":6752},{""x"":265,""y"":335,""t"":7130},{""x"":300,""y"":304,""t"":7474},{""x"":400,""y"":256,""t"":7836}]",0,0.9857152566711025,0.014284743328897561,mcutoff,0
184,1,78,exp_105,0.0,705.0,0.78,0.4,2.1,3.0,higher_p,higher_m,0,1,attributes,1.0,True,1.638,1.2000000000000002,0.4379999999999999,0.7081329507986126,0.5,0.5,0.6,0.4,0.0,1.0,higher_p,higher_m,True,"{""durations"":[1500,1000,1500,1000],""alternatives"":[""all"",""all"",""all"",""all""],""attributes"":[""p"",""m"",""p"",""m""]}","[{""x"":330,""y"":220,""t"":-366},{""x"":339,""y"":212,""t"":10},{""x"":319,""y"":254,""t"":376},{""x"":262,""y"":262,""t"":726},{""x"":229,""y"":293,""t"":1075},{""x"":227,""y"":322,""t"":1427},{""x"":208,""y"":289,""t"":1784},{""x"":272,""y"":320,""t"":2138},{""x"":290,""y"":321,""t"":2473},{""x"":306,""y"":309,""t"":2820},{""x"":356,""y"":348,""t"":3181},{""x"":358,""y"":329,""t"":3518},{""x"":338,""y"":259,""t"":3869},{""x"":397,""y"":236,""t"":4227},{""x"":383,""y"":290,""t"":4584},{""x"":341,""y"":280,""t"":4954},{""x"":351,""y"":234,""t"":5334},{""x"":315,""y"":222,""t"":5686},{""x"":309,""y"":211,""t"":6042},{""x"":293,""y"":201,""t"":6403},{""x"":304,""y"":208,""t"":6757},{""x"":262,""y"":202,""t"":7115},{""x"":241,""y"":253,""t"":7476}]",0,0.9857152566711025,0.014284743328897561,mcutoff,0
184,1,79,exp_17,0.0,722.0,0.28,0.17,4.3,8.3,higher_p,higher_m,0,1,attributes,1.0,True,1.204,1.4110000000000005,-0.2070000000000003,0.0442583094249128,0.5,0.5,0.6,0.4,0.0,1.0,higher_p,higher_m,True,"{""durations"":[1500,1000,1500,1000],""alternatives"":[""all"",""all"",""all"",""all""],""attributes"":[""p"",""m"",""p"",""m""]}","[{""x"":201,""y"":246,""t"":-358},{""x"":205,""y"":244,""t"":7},{""x"":269,""y"":251,""t"":409},{""x"":274,""y"":291,""t"":779},{""x"":275,""y"":303,""t"":1140},{""x"":329,""y"":359,""t"":1479},{""x"":374,""y"":405,""t"":1828},{""x"":393,""y"":444,""t"":2215},{""x"":390,""y"":432,""t"":2554},{""x"":423,""y"":373,""t"":2900},{""x"":423,""y"":391,""t"":3253},{""x"":360,""y"":368,""t"":3614},{""x"":335,""y"":362,""t"":3974},{""x"":346,""y"":379,""t"":4331},{""x"":317,""y"":387,""t"":4692},{""x"":260,""y"":354,""t"":5055},{""x"":262,""y"":374,""t"":5412},{""x"":244,""y"":284,""t"":5777},{""x"":197,""y"":200,""t"":6133},{""x"":155,""y"":274,""t"":6492},{""x"":213,""y"":244,""t"":6867},{""x"":252,""y"":266,""t"":7220},{""x"":304,""y"":267,""t"":7582}]",0,0.9857152566711025,0.014284743328897561,mcutoff,0
184,1,80,exp_76,0.0,625.0,0.8,0.2,4.0,6.799999999999999,higher_p,higher_m,0,1,alternatives,0.0,False,3.2,1.36,1.8400000000000003,2.151159690652763,0.4,0.6,0.5,0.5,1.0,0.0,higher_m,higher_p,True,"{""durations"":[1500,1000,1500,1000],""alternatives"":[1,0,1,0],""attributes"":[""all"",""all"",""all"",""all""]}","[{""x"":369,""y"":201,""t"":-346},{""x"":356,""y"":206,""t"":7},{""x"":332,""y"":213,""t"":402},{""x"":253,""y"":248,""t"":752},{""x"":201,""y"":239,""t"":1083},{""x"":164,""y"":258,""t"":1455},{""x"":125,""y"":243,""t"":1811},{""x"":129,""y"":252,""t"":2197},{""x"":245,""y"":250,""t"":2555},{""x"":341,""y"":327,""t"":2926},{""x"":425,""y"":388,""t"":3269},{""x"":471,""y"":438,""t"":3632},{""x"":439,""y"":416,""t"":3995},{""x"":363,""y"":383,""t"":4338},{""x"":381,""y"":380,""t"":4688},{""x"":362,""y"":392,""t"":5051},{""x"":390,""y"":411,""t"":5403},{""x"":406,""y"":447,""t"":5752},{""x"":443,""y"":471,""t"":6114},{""x"":432,""y"":410,""t"":6597},{""x"":418,""y"":398,""t"":7053},{""x"":375,""y"":364,""t"":7517}]",0,0.9857152566711025,0.014284743328897561,mcutoff,0
184,1,81,exp_28,0.0,788.0,0.3,0.17,2.0,3.0,higher_p,higher_m,0,1,alternatives,0.0,False,0.6,0.51,0.0899999999999999,0.3499494233597794,0.4,0.6,0.5,0.5,1.0,0.0,higher_m,higher_p,True,"{""durations"":[1500,1000,1500,1000],""alternatives"":[1,0,1,0],""attributes"":[""all"",""all"",""all"",""all""]}","[{""x"":381,""y"":350,""t"":-398},{""x"":322,""y"":347,""t"":7},{""x"":266,""y"":299,""t"":476},{""x"":281,""y"":287,""t"":899},{""x"":309,""y"":248,""t"":1293},{""x"":308,""y"":241,""t"":1660},{""x"":336,""y"":276,""t"":2033},{""x"":275,""y"":302,""t"":2447},{""x"":221,""y"":299,""t"":2824},{""x"":163,""y"":303,""t"":3209},{""x"":150,""y"":298,""t"":3595},{""x"":116,""y"":296,""t"":4001},{""x"":207,""y"":415,""t"":4391},{""x"":310,""y"":446,""t"":4746},{""x"":300,""y"":422,""t"":5120},{""x"":255,""y"":398,""t"":5488},{""x"":216,""y"":379,""t"":5875},{""x"":163,""y"":390,""t"":6253},{""x"":127,""y"":378,""t"":6621},{""x"":191,""y"":353,""t"":6998},{""x"":234,""y"":317,""t"":7403},{""x"":273,""y"":342,""t"":7787},{""x"":341,""y"":405,""t"":8158}]",0,0.9857152566711025,0.014284743328897561,mcutoff,0
184,1,82,catch_10,1.0,811.0,0.31,0.51,1.6999999999999995,3.2,dominated,dominant,1,1,alternatives,0.0,False,0.5269999999999999,1.632,-1.1050000000000002,-0.8800198734488578,0.5,0.5,0.5,0.5,,1.0,,dominant,True,"{""durations"":[1250,1250,1250,1250],""attributes"":[""all"",""all"",""all"",""all""],""alternatives"":[0,1,0,1]}","[{""x"":315,""y"":328,""t"":-467},{""x"":349,""y"":316,""t"":-92},{""x"":383,""y"":302,""t"":12},{""x"":418,""y"":326,""t"":686},{""x"":467,""y"":330,""t"":1071},{""x"":484,""y"":340,""t"":1431},{""x"":516,""y"":377,""t"":1798},{""x"":537,""y"":369,""t"":2177},{""x"":464,""y"":368,""t"":2553},{""x"":389,""y"":352,""t"":2929},{""x"":315,""y"":341,""t"":3310},{""x"":231,""y"":330,""t"":3786},{""x"":198,""y"":339,""t"":4247},{""x"":268,""y"":415,""t"":4686},{""x"":272,""y"":459,""t"":5098},{""x"":234,""y"":460,""t"":5543},{""x"":181,""y"":433,""t"":5973},{""x"":159,""y"":476,""t"":6383},{""x"":196,""y"":448,""t"":6797},{""x"":205,""y"":379,""t"":7217},{""x"":193,""y"":349,""t"":7628},{""x"":202,""y"":295,""t"":8033}]",1,0.014284743328897561,0.9857152566711025,mcutoff,0
184,1,83,exp_49,0.0,733.0,0.49,0.32,6.9,8.2,higher_p,higher_m,0,1,attributes,1.0,True,3.381,2.624,0.7570000000000006,1.0364678509508771,0.5,0.5,0.6,0.4,0.0,1.0,higher_p,higher_m,True,"{""durations"":[1500,1000,1500,1000],""alternatives"":[""all"",""all"",""all"",""all""],""attributes"":[""p"",""m"",""p"",""m""]}","[{""x"":255,""y"":309,""t"":-358},{""x"":284,""y"":276,""t"":7},{""x"":277,""y"":276,""t"":390},{""x"":214,""y"":265,""t"":768},{""x"":277,""y"":295,""t"":1139},{""x"":345,""y"":354,""t"":1519},{""x"":302,""y"":360,""t"":1903},{""x"":311,""y"":301,""t"":2298},{""x"":280,""y"":294,""t"":2670},{""x"":280,""y"":228,""t"":3047},{""x"":271,""y"":185,""t"":3432},{""x"":318,""y"":259,""t"":3819},{""x"":262,""y"":305,""t"":4194},{""x"":228,""y"":358,""t"":4569},{""x"":258,""y"":355,""t"":5017},{""x"":297,""y"":369,""t"":5376},{""x"":308,""y"":387,""t"":5757},{""x"":293,""y"":328,""t"":6129},{""x"":248,""y"":335,""t"":6498},{""x"":273,""y"":337,""t"":6852},{""x"":281,""y"":339,""t"":7229},{""x"":282,""y"":305,""t"":7590},{""x"":304,""y"":370,""t"":7970}]",0,0.9857152566711025,0.014284743328897561,mcutoff,0
184,1,84,catch_17,1.0,661.0,0.4,0.68,2.2,3.0,dominated,dominant,1,1,attributes,1.0,True,0.8800000000000001,2.04,-1.16,-0.9366293389923512,0.5,0.5,0.5,0.5,,1.0,,dominant,True,"{""durations"":[1250,1250,1250,1250],""attributes"":[""p"",""m"",""p"",""m""],""alternatives"":[""all"",""all"",""all"",""all""]}","[{""x"":361,""y"":284,""t"":-528},{""x"":331,""y"":251,""t"":7},{""x"":309,""y"":261,""t"":459},{""x"":292,""y"":250,""t"":912},{""x"":347,""y"":294,""t"":1308},{""x"":375,""y"":347,""t"":1720},{""x"":407,""y"":418,""t"":2170},{""x"":401,""y"":420,""t"":2596},{""x"":378,""y"":342,""t"":3019},{""x"":369,""y"":313,""t"":3419},{""x"":354,""y"":294,""t"":3842},{""x"":411,""y"":320,""t"":4230},{""x"":381,""y"":323,""t"":4601},{""x"":428,""y"":408,""t"":4973},{""x"":373,""y"":398,""t"":5343},{""x"":387,""y"":365,""t"":5729},{""x"":353,""y"":323,""t"":6117},{""x"":385,""y"":305,""t"":6494},{""x"":365,""y"":283,""t"":6853},{""x"":388,""y"":313,""t"":7247}]",1,0.014284743328897561,0.9857152566711025,mcutoff,0
184,1,85,exp_62,0.0,858.0,0.41,0.21,1.7999999999999998,6.2,higher_p,higher_m,0,1,alternatives,0.0,False,0.7379999999999999,1.302,-0.5640000000000002,-0.3231885851028555,0.4,0.6,0.5,0.5,1.0,1.0,higher_m,higher_m,True,"{""durations"":[1000,1500,1000,1500],""alternatives"":[0,1,0,1],""attributes"":[""all"",""all"",""all"",""all""]}","[{""x"":398,""y"":372,""t"":-384},{""x"":395,""y"":419,""t"":8},{""x"":310,""y"":413,""t"":381},{""x"":268,""y"":415,""t"":759},{""x"":183,""y"":401,""t"":1137},{""x"":202,""y"":401,""t"":1509},{""x"":245,""y"":410,""t"":1966},{""x"":363,""y"":390,""t"":2344},{""x"":400,""y"":353,""t"":2717},{""x"":437,""y"":318,""t"":3104},{""x"":380,""y"":328,""t"":3488},{""x"":340,""y"":364,""t"":3862},{""x"":265,""y"":335,""t"":4240},{""x"":215,""y"":348,""t"":4604},{""x"":216,""y"":384,""t"":4991},{""x"":201,""y"":361,""t"":5399},{""x"":202,""y"":340,""t"":5787},{""x"":169,""y"":319,""t"":6189},{""x"":174,""y"":305,""t"":6662},{""x"":203,""y"":265,""t"":7100},{""x"":231,""y"":277,""t"":7553},{""x"":310,""y"":320,""t"":7967}]",0,0.9857152566711025,0.014284743328897561,mcutoff,0
184,1,86,exp_93,0.0,1144.0,0.5,0.38,3.0,4.0,higher_p,higher_m,0,1,attributes,1.0,True,1.5,1.52,-0.02,0.2367304922727919,0.5,0.5,0.4,0.6,1.0,0.0,higher_m,higher_p,True,"{""durations"":[1500,1000,1500,1000],""alternatives"":[""all"",""all"",""all"",""all""],""attributes"":[""m"",""p"",""m"",""p""]}","[{""x"":322,""y"":333,""t"":-415},{""x"":317,""y"":313,""t"":8},{""x"":375,""y"":361,""t"":431},{""x"":325,""y"":346,""t"":835},{""x"":302,""y"":321,""t"":1213},{""x"":349,""y"":311,""t"":1598},{""x"":346,""y"":342,""t"":1985},{""x"":339,""y"":344,""t"":2385},{""x"":290,""y"":359,""t"":2771},{""x"":324,""y"":398,""t"":3148},{""x"":426,""y"":424,""t"":3527},{""x"":445,""y"":456,""t"":3907},{""x"":469,""y"":452,""t"":4316},{""x"":431,""y"":402,""t"":4693},{""x"":383,""y"":399,""t"":5064},{""x"":328,""y"":342,""t"":5450},{""x"":311,""y"":269,""t"":5821},{""x"":391,""y"":299,""t"":6196},{""x"":470,""y"":326,""t"":6568},{""x"":405,""y"":330,""t"":6942},{""x"":372,""y"":291,""t"":7347},{""x"":350,""y"":262,""t"":7717},{""x"":390,""y"":291,""t"":8204}]",0,0.9857152566711025,0.014284743328897561,mcutoff,0
184,1,87,exp_16,0.0,736.0,0.28,0.17,4.3,8.3,higher_p,higher_m,0,1,alternatives,0.0,False,1.204,1.4110000000000005,-0.2070000000000003,0.0442583094249128,0.6,0.4,0.5,0.5,0.0,1.0,higher_p,higher_m,True,"{""durations"":[1500,1000,1500,1000],""alternatives"":[0,1,0,1],""attributes"":[""all"",""all"",""all"",""all""]}","[{""x"":428,""y"":285,""t"":-361},{""x"":415,""y"":285,""t"":7},{""x"":383,""y"":303,""t"":383},{""x"":316,""y"":330,""t"":746},{""x"":334,""y"":339,""t"":1104},{""x"":373,""y"":356,""t"":1492},{""x"":419,""y"":371,""t"":1856},{""x"":466,""y"":387,""t"":2283},{""x"":435,""y"":388,""t"":2661},{""x"":444,""y"":362,""t"":3036},{""x"":460,""y"":389,""t"":3413},{""x"":456,""y"":397,""t"":3791},{""x"":425,""y"":357,""t"":4171},{""x"":348,""y"":325,""t"":4523},{""x"":318,""y"":318,""t"":4879},{""x"":328,""y"":422,""t"":5246},{""x"":332,""y"":433,""t"":5627},{""x"":366,""y"":401,""t"":6007},{""x"":416,""y"":398,""t"":6393},{""x"":425,""y"":361,""t"":6760},{""x"":445,""y"":380,""t"":7125},{""x"":397,""y"":358,""t"":7500}]",0,0.9857152566711025,0.014284743328897561,mcutoff,0
184,1,88,exp_21,0.0,1088.0,0.28,0.17,4.3,8.3,higher_p,higher_m,0,1,attributes,1.0,True,1.204,1.4110000000000005,-0.2070000000000003,0.0442583094249128,0.5,0.5,0.4,0.6,1.0,0.0,higher_m,higher_p,True,"{""durations"":[1500,1000,1500,1000],""alternatives"":[""all"",""all"",""all"",""all""],""attributes"":[""m"",""p"",""m"",""p""]}","[{""x"":444,""y"":413,""t"":-364},{""x"":524,""y"":419,""t"":6},{""x"":499,""y"":437,""t"":397},{""x"":511,""y"":357,""t"":754},{""x"":590,""y"":309,""t"":1128},{""x"":616,""y"":282,""t"":1496},{""x"":622,""y"":292,""t"":1872},{""x"":630,""y"":282,""t"":2267},{""x"":630,""y"":319,""t"":2624},{""x"":720,""y"":344,""t"":2965},{""x"":639,""y"":336,""t"":3338},{""x"":591,""y"":308,""t"":3706},{""x"":502,""y"":328,""t"":4131},{""x"":423,""y"":286,""t"":4494},{""x"":367,""y"":287,""t"":4865},{""x"":376,""y"":310,""t"":5219},{""x"":416,""y"":332,""t"":5620},{""x"":445,""y"":370,""t"":5989},{""x"":494,""y"":378,""t"":6342},{""x"":478,""y"":354,""t"":6724},{""x"":504,""y"":376,""t"":7216},{""x"":550,""y"":368,""t"":7650},{""x"":563,""y"":362,""t"":8109}]",0,0.9857152566711025,0.014284743328897561,mcutoff,0
184,1,89,exp_86,0.0,766.0,0.61,0.29,2.2,8.1,higher_p,higher_m,0,1,alternatives,0.0,False,1.342,2.349,-1.0069999999999997,-0.7791520984804502,0.4,0.6,0.5,0.5,1.0,1.0,higher_m,higher_m,True,"{""durations"":[1000,1500,1000,1500],""alternatives"":[0,1,0,1],""attributes"":[""all"",""all"",""all"",""all""]}","[{""x"":521,""y"":325,""t"":-403},{""x"":527,""y"":374,""t"":8},{""x"":539,""y"":366,""t"":444},{""x"":553,""y"":347,""t"":862},{""x"":616,""y"":336,""t"":1254},{""x"":623,""y"":358,""t"":1647},{""x"":620,""y"":357,""t"":2014},{""x"":566,""y"":375,""t"":2382},{""x"":544,""y"":364,""t"":2776},{""x"":569,""y"":379,""t"":3155},{""x"":595,""y"":377,""t"":3558},{""x"":591,""y"":371,""t"":3932},{""x"":578,""y"":364,""t"":4299},{""x"":589,""y"":354,""t"":4673},{""x"":543,""y"":359,""t"":5057},{""x"":477,""y"":331,""t"":5425},{""x"":441,""y"":314,""t"":5810},{""x"":428,""y"":346,""t"":6184},{""x"":445,""y"":362,""t"":6557},{""x"":511,""y"":361,""t"":6937},{""x"":532,""y"":369,""t"":7326},{""x"":529,""y"":364,""t"":7698}]",0,0.9857152566711025,0.014284743328897561,mcutoff,0
184,1,90,exp_41,0.0,929.0,0.81,0.48,1.6999999999999995,7.9,higher_p,higher_m,0,1,attributes,1.0,True,1.3769999999999998,3.792,-2.415,-2.2283544163938904,0.5,0.5,0.6,0.4,0.0,1.0,higher_p,higher_m,True,"{""durations"":[1500,1000,1500,1000],""alternatives"":[""all"",""all"",""all"",""all""],""attributes"":[""p"",""m"",""p"",""m""]}","[{""x"":537,""y"":369,""t"":-359},{""x"":537,""y"":405,""t"":6},{""x"":526,""y"":384,""t"":401},{""x"":557,""y"":397,""t"":772},{""x"":595,""y"":461,""t"":1162},{""x"":562,""y"":456,""t"":1545},{""x"":521,""y"":406,""t"":1924},{""x"":544,""y"":369,""t"":2290},{""x"":588,""y"":329,""t"":2654},{""x"":614,""y"":317,""t"":3036},{""x"":649,""y"":344,""t"":3424},{""x"":622,""y"":358,""t"":3930},{""x"":563,""y"":354,""t"":4382},{""x"":475,""y"":368,""t"":4844},{""x"":399,""y"":387,""t"":5262},{""x"":360,""y"":351,""t"":5683},{""x"":410,""y"":358,""t"":6080},{""x"":449,""y"":353,""t"":6494},{""x"":489,""y"":353,""t"":6905},{""x"":504,""y"":379,""t"":7325},{""x"":535,""y"":392,""t"":7727},{""x"":554,""y"":391,""t"":8120}]",0,0.9857152566711025,0.014284743328897561,mcutoff,0
184,1,91,exp_106,0.0,745.0,0.78,0.4,2.1,3.0,higher_p,higher_m,0,1,alternatives,0.0,False,1.638,1.2000000000000002,0.4379999999999999,0.7081329507986126,0.6,0.4,0.5,0.5,0.0,0.0,higher_p,higher_p,True,"{""durations"":[1000,1500,1000,1500],""alternatives"":[1,0,1,0],""attributes"":[""all"",""all"",""all"",""all""]}","[{""x"":482,""y"":364,""t"":-480},{""x"":542,""y"":372,""t"":-93},{""x"":569,""y"":408,""t"":8},{""x"":537,""y"":397,""t"":661},{""x"":504,""y"":412,""t"":1021},{""x"":481,""y"":430,""t"":1392},{""x"":536,""y"":409,""t"":1776},{""x"":540,""y"":422,""t"":2159},{""x"":522,""y"":405,""t"":2540},{""x"":568,""y"":373,""t"":2908},{""x"":614,""y"":360,""t"":3274},{""x"":563,""y"":364,""t"":3666},{""x"":510,""y"":377,""t"":4037},{""x"":505,""y"":419,""t"":4413},{""x"":525,""y"":411,""t"":4804},{""x"":535,""y"":386,""t"":5187},{""x"":555,""y"":374,""t"":5694},{""x"":543,""y"":418,""t"":6068},{""x"":545,""y"":415,""t"":6447},{""x"":547,""y"":428,""t"":6805},{""x"":530,""y"":412,""t"":7195},{""x"":522,""y"":403,""t"":7557},{""x"":531,""y"":442,""t"":7927}]",0,0.9857152566711025,0.014284743328897561,mcutoff,0
184,1,92,exp_56,0.0,838.0,0.41,0.21,1.7999999999999998,6.2,higher_p,higher_m,0,1,alternatives,0.0,False,0.7379999999999999,1.302,-0.5640000000000002,-0.3231885851028555,0.6,0.4,0.5,0.5,0.0,1.0,higher_p,higher_m,True,"{""durations"":[1500,1000,1500,1000],""alternatives"":[0,1,0,1],""attributes"":[""all"",""all"",""all"",""all""]}","[{""x"":420,""y"":425,""t"":-455},{""x"":426,""y"":413,""t"":-79},{""x"":441,""y"":395,""t"":0},{""x"":468,""y"":389,""t"":674},{""x"":452,""y"":405,""t"":1046},{""x"":476,""y"":405,""t"":1429},{""x"":511,""y"":416,""t"":1795},{""x"":522,""y"":402,""t"":2180},{""x"":582,""y"":398,""t"":2544},{""x"":545,""y"":380,""t"":2904},{""x"":586,""y"":397,""t"":3272},{""x"":607,""y"":380,""t"":3643},{""x"":505,""y"":378,""t"":4017},{""x"":504,""y"":400,""t"":4402},{""x"":466,""y"":401,""t"":4759},{""x"":469,""y"":409,""t"":5133},{""x"":471,""y"":417,""t"":5506},{""x"":573,""y"":397,""t"":5855},{""x"":634,""y"":401,""t"":6218},{""x"":518,""y"":397,""t"":6599},{""x"":491,""y"":416,""t"":6979},{""x"":505,""y"":420,""t"":7358},{""x"":466,""y"":539,""t"":7733}]",0,0.9857152566711025,0.014284743328897561,mcutoff,0
184,1,93,exp_66,0.0,604.0,0.72,0.51,4.2,5.2,higher_p,higher_m,0,1,alternatives,0.0,False,3.024,2.652,0.3719999999999999,0.64020159214642,0.6,0.4,0.5,0.5,0.0,0.0,higher_p,higher_p,True,"{""durations"":[1000,1500,1000,1500],""alternatives"":[1,0,1,0],""attributes"":[""all"",""all"",""all"",""all""]}","[{""x"":459,""y"":473,""t"":-436},{""x"":487,""y"":463,""t"":-77},{""x"":538,""y"":422,""t"":0},{""x"":575,""y"":379,""t"":649},{""x"":623,""y"":418,""t"":1000},{""x"":665,""y"":389,""t"":1371},{""x"":664,""y"":429,""t"":1732},{""x"":602,""y"":444,""t"":2165},{""x"":542,""y"":502,""t"":2528},{""x"":475,""y"":483,""t"":2868},{""x"":461,""y"":452,""t"":3236},{""x"":465,""y"":499,""t"":3598},{""x"":532,""y"":441,""t"":3957},{""x"":591,""y"":404,""t"":4315},{""x"":578,""y"":402,""t"":4690},{""x"":566,""y"":384,""t"":5043},{""x"":529,""y"":366,""t"":5402},{""x"":464,""y"":358,""t"":5769},{""x"":450,""y"":380,""t"":6125},{""x"":396,""y"":407,""t"":6601},{""x"":377,""y"":383,""t"":7047},{""x"":417,""y"":418,""t"":7489}]",0,0.9857152566711025,0.014284743328897561,mcutoff,0
184,1,94,exp_75,0.0,1141.0,0.8,0.2,4.0,6.799999999999999,higher_p,higher_m,0,1,attributes,1.0,True,3.2,1.36,1.8400000000000003,2.151159690652763,0.5,0.5,0.6,0.4,0.0,0.0,higher_p,higher_p,True,"{""durations"":[1000,1500,1000,1500],""alternatives"":[""all"",""all"",""all"",""all""],""attributes"":[""m"",""p"",""m"",""p""]}","[{""x"":379,""y"":380,""t"":-415},{""x"":454,""y"":363,""t"":9},{""x"":475,""y"":330,""t"":446},{""x"":539,""y"":323,""t"":848},{""x"":609,""y"":338,""t"":1242},{""x"":610,""y"":431,""t"":1623},{""x"":574,""y"":429,""t"":2034},{""x"":510,""y"":445,""t"":2411},{""x"":536,""y"":448,""t"":2797},{""x"":522,""y"":466,""t"":3194},{""x"":499,""y"":495,""t"":3562},{""x"":494,""y"":474,""t"":3966},{""x"":502,""y"":465,""t"":4324},{""x"":450,""y"":452,""t"":4709},{""x"":495,""y"":464,""t"":5079},{""x"":491,""y"":466,""t"":5458},{""x"":445,""y"":457,""t"":5823},{""x"":438,""y"":450,""t"":6190},{""x"":411,""y"":418,""t"":6561},{""x"":431,""y"":410,""t"":6940},{""x"":446,""y"":386,""t"":7322},{""x"":473,""y"":390,""t"":7703},{""x"":482,""y"":367,""t"":8218}]",0,0.9857152566711025,0.014284743328897561,mcutoff,0
184,1,95,exp_55,0.0,743.0,0.49,0.32,6.9,8.2,higher_p,higher_m,0,1,attributes,1.0,True,3.381,2.624,0.7570000000000006,1.0364678509508771,0.5,0.5,0.4,0.6,1.0,1.0,higher_m,higher_m,True,"{""durations"":[1000,1500,1000,1500],""alternatives"":[""all"",""all"",""all"",""all""],""attributes"":[""p"",""m"",""p"",""m""]}","[{""x"":584,""y"":380,""t"":-377},{""x"":588,""y"":350,""t"":7},{""x"":577,""y"":336,""t"":386},{""x"":530,""y"":324,""t"":767},{""x"":526,""y"":398,""t"":1135},{""x"":525,""y"":445,""t"":1513},{""x"":514,""y"":460,""t"":1878},{""x"":454,""y"":380,""t"":2239},{""x"":432,""y"":319,""t"":2630},{""x"":469,""y"":299,""t"":3012},{""x"":475,""y"":350,""t"":3393},{""x"":467,""y"":365,""t"":3782},{""x"":433,""y"":340,""t"":4162},{""x"":436,""y"":353,""t"":4533},{""x"":408,""y"":328,""t"":4898},{""x"":426,""y"":333,""t"":5270},{""x"":418,""y"":298,""t"":5642},{""x"":479,""y"":282,""t"":6019},{""x"":558,""y"":295,""t"":6390},{""x"":560,""y"":323,""t"":6742},{""x"":571,""y"":324,""t"":7105},{""x"":582,""y"":367,""t"":7493},{""x"":598,""y"":386,""t"":7868}]",0,0.9857152566711025,0.014284743328897561,mcutoff,0
184,1,96,exp_109,0.0,728.0,0.78,0.4,2.1,3.0,higher_p,higher_m,0,1,attributes,1.0,True,1.638,1.2000000000000002,0.4379999999999999,0.7081329507986126,0.5,0.5,0.4,0.6,1.0,0.0,higher_m,higher_p,True,"{""durations"":[1500,1000,1500,1000],""alternatives"":[""all"",""all"",""all"",""all""],""attributes"":[""m"",""p"",""m"",""p""]}","[{""x"":539,""y"":379,""t"":-341},{""x"":587,""y"":384,""t"":6},{""x"":516,""y"":378,""t"":373},{""x"":396,""y"":377,""t"":739},{""x"":410,""y"":360,""t"":1084},{""x"":438,""y"":342,""t"":1435},{""x"":475,""y"":336,""t"":1792},{""x"":483,""y"":319,""t"":2164},{""x"":501,""y"":343,""t"":2510},{""x"":564,""y"":351,""t"":2861},{""x"":571,""y"":371,""t"":3224},{""x"":578,""y"":418,""t"":3577},{""x"":591,""y"":429,""t"":3949},{""x"":584,""y"":430,""t"":4386},{""x"":560,""y"":383,""t"":4722},{""x"":512,""y"":380,""t"":5088},{""x"":484,""y"":351,""t"":5447},{""x"":538,""y"":333,""t"":5804},{""x"":481,""y"":343,""t"":6162},{""x"":532,""y"":353,""t"":6510},{""x"":540,""y"":399,""t"":6872},{""x"":535,""y"":411,""t"":7255},{""x"":479,""y"":465,""t"":7627}]",0,0.9857152566711025,0.014284743328897561,mcutoff,0
184,1,97,exp_100,0.0,708.0,0.58,0.38,4.9,6.9,higher_p,higher_m,0,1,alternatives,0.0,False,2.842,2.6220000000000003,0.2199999999999997,0.4837536146444008,0.4,0.6,0.5,0.5,1.0,0.0,higher_m,higher_p,True,"{""durations"":[1500,1000,1500,1000],""alternatives"":[1,0,1,0],""attributes"":[""all"",""all"",""all"",""all""]}","[{""x"":456,""y"":441,""t"":-365},{""x"":485,""y"":422,""t"":7},{""x"":532,""y"":384,""t"":374},{""x"":464,""y"":339,""t"":736},{""x"":402,""y"":347,""t"":1078},{""x"":364,""y"":346,""t"":1436},{""x"":403,""y"":379,""t"":1798},{""x"":473,""y"":375,""t"":2186},{""x"":513,""y"":369,""t"":2555},{""x"":571,""y"":443,""t"":2916},{""x"":612,""y"":410,""t"":3256},{""x"":662,""y"":359,""t"":3583},{""x"":563,""y"":363,""t"":3928},{""x"":451,""y"":349,""t"":4289},{""x"":488,""y"":379,""t"":4651},{""x"":512,""y"":393,""t"":5011},{""x"":556,""y"":413,""t"":5403},{""x"":579,""y"":334,""t"":5788},{""x"":632,""y"":332,""t"":6132},{""x"":678,""y"":323,""t"":6485},{""x"":661,""y"":329,""t"":6899},{""x"":662,""y"":355,""t"":7269},{""x"":613,""y"":362,""t"":7615},{""x"":638,""y"":385,""t"":7990}]",0,0.9857152566711025,0.014284743328897561,mcutoff,0
184,1,98,catch_15,1.0,892.0,0.22,0.49,3.0,4.9,dominated,dominant,1,1,attributes,1.0,True,0.66,2.401,-1.741,-1.5346311477336216,0.5,0.5,0.5,0.5,,1.0,,dominant,True,"{""durations"":[1250,1250,1250,1250],""attributes"":[""p"",""m"",""p"",""m""],""alternatives"":[""all"",""all"",""all"",""all""]}","[{""x"":580,""y"":408,""t"":-333},{""x"":553,""y"":399,""t"":8},{""x"":558,""y"":398,""t"":376},{""x"":574,""y"":359,""t"":732},{""x"":551,""y"":372,""t"":1087},{""x"":554,""y"":392,""t"":1446},{""x"":557,""y"":439,""t"":1806},{""x"":564,""y"":415,""t"":2177},{""x"":605,""y"":377,""t"":2520},{""x"":638,""y"":361,""t"":2875},{""x"":597,""y"":362,""t"":3242},{""x"":584,""y"":388,""t"":3716},{""x"":585,""y"":385,""t"":4167},{""x"":603,""y"":394,""t"":4605},{""x"":539,""y"":408,""t"":5011},{""x"":507,""y"":417,""t"":5440},{""x"":495,""y"":399,""t"":5868},{""x"":529,""y"":405,""t"":6286},{""x"":524,""y"":402,""t"":6699},{""x"":534,""y"":408,""t"":7110},{""x"":559,""y"":445,""t"":7531},{""x"":565,""y"":464,""t"":7911},{""x"":567,""y"":474,""t"":8286}]",1,0.014284743328897561,0.9857152566711025,mcutoff,0
184,1,99,exp_33,0.0,746.0,0.79,0.7,2.0,3.2,higher_p,higher_m,0,1,attributes,1.0,True,1.58,2.24,-0.6599999999999997,-0.4219978340514987,0.5,0.5,0.6,0.4,0.0,1.0,higher_p,higher_m,True,"{""durations"":[1500,1000,1500,1000],""alternatives"":[""all"",""all"",""all"",""all""],""attributes"":[""p"",""m"",""p"",""m""]}","[{""x"":500,""y"":373,""t"":-456},{""x"":525,""y"":351,""t"":-90},{""x"":526,""y"":341,""t"":6},{""x"":534,""y"":348,""t"":676},{""x"":466,""y"":365,""t"":1045},{""x"":409,""y"":384,""t"":1401},{""x"":459,""y"":404,""t"":1777},{""x"":471,""y"":485,""t"":2159},{""x"":453,""y"":478,""t"":2524},{""x"":511,""y"":415,""t"":2898},{""x"":571,""y"":401,""t"":3287},{""x"":586,""y"":398,""t"":3668},{""x"":550,""y"":416,""t"":4041},{""x"":538,""y"":478,""t"":4517},{""x"":480,""y"":440,""t"":4868},{""x"":471,""y"":410,""t"":5250},{""x"":462,""y"":378,""t"":5623},{""x"":536,""y"":383,""t"":5989},{""x"":536,""y"":401,""t"":6342},{""x"":545,""y"":385,""t"":6730},{""x"":546,""y"":369,""t"":7113},{""x"":546,""y"":354,""t"":7480}]",0,0.9857152566711025,0.014284743328897561,mcutoff,0
184,1,100,exp_6,0.0,730.0,0.79,0.49,5.300000000000001,8.3,higher_p,higher_m,0,1,alternatives,0.0,False,4.187000000000001,4.067,0.120000000000001,0.3808273136562316,0.4,0.6,0.5,0.5,1.0,1.0,higher_m,higher_m,True,"{""durations"":[1000,1500,1000,1500],""alternatives"":[0,1,0,1],""attributes"":[""all"",""all"",""all"",""all""]}","[{""x"":559,""y"":406,""t"":-492},{""x"":554,""y"":398,""t"":8},{""x"":476,""y"":361,""t"":497},{""x"":435,""y"":373,""t"":908},{""x"":378,""y"":356,""t"":1328},{""x"":364,""y"":337,""t"":1761},{""x"":450,""y"":360,""t"":2181},{""x"":524,""y"":334,""t"":2597},{""x"":579,""y"":362,""t"":2978},{""x"":594,""y"":361,""t"":3381},{""x"":585,""y"":437,""t"":3786},{""x"":531,""y"":431,""t"":4163},{""x"":443,""y"":436,""t"":4536},{""x"":377,""y"":418,""t"":4923},{""x"":377,""y"":377,""t"":5320},{""x"":447,""y"":357,""t"":5676},{""x"":518,""y"":346,""t"":6045},{""x"":514,""y"":340,""t"":6430},{""x"":508,""y"":346,""t"":6784},{""x"":480,""y"":305,""t"":7158},{""x"":490,""y"":306,""t"":7524}]",0,0.9857152566711025,0.014284743328897561,mcutoff,0
184,1,101,exp_5,0.0,816.0,0.79,0.49,5.300000000000001,8.3,higher_p,higher_m,0,1,attributes,1.0,True,4.187000000000001,4.067,0.120000000000001,0.3808273136562316,0.5,0.5,0.4,0.6,1.0,0.0,higher_m,higher_p,True,"{""durations"":[1500,1000,1500,1000],""alternatives"":[""all"",""all"",""all"",""all""],""attributes"":[""m"",""p"",""m"",""p""]}","[{""x"":495,""y"":374,""t"":-373},{""x"":500,""y"":380,""t"":7},{""x"":499,""y"":363,""t"":410},{""x"":398,""y"":293,""t"":768},{""x"":297,""y"":260,""t"":1239},{""x"":234,""y"":235,""t"":1601},{""x"":236,""y"":206,""t"":1960},{""x"":325,""y"":255,""t"":2379},{""x"":310,""y"":276,""t"":2729},{""x"":298,""y"":344,""t"":3100},{""x"":384,""y"":357,""t"":3473},{""x"":335,""y"":374,""t"":3851},{""x"":297,""y"":321,""t"":4205},{""x"":273,""y"":245,""t"":4590},{""x"":338,""y"":260,""t"":4957},{""x"":404,""y"":281,""t"":5360},{""x"":472,""y"":277,""t"":5858},{""x"":498,""y"":333,""t"":6290},{""x"":510,""y"":426,""t"":6729},{""x"":483,""y"":416,""t"":7138},{""x"":485,""y"":397,""t"":7551}]",0,0.9857152566711025,0.014284743328897561,mcutoff,0
184,1,102,catch_13,1.0,580.0,0.21,0.52,1.7999999999999998,2.8,dominated,dominant,1,1,attributes,1.0,True,0.3779999999999999,1.456,-1.078,-0.8522297721820516,0.5,0.5,0.5,0.5,,1.0,,dominant,True,"{""durations"":[1250,1250,1250,1250],""attributes"":[""p"",""m"",""p"",""m""],""alternatives"":[""all"",""all"",""all"",""all""]}","[{""x"":445,""y"":324,""t"":-405},{""x"":449,""y"":318,""t"":6},{""x"":456,""y"":294,""t"":412},{""x"":367,""y"":317,""t"":799},{""x"":302,""y"":274,""t"":1179},{""x"":272,""y"":288,""t"":1574},{""x"":225,""y"":381,""t"":1944},{""x"":195,""y"":396,""t"":2324},{""x"":175,""y"":373,""t"":2696},{""x"":149,""y"":322,""t"":3055},{""x"":170,""y"":319,""t"":3430},{""x"":213,""y"":296,""t"":3803},{""x"":224,""y"":275,""t"":4179},{""x"":250,""y"":307,""t"":4550},{""x"":226,""y"":347,""t"":4932},{""x"":222,""y"":366,""t"":5306},{""x"":234,""y"":358,""t"":5675},{""x"":293,""y"":371,""t"":6043},{""x"":335,""y"":382,""t"":6417},{""x"":379,""y"":336,""t"":6791},{""x"":405,""y"":328,""t"":7165},{""x"":353,""y"":339,""t"":7656},{""x"":402,""y"":382,""t"":8041}]",1,0.014284743328897561,0.9857152566711025,mcutoff,0
184,1,103,exp_61,0.0,841.0,0.41,0.21,1.7999999999999998,6.2,higher_p,higher_m,0,1,attributes,1.0,True,0.7379999999999999,1.302,-0.5640000000000002,-0.3231885851028555,0.5,0.5,0.4,0.6,1.0,0.0,higher_m,higher_p,True,"{""durations"":[1500,1000,1500,1000],""alternatives"":[""all"",""all"",""all"",""all""],""attributes"":[""m"",""p"",""m"",""p""]}","[{""x"":372,""y"":360,""t"":-375},{""x"":387,""y"":324,""t"":6},{""x"":326,""y"":334,""t"":373},{""x"":278,""y"":315,""t"":749},{""x"":323,""y"":331,""t"":1127},{""x"":334,""y"":224,""t"":1506},{""x"":364,""y"":278,""t"":1876},{""x"":395,""y"":308,""t"":2352},{""x"":401,""y"":377,""t"":2771},{""x"":506,""y"":391,""t"":3207},{""x"":522,""y"":402,""t"":3608},{""x"":564,""y"":461,""t"":4031},{""x"":564,""y"":429,""t"":4454},{""x"":556,""y"":397,""t"":4885},{""x"":530,""y"":372,""t"":5272},{""x"":532,""y"":377,""t"":5682},{""x"":548,""y"":408,""t"":6079},{""x"":526,""y"":408,""t"":6461},{""x"":517,""y"":425,""t"":6820},{""x"":478,""y"":423,""t"":7201},{""x"":483,""y"":377,""t"":7557},{""x"":473,""y"":389,""t"":7948}]",0,0.9857152566711025,0.014284743328897561,mcutoff,0
184,1,104,exp_54,0.0,911.0,0.49,0.32,6.9,8.2,higher_p,higher_m,0,1,alternatives,0.0,False,3.381,2.624,0.7570000000000006,1.0364678509508771,0.4,0.6,0.5,0.5,1.0,1.0,higher_m,higher_m,True,"{""durations"":[1000,1500,1000,1500],""alternatives"":[0,1,0,1],""attributes"":[""all"",""all"",""all"",""all""]}","[{""x"":372,""y"":359,""t"":-374},{""x"":363,""y"":349,""t"":7},{""x"":343,""y"":369,""t"":382},{""x"":245,""y"":360,""t"":732},{""x"":199,""y"":384,""t"":1102},{""x"":204,""y"":382,""t"":1485},{""x"":247,""y"":401,""t"":1858},{""x"":349,""y"":433,""t"":2241},{""x"":470,""y"":450,""t"":2614},{""x"":507,""y"":488,""t"":2996},{""x"":519,""y"":466,""t"":3484},{""x"":500,""y"":457,""t"":3850},{""x"":430,""y"":424,""t"":4198},{""x"":462,""y"":395,""t"":4567},{""x"":422,""y"":381,""t"":4964},{""x"":442,""y"":362,""t"":5336},{""x"":461,""y"":406,""t"":5702},{""x"":546,""y"":370,""t"":6082},{""x"":597,""y"":379,""t"":6483},{""x"":575,""y"":383,""t"":6885},{""x"":514,""y"":361,""t"":7373},{""x"":486,""y"":335,""t"":7811}]",0,0.9857152566711025,0.014284743328897561,mcutoff,0
184,1,105,exp_12,0.0,750.0,0.7,0.29,1.7999999999999998,5.0,higher_p,higher_m,0,1,alternatives,0.0,False,1.2599999999999998,1.45,-0.1900000000000001,0.0617557805929019,0.4,0.6,0.5,0.5,1.0,0.0,higher_m,higher_p,True,"{""durations"":[1500,1000,1500,1000],""alternatives"":[1,0,1,0],""attributes"":[""all"",""all"",""all"",""all""]}","[{""x"":519,""y"":376,""t"":-711},{""x"":501,""y"":420,""t"":-134},{""x"":557,""y"":400,""t"":0},{""x"":536,""y"":382,""t"":699},{""x"":478,""y"":393,""t"":1105},{""x"":415,""y"":388,""t"":1511},{""x"":454,""y"":394,""t"":1908},{""x"":496,""y"":373,""t"":2316},{""x"":559,""y"":395,""t"":2713},{""x"":584,""y"":421,""t"":3077},{""x"":609,""y"":399,""t"":3463},{""x"":639,""y"":414,""t"":3840},{""x"":667,""y"":384,""t"":4233},{""x"":687,""y"":406,""t"":4609},{""x"":669,""y"":421,""t"":4976},{""x"":657,""y"":365,""t"":5347},{""x"":641,""y"":367,""t"":5750},{""x"":596,""y"":357,""t"":6144},{""x"":605,""y"":331,""t"":6526},{""x"":537,""y"":360,""t"":6904},{""x"":529,""y"":360,""t"":7276},{""x"":474,""y"":345,""t"":7676}]",0,0.9857152566711025,0.014284743328897561,mcutoff,0
184,1,106,exp_44,0.0,748.0,0.81,0.48,1.6999999999999995,7.9,higher_p,higher_m,0,1,alternatives,0.0,False,1.3769999999999998,3.792,-2.415,-2.2283544163938904,0.4,0.6,0.5,0.5,1.0,0.0,higher_m,higher_p,True,"{""durations"":[1500,1000,1500,1000],""alternatives"":[1,0,1,0],""attributes"":[""all"",""all"",""all"",""all""]}","[{""x"":365,""y"":350,""t"":-407},{""x"":377,""y"":350,""t"":8},{""x"":362,""y"":349,""t"":418},{""x"":376,""y"":358,""t"":794},{""x"":392,""y"":392,""t"":1181},{""x"":384,""y"":399,""t"":1547},{""x"":395,""y"":407,""t"":1926},{""x"":410,""y"":397,""t"":2297},{""x"":353,""y"":388,""t"":2674},{""x"":316,""y"":382,""t"":3039},{""x"":373,""y"":426,""t"":3424},{""x"":367,""y"":352,""t"":3823},{""x"":345,""y"":363,""t"":4209},{""x"":377,""y"":369,""t"":4578},{""x"":387,""y"":346,""t"":4954},{""x"":380,""y"":338,""t"":5328},{""x"":336,""y"":360,""t"":5721},{""x"":319,""y"":364,""t"":6070},{""x"":303,""y"":387,""t"":6423},{""x"":339,""y"":394,""t"":6806},{""x"":391,""y"":367,""t"":7181},{""x"":414,""y"":336,""t"":7557},{""x"":371,""y"":314,""t"":7926}]",0,0.9857152566711025,0.014284743328897561,mcutoff,0
184,1,107,exp_72,0.0,865.0,0.8,0.2,4.0,6.799999999999999,higher_p,higher_m,0,1,alternatives,0.0,False,3.2,1.36,1.8400000000000003,2.151159690652763,0.6,0.4,0.5,0.5,0.0,1.0,higher_p,higher_m,True,"{""durations"":[1500,1000,1500,1000],""alternatives"":[0,1,0,1],""attributes"":[""all"",""all"",""all"",""all""]}","[{""x"":468,""y"":341,""t"":-359},{""x"":472,""y"":321,""t"":7},{""x"":437,""y"":293,""t"":381},{""x"":355,""y"":298,""t"":751},{""x"":255,""y"":298,""t"":1104},{""x"":192,""y"":312,""t"":1443},{""x"":156,""y"":337,""t"":1811},{""x"":136,""y"":398,""t"":2204},{""x"":255,""y"":408,""t"":2555},{""x"":358,""y"":397,""t"":2939},{""x"":403,""y"":399,""t"":3309},{""x"":472,""y"":415,""t"":3684},{""x"":409,""y"":382,""t"":4052},{""x"":380,""y"":375,""t"":4434},{""x"":404,""y"":362,""t"":4794},{""x"":444,""y"":364,""t"":5153},{""x"":433,""y"":388,""t"":5519},{""x"":484,""y"":381,""t"":5877},{""x"":523,""y"":395,""t"":6233},{""x"":525,""y"":398,""t"":6593},{""x"":535,""y"":387,""t"":6958},{""x"":543,""y"":326,""t"":7381},{""x"":524,""y"":354,""t"":7773}]",0,0.9857152566711025,0.014284743328897561,mcutoff,0
184,1,108,exp_32,0.0,737.0,0.79,0.7,2.0,3.2,higher_p,higher_m,0,1,alternatives,0.0,False,1.58,2.24,-0.6599999999999997,-0.4219978340514987,0.6,0.4,0.5,0.5,0.0,1.0,higher_p,higher_m,True,"{""durations"":[1500,1000,1500,1000],""alternatives"":[0,1,0,1],""attributes"":[""all"",""all"",""all"",""all""]}","[{""x"":488,""y"":322,""t"":-336},{""x"":491,""y"":347,""t"":8},{""x"":470,""y"":374,""t"":390},{""x"":436,""y"":369,""t"":752},{""x"":370,""y"":377,""t"":1106},{""x"":400,""y"":377,""t"":1482},{""x"":443,""y"":362,""t"":1837},{""x"":514,""y"":412,""t"":2214},{""x"":556,""y"":456,""t"":2576},{""x"":555,""y"":427,""t"":2949},{""x"":615,""y"":459,""t"":3312},{""x"":525,""y"":447,""t"":3672},{""x"":441,""y"":438,""t"":4020},{""x"":337,""y"":447,""t"":4393},{""x"":353,""y"":455,""t"":4759},{""x"":375,""y"":426,""t"":5131},{""x"":379,""y"":423,""t"":5494},{""x"":468,""y"":455,""t"":5854},{""x"":470,""y"":470,""t"":6233},{""x"":487,""y"":405,""t"":6602},{""x"":529,""y"":372,""t"":6976},{""x"":476,""y"":370,""t"":7346},{""x"":380,""y"":347,""t"":7710}]",0,0.9857152566711025,0.014284743328897561,mcutoff,0
184,1,109,exp_87,0.0,831.0,0.61,0.29,2.2,8.1,higher_p,higher_m,0,1,attributes,1.0,True,1.342,2.349,-1.0069999999999997,-0.7791520984804502,0.5,0.5,0.4,0.6,1.0,1.0,higher_m,higher_m,True,"{""durations"":[1000,1500,1000,1500],""alternatives"":[""all"",""all"",""all"",""all""],""attributes"":[""p"",""m"",""p"",""m""]}","[{""x"":360,""y"":374,""t"":-371},{""x"":391,""y"":341,""t"":8},{""x"":393,""y"":345,""t"":417},{""x"":338,""y"":338,""t"":815},{""x"":421,""y"":365,""t"":1176},{""x"":503,""y"":381,""t"":1529},{""x"":560,""y"":395,""t"":1899},{""x"":561,""y"":417,""t"":2252},{""x"":573,""y"":391,""t"":2608},{""x"":511,""y"":384,""t"":2974},{""x"":516,""y"":340,""t"":3341},{""x"":513,""y"":430,""t"":3711},{""x"":501,""y"":428,""t"":4074},{""x"":491,""y"":391,""t"":4426},{""x"":471,""y"":368,""t"":4795},{""x"":496,""y"":434,""t"":5190},{""x"":494,""y"":438,""t"":5532},{""x"":468,""y"":477,""t"":5908},{""x"":485,""y"":461,""t"":6268},{""x"":497,""y"":464,""t"":6616},{""x"":532,""y"":433,""t"":7011},{""x"":546,""y"":397,""t"":7376},{""x"":560,""y"":418,""t"":7827}]",0,0.9857152566711025,0.014284743328897561,mcutoff,0
184,1,110,catch_11,1.0,582.0,0.18,0.58,1.6999999999999995,5.0,dominated,dominant,1,1,attributes,1.0,True,0.3059999999999999,2.9,-2.594,-2.412592495162716,0.5,0.5,0.5,0.5,,1.0,,dominant,True,"{""durations"":[1250,1250,1250,1250],""attributes"":[""p"",""m"",""p"",""m""],""alternatives"":[""all"",""all"",""all"",""all""]}","[{""x"":542,""y"":632,""t"":-348},{""x"":527,""y"":575,""t"":7},{""x"":461,""y"":555,""t"":378},{""x"":417,""y"":449,""t"":757},{""x"":499,""y"":421,""t"":1122},{""x"":533,""y"":367,""t"":1478},{""x"":551,""y"":336,""t"":1841},{""x"":582,""y"":333,""t"":2198},{""x"":611,""y"":304,""t"":2564},{""x"":600,""y"":287,""t"":2926},{""x"":515,""y"":298,""t"":3286},{""x"":525,""y"":297,""t"":3652},{""x"":513,""y"":272,""t"":4035},{""x"":481,""y"":276,""t"":4401},{""x"":526,""y"":330,""t"":4774},{""x"":536,""y"":352,""t"":5127},{""x"":526,""y"":340,""t"":5529},{""x"":513,""y"":346,""t"":6021},{""x"":481,""y"":365,""t"":6463},{""x"":473,""y"":346,""t"":6909},{""x"":478,""y"":351,""t"":7328},{""x"":441,""y"":362,""t"":7780},{""x"":483,""y"":373,""t"":8203}]",1,0.014284743328897561,0.9857152566711025,mcutoff,0
184,1,111,exp_7,0.0,574.0,0.79,0.49,5.300000000000001,8.3,higher_p,higher_m,0,1,attributes,1.0,True,4.187000000000001,4.067,0.120000000000001,0.3808273136562316,0.5,0.5,0.4,0.6,1.0,1.0,higher_m,higher_m,True,"{""durations"":[1000,1500,1000,1500],""alternatives"":[""all"",""all"",""all"",""all""],""attributes"":[""p"",""m"",""p"",""m""]}","[{""x"":495,""y"":430,""t"":-393},{""x"":522,""y"":431,""t"":6},{""x"":556,""y"":428,""t"":404},{""x"":623,""y"":425,""t"":793},{""x"":657,""y"":377,""t"":1466},{""x"":645,""y"":412,""t"":1852},{""x"":608,""y"":378,""t"":2253},{""x"":560,""y"":338,""t"":2633},{""x"":503,""y"":278,""t"":3018},{""x"":530,""y"":286,""t"":3384},{""x"":464,""y"":250,""t"":3759},{""x"":450,""y"":284,""t"":4129},{""x"":459,""y"":324,""t"":4507},{""x"":457,""y"":352,""t"":4889},{""x"":495,""y"":382,""t"":5289},{""x"":515,""y"":380,""t"":5768},{""x"":478,""y"":397,""t"":6179},{""x"":482,""y"":367,""t"":6609},{""x"":491,""y"":361,""t"":6995},{""x"":514,""y"":367,""t"":7401},{""x"":530,""y"":348,""t"":7848},{""x"":542,""y"":405,""t"":8284}]",0,0.9857152566711025,0.014284743328897561,mcutoff,0
184,1,112,exp_11,0.0,888.0,0.7,0.29,1.7999999999999998,5.0,higher_p,higher_m,0,1,attributes,1.0,True,1.2599999999999998,1.45,-0.1900000000000001,0.0617557805929019,0.5,0.5,0.6,0.4,0.0,0.0,higher_p,higher_p,True,"{""durations"":[1000,1500,1000,1500],""alternatives"":[""all"",""all"",""all"",""all""],""attributes"":[""m"",""p"",""m"",""p""]}","[{""x"":477,""y"":371,""t"":-387},{""x"":514,""y"":366,""t"":7},{""x"":536,""y"":369,""t"":403},{""x"":515,""y"":444,""t"":804},{""x"":533,""y"":449,""t"":1184},{""x"":516,""y"":451,""t"":1552},{""x"":502,""y"":431,""t"":1923},{""x"":528,""y"":440,""t"":2315},{""x"":537,""y"":475,""t"":2699},{""x"":594,""y"":455,""t"":3078},{""x"":607,""y"":445,""t"":3455},{""x"":616,""y"":435,""t"":3832},{""x"":572,""y"":404,""t"":4227},{""x"":534,""y"":403,""t"":4607},{""x"":466,""y"":364,""t"":4973},{""x"":455,""y"":426,""t"":5378},{""x"":443,""y"":391,""t"":5764},{""x"":476,""y"":426,""t"":6121},{""x"":484,""y"":428,""t"":6511},{""x"":531,""y"":410,""t"":6926},{""x"":537,""y"":451,""t"":7298},{""x"":498,""y"":440,""t"":7686},{""x"":543,""y"":424,""t"":8068}]",0,0.9857152566711025,0.014284743328897561,mcutoff,0
184,1,113,exp_81,0.0,740.0,0.61,0.29,2.2,8.1,higher_p,higher_m,0,1,attributes,1.0,True,1.342,2.349,-1.0069999999999997,-0.7791520984804502,0.5,0.5,0.6,0.4,0.0,1.0,higher_p,higher_m,True,"{""durations"":[1500,1000,1500,1000],""alternatives"":[""all"",""all"",""all"",""all""],""attributes"":[""p"",""m"",""p"",""m""]}","[{""x"":565,""y"":407,""t"":-377},{""x"":577,""y"":392,""t"":8},{""x"":527,""y"":404,""t"":397},{""x"":537,""y"":411,""t"":780},{""x"":542,""y"":438,""t"":1163},{""x"":500,""y"":409,""t"":1522},{""x"":450,""y"":415,""t"":1891},{""x"":391,""y"":449,""t"":2282},{""x"":426,""y"":431,""t"":2664},{""x"":487,""y"":405,""t"":3035},{""x"":514,""y"":423,""t"":3391},{""x"":457,""y"":434,""t"":3768},{""x"":438,""y"":455,""t"":4140},{""x"":497,""y"":466,""t"":4525},{""x"":557,""y"":469,""t"":4896},{""x"":578,""y"":469,""t"":5258},{""x"":607,""y"":472,""t"":5623},{""x"":566,""y"":498,""t"":6003},{""x"":530,""y"":492,""t"":6390},{""x"":499,""y"":457,""t"":6766},{""x"":500,""y"":419,""t"":7129},{""x"":498,""y"":402,""t"":7513},{""x"":435,""y"":385,""t"":7880}]",0,0.9857152566711025,0.014284743328897561,mcutoff,0
184,1,114,exp_14,0.0,746.0,0.7,0.29,1.7999999999999998,5.0,higher_p,higher_m,0,1,alternatives,0.0,False,1.2599999999999998,1.45,-0.1900000000000001,0.0617557805929019,0.4,0.6,0.5,0.5,1.0,1.0,higher_m,higher_m,True,"{""durations"":[1000,1500,1000,1500],""alternatives"":[0,1,0,1],""attributes"":[""all"",""all"",""all"",""all""]}","[{""x"":437,""y"":348,""t"":-364},{""x"":446,""y"":333,""t"":8},{""x"":494,""y"":328,""t"":404},{""x"":511,""y"":329,""t"":783},{""x"":600,""y"":370,""t"":1144},{""x"":638,""y"":394,""t"":1520},{""x"":658,""y"":390,""t"":1888},{""x"":565,""y"":401,""t"":2254},{""x"":483,""y"":370,""t"":2631},{""x"":426,""y"":373,""t"":2981},{""x"":470,""y"":399,""t"":3356},{""x"":503,""y"":390,""t"":3711},{""x"":555,""y"":391,""t"":4078},{""x"":611,""y"":419,""t"":4435},{""x"":639,""y"":442,""t"":4807},{""x"":571,""y"":416,""t"":5197},{""x"":593,""y"":482,""t"":5550},{""x"":548,""y"":472,""t"":5905},{""x"":601,""y"":492,""t"":6290},{""x"":612,""y"":503,""t"":6665},{""x"":637,""y"":464,""t"":7045},{""x"":610,""y"":465,""t"":7412},{""x"":566,""y"":543,""t"":7785}]",0,0.9857152566711025,0.014284743328897561,mcutoff,0
184,1,115,exp_119,0.0,730.0,0.49,0.22,4.2,7.9,higher_p,higher_m,0,1,attributes,1.0,True,2.058,1.738,0.3199999999999998,0.5866799156325714,0.5,0.5,0.4,0.6,1.0,1.0,higher_m,higher_m,True,"{""durations"":[1000,1500,1000,1500],""alternatives"":[""all"",""all"",""all"",""all""],""attributes"":[""p"",""m"",""p"",""m""]}","[{""x"":-132,""y"":607,""t"":-339},{""x"":-55,""y"":584,""t"":7},{""x"":13,""y"":482,""t"":378},{""x"":100,""y"":432,""t"":722},{""x"":228,""y"":511,""t"":1067},{""x"":291,""y"":479,""t"":1425},{""x"":351,""y"":456,""t"":1812},{""x"":387,""y"":424,""t"":2169},{""x"":462,""y"":414,""t"":2522},{""x"":504,""y"":412,""t"":2876},{""x"":577,""y"":378,""t"":3229},{""x"":527,""y"":361,""t"":3611},{""x"":547,""y"":360,""t"":3973},{""x"":531,""y"":349,""t"":4330},{""x"":531,""y"":325,""t"":4674},{""x"":528,""y"":348,""t"":5040},{""x"":566,""y"":401,""t"":5397},{""x"":569,""y"":374,""t"":5768},{""x"":560,""y"":381,""t"":6153},{""x"":532,""y"":371,""t"":6527},{""x"":542,""y"":366,""t"":6896},{""x"":517,""y"":388,""t"":7264},{""x"":454,""y"":384,""t"":7617}]",0,0.9857152566711025,0.014284743328897561,mcutoff,0
184,1,116,exp_92,0.0,735.0,0.5,0.38,3.0,4.0,higher_p,higher_m,0,1,alternatives,0.0,False,1.5,1.52,-0.02,0.2367304922727919,0.4,0.6,0.5,0.5,1.0,0.0,higher_m,higher_p,True,"{""durations"":[1500,1000,1500,1000],""alternatives"":[1,0,1,0],""attributes"":[""all"",""all"",""all"",""all""]}","[{""x"":450,""y"":395,""t"":-367},{""x"":482,""y"":373,""t"":7},{""x"":459,""y"":354,""t"":375},{""x"":389,""y"":350,""t"":717},{""x"":349,""y"":338,""t"":1061},{""x"":350,""y"":348,""t"":1412},{""x"":404,""y"":338,""t"":1768},{""x"":464,""y"":354,""t"":2134},{""x"":535,""y"":404,""t"":2489},{""x"":598,""y"":470,""t"":2847},{""x"":665,""y"":469,""t"":3207},{""x"":636,""y"":503,""t"":3581},{""x"":562,""y"":485,""t"":3944},{""x"":595,""y"":505,""t"":4301},{""x"":635,""y"":460,""t"":4656},{""x"":668,""y"":422,""t"":5026},{""x"":656,""y"":379,""t"":5382},{""x"":740,""y"":419,""t"":5739},{""x"":709,""y"":384,""t"":6099},{""x"":669,""y"":389,""t"":6472},{""x"":623,""y"":394,""t"":6866},{""x"":598,""y"":389,""t"":7210},{""x"":591,""y"":421,""t"":7557}]",0,0.9857152566711025,0.014284743328897561,mcutoff,0
184,1,117,exp_79,0.0,759.0,0.8,0.2,4.0,6.799999999999999,higher_p,higher_m,0,1,attributes,1.0,True,3.2,1.36,1.8400000000000003,2.151159690652763,0.5,0.5,0.4,0.6,1.0,1.0,higher_m,higher_m,True,"{""durations"":[1000,1500,1000,1500],""alternatives"":[""all"",""all"",""all"",""all""],""attributes"":[""p"",""m"",""p"",""m""]}","[{""x"":596,""y"":569,""t"":-345},{""x"":622,""y"":507,""t"":6},{""x"":595,""y"":470,""t"":369},{""x"":529,""y"":453,""t"":715},{""x"":576,""y"":429,""t"":1063},{""x"":646,""y"":450,""t"":1421},{""x"":615,""y"":421,""t"":1824},{""x"":603,""y"":394,""t"":2183},{""x"":556,""y"":342,""t"":2584},{""x"":514,""y"":333,""t"":2953},{""x"":506,""y"":302,""t"":3306},{""x"":513,""y"":276,""t"":3681},{""x"":574,""y"":274,""t"":4017},{""x"":618,""y"":256,""t"":4377},{""x"":613,""y"":253,""t"":4723},{""x"":594,""y"":256,""t"":5112},{""x"":578,""y"":288,""t"":5476},{""x"":610,""y"":246,""t"":5839},{""x"":536,""y"":255,""t"":6210},{""x"":458,""y"":240,""t"":6572},{""x"":405,""y"":269,""t"":6972},{""x"":413,""y"":262,""t"":7334},{""x"":460,""y"":298,""t"":7707}]",0,0.9857152566711025,0.014284743328897561,mcutoff,0
184,1,118,exp_0,0.0,760.0,0.79,0.49,5.300000000000001,8.3,higher_p,higher_m,0,1,alternatives,0.0,False,4.187000000000001,4.067,0.120000000000001,0.3808273136562316,0.6,0.4,0.5,0.5,0.0,1.0,higher_p,higher_m,True,"{""durations"":[1500,1000,1500,1000],""alternatives"":[0,1,0,1],""attributes"":[""all"",""all"",""all"",""all""]}","[{""x"":454,""y"":441,""t"":-429},{""x"":509,""y"":448,""t"":9},{""x"":497,""y"":402,""t"":463},{""x"":454,""y"":413,""t"":887},{""x"":404,""y"":391,""t"":1333},{""x"":370,""y"":391,""t"":1737},{""x"":444,""y"":389,""t"":2164},{""x"":519,""y"":392,""t"":2581},{""x"":565,""y"":407,""t"":3008},{""x"":622,""y"":400,""t"":3413},{""x"":651,""y"":403,""t"":3787},{""x"":586,""y"":392,""t"":4189},{""x"":518,""y"":403,""t"":4572},{""x"":491,""y"":394,""t"":4993},{""x"":423,""y"":403,""t"":5384},{""x"":443,""y"":392,""t"":5780},{""x"":406,""y"":360,""t"":6168},{""x"":445,""y"":389,""t"":6535},{""x"":459,""y"":376,""t"":6909},{""x"":458,""y"":347,""t"":7284},{""x"":422,""y"":333,""t"":7655},{""x"":404,""y"":275,""t"":8054}]",0,0.9857152566711025,0.014284743328897561,mcutoff,0
184,1,119,exp_83,0.0,700.0,0.61,0.29,2.2,8.1,higher_p,higher_m,0,1,attributes,1.0,True,1.342,2.349,-1.0069999999999997,-0.7791520984804502,0.5,0.5,0.6,0.4,0.0,0.0,higher_p,higher_p,True,"{""durations"":[1000,1500,1000,1500],""alternatives"":[""all"",""all"",""all"",""all""],""attributes"":[""m"",""p"",""m"",""p""]}","[{""x"":504,""y"":291,""t"":-361},{""x"":523,""y"":311,""t"":10},{""x"":465,""y"":328,""t"":405},{""x"":355,""y"":312,""t"":790},{""x"":408,""y"":386,""t"":1543},{""x"":473,""y"":313,""t"":1916},{""x"":532,""y"":332,""t"":2321},{""x"":535,""y"":351,""t"":2677},{""x"":546,""y"":324,""t"":3073},{""x"":522,""y"":373,""t"":3427},{""x"":270,""y"":490,""t"":3792},{""x"":278,""y"":484,""t"":4176},{""x"":295,""y"":443,""t"":4550},{""x"":249,""y"":415,""t"":4919},{""x"":290,""y"":398,""t"":5313},{""x"":384,""y"":370,""t"":5823},{""x"":468,""y"":339,""t"":6262},{""x"":494,""y"":394,""t"":6688},{""x"":509,""y"":366,""t"":7105},{""x"":529,""y"":351,""t"":7547},{""x"":521,""y"":315,""t"":7962}]",0,0.9857152566711025,0.014284743328897561,mcutoff,0
184,1,120,exp_38,0.0,832.0,0.79,0.7,2.0,3.2,higher_p,higher_m,0,1,alternatives,0.0,False,1.58,2.24,-0.6599999999999997,-0.4219978340514987,0.4,0.6,0.5,0.5,1.0,1.0,higher_m,higher_m,True,"{""durations"":[1000,1500,1000,1500],""alternatives"":[0,1,0,1],""attributes"":[""all"",""all"",""all"",""all""]}","[{""x"":531,""y"":351,""t"":-417},{""x"":486,""y"":343,""t"":7},{""x"":485,""y"":343,""t"":409},{""x"":512,""y"":355,""t"":790},{""x"":511,""y"":348,""t"":1160},{""x"":472,""y"":290,""t"":1536},{""x"":354,""y"":235,""t"":1928},{""x"":317,""y"":222,""t"":2310},{""x"":331,""y"":255,""t"":2683},{""x"":318,""y"":276,""t"":3055},{""x"":257,""y"":268,""t"":3434},{""x"":377,""y"":295,""t"":3811},{""x"":503,""y"":318,""t"":4179},{""x"":542,""y"":361,""t"":4574},{""x"":600,""y"":390,""t"":4953},{""x"":613,""y"":407,""t"":5350},{""x"":505,""y"":449,""t"":5738},{""x"":499,""y"":476,""t"":6118},{""x"":470,""y"":489,""t"":6490},{""x"":486,""y"":463,""t"":6863},{""x"":491,""y"":481,""t"":7326},{""x"":544,""y"":476,""t"":7699},{""x"":548,""y"":509,""t"":8072}]",0,0.9857152566711025,0.014284743328897561,mcutoff,0
184,1,121,exp_63,0.0,789.0,0.41,0.21,1.7999999999999998,6.2,higher_p,higher_m,0,1,attributes,1.0,True,0.7379999999999999,1.302,-0.5640000000000002,-0.3231885851028555,0.5,0.5,0.4,0.6,1.0,1.0,higher_m,higher_m,True,"{""durations"":[1000,1500,1000,1500],""alternatives"":[""all"",""all"",""all"",""all""],""attributes"":[""p"",""m"",""p"",""m""]}","[{""x"":532,""y"":521,""t"":-423},{""x"":542,""y"":518,""t"":9},{""x"":559,""y"":492,""t"":382},{""x"":578,""y"":446,""t"":769},{""x"":632,""y"":390,""t"":1126},{""x"":602,""y"":394,""t"":1496},{""x"":605,""y"":381,""t"":1987},{""x"":490,""y"":377,""t"":2426},{""x"":484,""y"":410,""t"":2884},{""x"":478,""y"":384,""t"":3306},{""x"":481,""y"":372,""t"":3727},{""x"":509,""y"":365,""t"":4144},{""x"":494,""y"":370,""t"":4558},{""x"":487,""y"":347,""t"":4980},{""x"":458,""y"":322,""t"":5411},{""x"":430,""y"":313,""t"":5808},{""x"":444,""y"":353,""t"":6189},{""x"":465,""y"":328,""t"":6559},{""x"":458,""y"":279,""t"":6948},{""x"":449,""y"":287,""t"":7347},{""x"":410,""y"":321,""t"":7744},{""x"":417,""y"":370,""t"":8109}]",0,0.9857152566711025,0.014284743328897561,mcutoff,0
184,1,122,exp_70,0.0,1153.0,0.72,0.51,4.2,5.2,higher_p,higher_m,0,1,alternatives,0.0,False,3.024,2.652,0.3719999999999999,0.64020159214642,0.4,0.6,0.5,0.5,1.0,1.0,higher_m,higher_m,True,"{""durations"":[1000,1500,1000,1500],""alternatives"":[0,1,0,1],""attributes"":[""all"",""all"",""all"",""all""]}","[{""x"":400,""y"":329,""t"":-425},{""x"":458,""y"":332,""t"":10},{""x"":473,""y"":337,""t"":402},{""x"":504,""y"":335,""t"":771},{""x"":568,""y"":350,""t"":1136},{""x"":640,""y"":349,""t"":1511},{""x"":573,""y"":395,""t"":1886},{""x"":494,""y"":402,""t"":2264},{""x"":531,""y"":452,""t"":2642},{""x"":492,""y"":449,""t"":3089},{""x"":510,""y"":447,""t"":3452},{""x"":547,""y"":409,""t"":3842},{""x"":630,""y"":408,""t"":4213},{""x"":576,""y"":418,""t"":4577},{""x"":589,""y"":418,""t"":4948},{""x"":513,""y"":400,""t"":5361},{""x"":448,""y"":389,""t"":5744},{""x"":467,""y"":386,""t"":6094},{""x"":489,""y"":424,""t"":6468},{""x"":525,""y"":390,""t"":6854},{""x"":574,""y"":363,""t"":7243},{""x"":626,""y"":425,""t"":7625},{""x"":646,""y"":408,""t"":8020}]",0,0.9857152566711025,0.014284743328897561,mcutoff,0
184,1,123,exp_95,0.0,745.0,0.5,0.38,3.0,4.0,higher_p,higher_m,0,1,attributes,1.0,True,1.5,1.52,-0.02,0.2367304922727919,0.5,0.5,0.4,0.6,1.0,1.0,higher_m,higher_m,True,"{""durations"":[1000,1500,1000,1500],""alternatives"":[""all"",""all"",""all"",""all""],""attributes"":[""p"",""m"",""p"",""m""]}","[{""x"":587,""y"":354,""t"":-375},{""x"":549,""y"":419,""t"":8},{""x"":513,""y"":484,""t"":374},{""x"":488,""y"":431,""t"":754},{""x"":544,""y"":415,""t"":1114},{""x"":507,""y"":424,""t"":1477},{""x"":522,""y"":378,""t"":1840},{""x"":458,""y"":320,""t"":2219},{""x"":367,""y"":276,""t"":2602},{""x"":333,""y"":240,""t"":2969},{""x"":322,""y"":200,""t"":3329},{""x"":341,""y"":215,""t"":3722},{""x"":398,""y"":236,""t"":4092},{""x"":440,""y"":259,""t"":4456},{""x"":486,""y"":354,""t"":4829},{""x"":499,""y"":424,""t"":5207},{""x"":495,""y"":475,""t"":5567},{""x"":506,""y"":463,""t"":5945},{""x"":505,""y"":497,""t"":6331},{""x"":456,""y"":503,""t"":6703},{""x"":451,""y"":456,""t"":7083},{""x"":522,""y"":411,""t"":7455},{""x"":479,""y"":412,""t"":7821}]",0,0.9857152566711025,0.014284743328897561,mcutoff,0
184,1,124,exp_110,0.0,748.0,0.78,0.4,2.1,3.0,higher_p,higher_m,0,1,alternatives,0.0,False,1.638,1.2000000000000002,0.4379999999999999,0.7081329507986126,0.4,0.6,0.5,0.5,1.0,1.0,higher_m,higher_m,True,"{""durations"":[1000,1500,1000,1500],""alternatives"":[0,1,0,1],""attributes"":[""all"",""all"",""all"",""all""]}","[{""x"":545,""y"":460,""t"":-359},{""x"":534,""y"":439,""t"":7},{""x"":514,""y"":423,""t"":368},{""x"":553,""y"":443,""t"":725},{""x"":577,""y"":415,""t"":1098},{""x"":609,""y"":438,""t"":1451},{""x"":552,""y"":402,""t"":1800},{""x"":481,""y"":379,""t"":2152},{""x"":476,""y"":393,""t"":2506},{""x"":457,""y"":395,""t"":2875},{""x"":511,""y"":432,""t"":3245},{""x"":551,""y"":464,""t"":3622},{""x"":573,""y"":471,""t"":4003},{""x"":598,""y"":460,""t"":4356},{""x"":598,""y"":444,""t"":4741},{""x"":603,""y"":434,""t"":5101},{""x"":560,""y"":486,""t"":5476},{""x"":546,""y"":492,""t"":5843},{""x"":560,""y"":449,""t"":6210},{""x"":530,""y"":429,""t"":6576},{""x"":528,""y"":431,""t"":6949},{""x"":502,""y"":418,""t"":7330},{""x"":501,""y"":395,""t"":7708}]",0,0.9857152566711025,0.014284743328897561,mcutoff,0
184,1,125,catch_19,1.0,725.0,0.48,0.59,3.1,4.8,dominated,dominant,1,1,attributes,1.0,True,1.488,2.832,-1.344,-1.1260137328105846,0.5,0.5,0.5,0.5,,1.0,,dominant,True,"{""durations"":[1250,1250,1250,1250],""attributes"":[""p"",""m"",""p"",""m""],""alternatives"":[""all"",""all"",""all"",""all""]}","[{""x"":509,""y"":316,""t"":-351},{""x"":502,""y"":281,""t"":6},{""x"":528,""y"":279,""t"":392},{""x"":553,""y"":290,""t"":766},{""x"":586,""y"":300,""t"":1143},{""x"":579,""y"":333,""t"":1507},{""x"":580,""y"":327,""t"":1854},{""x"":583,""y"":347,""t"":2227},{""x"":557,""y"":329,""t"":2616},{""x"":529,""y"":346,""t"":2965},{""x"":523,""y"":347,""t"":3326},{""x"":468,""y"":383,""t"":3712},{""x"":447,""y"":356,""t"":4075},{""x"":446,""y"":321,""t"":4449},{""x"":493,""y"":425,""t"":4803},{""x"":480,""y"":427,""t"":5251},{""x"":419,""y"":429,""t"":5607},{""x"":434,""y"":423,""t"":5976},{""x"":432,""y"":494,""t"":6338},{""x"":447,""y"":498,""t"":6692},{""x"":473,""y"":494,""t"":7051},{""x"":463,""y"":466,""t"":7435},{""x"":473,""y"":432,""t"":7804},{""x"":466,""y"":396,""t"":8176}]",1,0.014284743328897561,0.9857152566711025,mcutoff,0
184,1,126,exp_112,0.0,713.0,0.49,0.22,4.2,7.9,higher_p,higher_m,0,1,alternatives,0.0,False,2.058,1.738,0.3199999999999998,0.5866799156325714,0.6,0.4,0.5,0.5,0.0,1.0,higher_p,higher_m,True,"{""durations"":[1500,1000,1500,1000],""alternatives"":[0,1,0,1],""attributes"":[""all"",""all"",""all"",""all""]}","[{""x"":437,""y"":294,""t"":-362},{""x"":453,""y"":329,""t"":7},{""x"":480,""y"":307,""t"":381},{""x"":522,""y"":254,""t"":738},{""x"":572,""y"":287,""t"":1107},{""x"":643,""y"":339,""t"":1450},{""x"":678,""y"":360,""t"":1798},{""x"":614,""y"":395,""t"":2188},{""x"":590,""y"":469,""t"":2551},{""x"":620,""y"":486,""t"":2892},{""x"":603,""y"":492,""t"":3250},{""x"":577,""y"":478,""t"":3622},{""x"":594,""y"":462,""t"":3984},{""x"":602,""y"":464,""t"":4349},{""x"":594,""y"":498,""t"":4706},{""x"":529,""y"":474,""t"":5068},{""x"":461,""y"":415,""t"":5423},{""x"":409,""y"":340,""t"":5770},{""x"":401,""y"":330,""t"":6129},{""x"":396,""y"":282,""t"":6492},{""x"":372,""y"":249,""t"":6854},{""x"":370,""y"":221,""t"":7207},{""x"":389,""y"":261,""t"":7551}]",0,0.9857152566711025,0.014284743328897561,mcutoff,0
184,1,127,exp_118,0.0,1101.0,0.49,0.22,4.2,7.9,higher_p,higher_m,0,1,alternatives,0.0,False,2.058,1.738,0.3199999999999998,0.5866799156325714,0.4,0.6,0.5,0.5,1.0,1.0,higher_m,higher_m,True,"{""durations"":[1000,1500,1000,1500],""alternatives"":[0,1,0,1],""attributes"":[""all"",""all"",""all"",""all""]}","[{""x"":458,""y"":291,""t"":-341},{""x"":453,""y"":298,""t"":8},{""x"":436,""y"":370,""t"":401},{""x"":351,""y"":417,""t"":776},{""x"":382,""y"":478,""t"":1145},{""x"":441,""y"":478,""t"":1510},{""x"":486,""y"":466,""t"":1889},{""x"":560,""y"":471,""t"":2257},{""x"":570,""y"":500,""t"":2611},{""x"":492,""y"":431,""t"":2978},{""x"":457,""y"":438,""t"":3338},{""x"":354,""y"":418,""t"":3748},{""x"":307,""y"":473,""t"":4128},{""x"":331,""y"":412,""t"":4497},{""x"":394,""y"":344,""t"":4880},{""x"":410,""y"":328,""t"":5249},{""x"":449,""y"":314,""t"":5608},{""x"":446,""y"":262,""t"":5969},{""x"":472,""y"":288,""t"":6318},{""x"":418,""y"":292,""t"":6666},{""x"":424,""y"":329,""t"":7021},{""x"":467,""y"":332,""t"":7375},{""x"":441,""y"":310,""t"":7777},{""x"":407,""y"":277,""t"":8140}]",0,0.9857152566711025,0.014284743328897561,mcutoff,0
184,1,128,exp_71,0.0,742.0,0.72,0.51,4.2,5.2,higher_p,higher_m,0,1,attributes,1.0,True,3.024,2.652,0.3719999999999999,0.64020159214642,0.5,0.5,0.4,0.6,1.0,1.0,higher_m,higher_m,True,"{""durations"":[1000,1500,1000,1500],""alternatives"":[""all"",""all"",""all"",""all""],""attributes"":[""p"",""m"",""p"",""m""]}","[{""x"":387,""y"":230,""t"":-350},{""x"":398,""y"":243,""t"":7},{""x"":382,""y"":242,""t"":387},{""x"":406,""y"":305,""t"":751},{""x"":446,""y"":405,""t"":1115},{""x"":448,""y"":422,""t"":1469},{""x"":453,""y"":365,""t"":1830},{""x"":438,""y"":321,""t"":2189},{""x"":417,""y"":294,""t"":2550},{""x"":450,""y"":271,""t"":2895},{""x"":440,""y"":256,""t"":3258},{""x"":434,""y"":292,""t"":3632},{""x"":490,""y"":380,""t"":4032},{""x"":501,""y"":390,""t"":4397},{""x"":512,""y"":438,""t"":4873},{""x"":477,""y"":420,""t"":5251},{""x"":394,""y"":411,""t"":5623},{""x"":444,""y"":361,""t"":5978},{""x"":413,""y"":370,""t"":6337},{""x"":382,""y"":322,""t"":6695},{""x"":410,""y"":324,""t"":7080},{""x"":396,""y"":366,""t"":7438},{""x"":347,""y"":429,""t"":7809}]",0,0.9857152566711025,0.014284743328897561,mcutoff,0
184,1,129,catch_12,1.0,901.0,0.23,0.47,5.0,6.0,dominated,dominant,1,1,alternatives,0.0,False,1.15,2.82,-1.6699999999999997,-1.4615534740320204,0.5,0.5,0.5,0.5,,1.0,,dominant,True,"{""durations"":[1250,1250,1250,1250],""attributes"":[""all"",""all"",""all"",""all""],""alternatives"":[0,1,0,1]}","[{""x"":298,""y"":302,""t"":-486},{""x"":301,""y"":284,""t"":6},{""x"":297,""y"":253,""t"":444},{""x"":260,""y"":294,""t"":870},{""x"":337,""y"":350,""t"":1260},{""x"":394,""y"":331,""t"":1678},{""x"":447,""y"":356,""t"":2101},{""x"":483,""y"":411,""t"":2531},{""x"":492,""y"":415,""t"":2951},{""x"":463,""y"":378,""t"":3336},{""x"":451,""y"":392,""t"":3773},{""x"":446,""y"":469,""t"":4140},{""x"":469,""y"":467,""t"":4520},{""x"":502,""y"":405,""t"":4906},{""x"":494,""y"":441,""t"":5280},{""x"":523,""y"":435,""t"":5655},{""x"":479,""y"":402,""t"":6025},{""x"":487,""y"":371,""t"":6418},{""x"":474,""y"":331,""t"":6776},{""x"":443,""y"":299,""t"":7209},{""x"":480,""y"":370,""t"":7585},{""x"":450,""y"":311,""t"":7955}]",1,0.014284743328897561,0.9857152566711025,mcutoff,0
184,1,130,catch_18,1.0,1036.0,0.19,0.37,3.1,3.8,dominated,dominant,1,1,alternatives,0.0,False,0.5890000000000001,1.406,-0.8169999999999998,-0.5835921266029265,0.5,0.5,0.5,0.5,,1.0,,dominant,True,"{""durations"":[1250,1250,1250,1250],""attributes"":[""all"",""all"",""all"",""all""],""alternatives"":[0,1,0,1]}","[{""x"":422,""y"":269,""t"":-371},{""x"":431,""y"":275,""t"":8},{""x"":386,""y"":268,""t"":398},{""x"":421,""y"":297,""t"":890},{""x"":473,""y"":299,""t"":1249},{""x"":470,""y"":323,""t"":1625},{""x"":450,""y"":275,""t"":2036},{""x"":331,""y"":293,""t"":2391},{""x"":276,""y"":287,""t"":2779},{""x"":310,""y"":324,""t"":3163},{""x"":306,""y"":361,""t"":3547},{""x"":383,""y"":318,""t"":3923},{""x"":406,""y"":308,""t"":4295},{""x"":379,""y"":291,""t"":4671},{""x"":468,""y"":318,""t"":5058},{""x"":448,""y"":341,""t"":5563},{""x"":449,""y"":431,""t"":5977},{""x"":435,""y"":389,""t"":6410},{""x"":492,""y"":350,""t"":6820},{""x"":508,""y"":364,""t"":7263},{""x"":485,""y"":404,""t"":7727},{""x"":397,""y"":379,""t"":8162}]",1,0.014284743328897561,0.9857152566711025,mcutoff,0
184,1,131,exp_65,0.0,840.0,0.72,0.51,4.2,5.2,higher_p,higher_m,0,1,attributes,1.0,True,3.024,2.652,0.3719999999999999,0.64020159214642,0.5,0.5,0.6,0.4,0.0,1.0,higher_p,higher_m,True,"{""durations"":[1500,1000,1500,1000],""alternatives"":[""all"",""all"",""all"",""all""],""attributes"":[""p"",""m"",""p"",""m""]}","[{""x"":371,""y"":352,""t"":-471},{""x"":390,""y"":368,""t"":-95},{""x"":-16,""y"":430,""t"":0},{""x"":63,""y"":427,""t"":673},{""x"":132,""y"":426,""t"":1045},{""x"":191,""y"":555,""t"":1431},{""x"":275,""y"":610,""t"":1792},{""x"":326,""y"":573,""t"":2162},{""x"":365,""y"":530,""t"":2531},{""x"":336,""y"":565,""t"":2912},{""x"":304,""y"":468,""t"":3286},{""x"":343,""y"":493,""t"":3680},{""x"":410,""y"":485,""t"":4065},{""x"":422,""y"":474,""t"":4447},{""x"":409,""y"":442,""t"":4817},{""x"":485,""y"":469,""t"":5189},{""x"":483,""y"":410,""t"":5563},{""x"":492,""y"":440,""t"":5940},{""x"":474,""y"":434,""t"":6289},{""x"":421,""y"":408,""t"":6662},{""x"":419,""y"":398,""t"":7116},{""x"":449,""y"":392,""t"":7512}]",0,0.9857152566711025,0.014284743328897561,mcutoff,0
184,1,132,exp_31,0.0,726.0,0.3,0.17,2.0,3.0,higher_p,higher_m,0,1,attributes,1.0,True,0.6,0.51,0.0899999999999999,0.3499494233597794,0.5,0.5,0.4,0.6,1.0,1.0,higher_m,higher_m,True,"{""durations"":[1000,1500,1000,1500],""alternatives"":[""all"",""all"",""all"",""all""],""attributes"":[""p"",""m"",""p"",""m""]}","[{""x"":474,""y"":315,""t"":-358},{""x"":449,""y"":301,""t"":8},{""x"":406,""y"":338,""t"":406},{""x"":426,""y"":421,""t"":783},{""x"":476,""y"":510,""t"":1157},{""x"":421,""y"":383,""t"":1511},{""x"":369,""y"":356,""t"":1886},{""x"":360,""y"":366,""t"":2264},{""x"":377,""y"":369,""t"":2631},{""x"":362,""y"":385,""t"":3017},{""x"":333,""y"":370,""t"":3383},{""x"":317,""y"":383,""t"":3786},{""x"":337,""y"":359,""t"":4148},{""x"":353,""y"":314,""t"":4520},{""x"":306,""y"":342,""t"":4896},{""x"":373,""y"":421,""t"":5291},{""x"":350,""y"":371,""t"":5671},{""x"":320,""y"":377,""t"":6024},{""x"":361,""y"":398,""t"":6382},{""x"":387,""y"":423,""t"":6729},{""x"":364,""y"":486,""t"":7105},{""x"":408,""y"":517,""t"":7463},{""x"":431,""y"":579,""t"":7808}]",0,0.9857152566711025,0.014284743328897561,mcutoff,0
184,1,133,exp_39,0.0,743.0,0.79,0.7,2.0,3.2,higher_p,higher_m,0,1,attributes,1.0,True,1.58,2.24,-0.6599999999999997,-0.4219978340514987,0.5,0.5,0.4,0.6,1.0,1.0,higher_m,higher_m,True,"{""durations"":[1000,1500,1000,1500],""alternatives"":[""all"",""all"",""all"",""all""],""attributes"":[""p"",""m"",""p"",""m""]}","[{""x"":317,""y"":437,""t"":-365},{""x"":373,""y"":386,""t"":7},{""x"":425,""y"":367,""t"":367},{""x"":464,""y"":382,""t"":744},{""x"":461,""y"":377,""t"":1115},{""x"":445,""y"":348,""t"":1495},{""x"":440,""y"":384,""t"":1870},{""x"":470,""y"":419,""t"":2222},{""x"":453,""y"":388,""t"":2602},{""x"":451,""y"":417,""t"":2960},{""x"":430,""y"":428,""t"":3314},{""x"":509,""y"":456,""t"":3748},{""x"":435,""y"":461,""t"":4101},{""x"":430,""y"":483,""t"":4451},{""x"":471,""y"":445,""t"":4795},{""x"":481,""y"":476,""t"":5163},{""x"":472,""y"":425,""t"":5505},{""x"":403,""y"":367,""t"":5859},{""x"":438,""y"":322,""t"":6198},{""x"":378,""y"":308,""t"":6537},{""x"":405,""y"":344,""t"":6880},{""x"":420,""y"":402,""t"":7273},{""x"":437,""y"":450,""t"":7624}]",0,0.9857152566711025,0.014284743328897561,mcutoff,0
184,1,134,exp_85,0.0,733.0,0.61,0.29,2.2,8.1,higher_p,higher_m,0,1,attributes,1.0,True,1.342,2.349,-1.0069999999999997,-0.7791520984804502,0.5,0.5,0.4,0.6,1.0,0.0,higher_m,higher_p,True,"{""durations"":[1500,1000,1500,1000],""alternatives"":[""all"",""all"",""all"",""all""],""attributes"":[""m"",""p"",""m"",""p""]}","[{""x"":441,""y"":355,""t"":-360},{""x"":473,""y"":381,""t"":7},{""x"":384,""y"":373,""t"":365},{""x"":424,""y"":383,""t"":734},{""x"":468,""y"":289,""t"":1100},{""x"":511,""y"":231,""t"":1462},{""x"":529,""y"":209,""t"":1837},{""x"":386,""y"":237,""t"":2195},{""x"":357,""y"":363,""t"":2557},{""x"":333,""y"":458,""t"":2912},{""x"":291,""y"":448,""t"":3257},{""x"":358,""y"":455,""t"":3653},{""x"":321,""y"":408,""t"":3995},{""x"":363,""y"":409,""t"":4357},{""x"":402,""y"":453,""t"":4720},{""x"":319,""y"":439,""t"":5093},{""x"":386,""y"":451,""t"":5465},{""x"":415,""y"":453,""t"":5831},{""x"":501,""y"":456,""t"":6192},{""x"":532,""y"":447,""t"":6545},{""x"":562,""y"":409,""t"":6910},{""x"":534,""y"":417,""t"":7286},{""x"":504,""y"":429,""t"":7652}]",0,0.9857152566711025,0.014284743328897561,mcutoff,0
184,1,135,exp_103,0.0,719.0,0.58,0.38,4.9,6.9,higher_p,higher_m,0,1,attributes,1.0,True,2.842,2.6220000000000003,0.2199999999999997,0.4837536146444008,0.5,0.5,0.4,0.6,1.0,1.0,higher_m,higher_m,True,"{""durations"":[1000,1500,1000,1500],""alternatives"":[""all"",""all"",""all"",""all""],""attributes"":[""p"",""m"",""p"",""m""]}","[{""x"":411,""y"":310,""t"":-356},{""x"":420,""y"":365,""t"":7},{""x"":332,""y"":345,""t"":381},{""x"":366,""y"":395,""t"":757},{""x"":388,""y"":380,""t"":1131},{""x"":333,""y"":361,""t"":1486},{""x"":361,""y"":323,""t"":1885},{""x"":269,""y"":249,""t"":2262},{""x"":325,""y"":299,""t"":2627},{""x"":311,""y"":292,""t"":2969},{""x"":324,""y"":265,""t"":3316},{""x"":329,""y"":258,""t"":3681},{""x"":347,""y"":331,""t"":4064},{""x"":427,""y"":334,""t"":4419},{""x"":431,""y"":313,""t"":4797},{""x"":427,""y"":286,""t"":5186},{""x"":435,""y"":250,""t"":5558},{""x"":442,""y"":251,""t"":5917},{""x"":438,""y"":262,""t"":6301},{""x"":464,""y"":261,""t"":6656},{""x"":481,""y"":275,""t"":7010},{""x"":531,""y"":271,""t"":7381},{""x"":504,""y"":252,""t"":7724}]",0,0.9857152566711025,0.014284743328897561,mcutoff,0
184,1,136,exp_13,0.0,717.0,0.7,0.29,1.7999999999999998,5.0,higher_p,higher_m,0,1,attributes,1.0,True,1.2599999999999998,1.45,-0.1900000000000001,0.0617557805929019,0.5,0.5,0.4,0.6,1.0,0.0,higher_m,higher_p,True,"{""durations"":[1500,1000,1500,1000],""alternatives"":[""all"",""all"",""all"",""all""],""attributes"":[""m"",""p"",""m"",""p""]}","[{""x"":561,""y"":470,""t"":-333},{""x"":558,""y"":392,""t"":8},{""x"":502,""y"":372,""t"":378},{""x"":485,""y"":343,""t"":719},{""x"":147,""y"":505,""t"":1068},{""x"":122,""y"":495,""t"":1437},{""x"":139,""y"":452,""t"":1794},{""x"":178,""y"":371,""t"":2161},{""x"":220,""y"":345,""t"":2500},{""x"":290,""y"":425,""t"":2854},{""x"":225,""y"":406,""t"":3213},{""x"":307,""y"":466,""t"":3597},{""x"":367,""y"":350,""t"":3954},{""x"":394,""y"":425,""t"":4311},{""x"":447,""y"":486,""t"":4681},{""x"":458,""y"":523,""t"":5056},{""x"":476,""y"":468,""t"":5523},{""x"":552,""y"":523,""t"":5874},{""x"":542,""y"":503,""t"":6240},{""x"":524,""y"":465,""t"":6594},{""x"":516,""y"":411,""t"":6963},{""x"":499,""y"":415,""t"":7316},{""x"":474,""y"":381,""t"":7701}]",0,0.9857152566711025,0.014284743328897561,mcutoff,0
184,1,137,exp_4,0.0,828.0,0.79,0.49,5.300000000000001,8.3,higher_p,higher_m,0,1,alternatives,0.0,False,4.187000000000001,4.067,0.120000000000001,0.3808273136562316,0.4,0.6,0.5,0.5,1.0,0.0,higher_m,higher_p,True,"{""durations"":[1500,1000,1500,1000],""alternatives"":[1,0,1,0],""attributes"":[""all"",""all"",""all"",""all""]}","[{""x"":433,""y"":338,""t"":-368},{""x"":439,""y"":337,""t"":7},{""x"":441,""y"":361,""t"":500},{""x"":425,""y"":363,""t"":942},{""x"":470,""y"":336,""t"":1369},{""x"":524,""y"":303,""t"":1777},{""x"":520,""y"":330,""t"":2198},{""x"":521,""y"":297,""t"":2611},{""x"":533,""y"":214,""t"":3035},{""x"":445,""y"":281,""t"":3446},{""x"":431,""y"":358,""t"":3856},{""x"":299,""y"":403,""t"":4276},{""x"":358,""y"":445,""t"":4669},{""x"":315,""y"":406,""t"":5043},{""x"":294,""y"":536,""t"":5435},{""x"":156,""y"":618,""t"":5828},{""x"":218,""y"":636,""t"":6205},{""x"":321,""y"":552,""t"":6588},{""x"":304,""y"":524,""t"":6987},{""x"":336,""y"":435,""t"":7367},{""x"":365,""y"":417,""t"":7715},{""x"":427,""y"":369,""t"":8130}]",0,0.9857152566711025,0.014284743328897561,mcutoff,0
184,1,138,exp_2,0.0,770.0,0.79,0.49,5.300000000000001,8.3,higher_p,higher_m,0,1,alternatives,0.0,False,4.187000000000001,4.067,0.120000000000001,0.3808273136562316,0.6,0.4,0.5,0.5,0.0,0.0,higher_p,higher_p,True,"{""durations"":[1000,1500,1000,1500],""alternatives"":[1,0,1,0],""attributes"":[""all"",""all"",""all"",""all""]}","[{""x"":531,""y"":350,""t"":-356},{""x"":528,""y"":353,""t"":8},{""x"":469,""y"":368,""t"":379},{""x"":480,""y"":372,""t"":772},{""x"":474,""y"":353,""t"":1162},{""x"":486,""y"":392,""t"":1643},{""x"":342,""y"":414,""t"":2040},{""x"":306,""y"":513,""t"":2418},{""x"":-63,""y"":576,""t"":2780},{""x"":58,""y"":531,""t"":3161},{""x"":101,""y"":472,""t"":3551},{""x"":122,""y"":560,""t"":3916},{""x"":115,""y"":566,""t"":4288},{""x"":183,""y"":477,""t"":4654},{""x"":137,""y"":509,""t"":5024},{""x"":184,""y"":547,""t"":5390},{""x"":233,""y"":492,""t"":5752},{""x"":274,""y"":496,""t"":6125},{""x"":279,""y"":460,""t"":6489},{""x"":417,""y"":415,""t"":6869},{""x"":439,""y"":349,""t"":7258},{""x"":334,""y"":425,""t"":7648}]",0,0.9857152566711025,0.014284743328897561,mcutoff,0
184,1,139,catch_14,1.0,801.0,0.22,0.28,4.1,7.9,dominated,dominant,1,1,alternatives,0.0,False,0.902,2.212,-1.3100000000000005,-1.0910187904746074,0.5,0.5,0.5,0.5,,1.0,,dominant,True,"{""durations"":[1250,1250,1250,1250],""attributes"":[""all"",""all"",""all"",""all""],""alternatives"":[0,1,0,1]}","[{""x"":428,""y"":293,""t"":-363},{""x"":466,""y"":266,""t"":7},{""x"":457,""y"":295,""t"":396},{""x"":475,""y"":318,""t"":750},{""x"":420,""y"":320,""t"":1105},{""x"":440,""y"":328,""t"":1460},{""x"":304,""y"":372,""t"":1827},{""x"":-164,""y"":496,""t"":2209},{""x"":-112,""y"":459,""t"":2576},{""x"":-26,""y"":439,""t"":2924},{""x"":-41,""y"":477,""t"":3285},{""x"":41,""y"":469,""t"":3655},{""x"":72,""y"":505,""t"":4034},{""x"":190,""y"":473,""t"":4408},{""x"":309,""y"":564,""t"":4769},{""x"":392,""y"":540,""t"":5140},{""x"":445,""y"":491,""t"":5497},{""x"":412,""y"":507,""t"":5872},{""x"":363,""y"":517,""t"":6234},{""x"":332,""y"":455,""t"":6581},{""x"":290,""y"":364,""t"":6949},{""x"":292,""y"":346,""t"":7393},{""x"":368,""y"":355,""t"":7764},{""x"":271,""y"":373,""t"":8129},{""x"":-56,""y"":440,""t"":8467}]",1,0.014284743328897561,0.9857152566711025,mcutoff,0
