subject_id,block,trial,condition,choice,rt,p0,p1,m0,m1,label0,label1,higher_p,higher_m,presentation,presentation01,by_attribute,ev0,ev1,delta_ev,delta_ev_z,g0,g1,gp,gm,duration_favours,last_stage_favours,duration_favours_str,last_stage_favours_str,choose_higher_p,sequence,webgazer_data,predicted_choice,predicted_choiceprob_0,predicted_choiceprob_1,model,rep
19,0,0,exp_78,0.0,573.0,0.8,0.2,4.0,6.799999999999999,higher_p,higher_m,0,1,alternatives,0.0,False,3.2,1.36,1.8400000000000003,2.151159690652763,0.4,0.6,0.5,0.5,1.0,1.0,higher_m,higher_m,True,"{""durations"":[1000,1500,1000,1500],""alternatives"":[0,1,0,1],""attributes"":[""all"",""all"",""all"",""all""]}","[{""x"":695,""y"":312,""t"":-128},{""x"":614,""y"":333,""t"":3},{""x"":602,""y"":341,""t"":135},{""x"":536,""y"":351,""t"":261},{""x"":477,""y"":329,""t"":384},{""x"":436,""y"":326,""t"":500},{""x"":384,""y"":336,""t"":614},{""x"":366,""y"":339,""t"":717},{""x"":328,""y"":337,""t"":844},{""x"":309,""y"":376,""t"":975},{""x"":235,""y"":428,""t"":1093},{""x"":219,""y"":462,""t"":1204},{""x"":215,""y"":487,""t"":1305},{""x"":412,""y"":485,""t"":1408},{""x"":608,""y"":502,""t"":1526},{""x"":777,""y"":493,""t"":1633},{""x"":924,""y"":501,""t"":1743},{""x"":1055,""y"":517,""t"":1843},{""x"":1124,""y"":522,""t"":1945},{""x"":1116,""y"":426,""t"":2052},{""x"":1144,""y"":359,""t"":2157},{""x"":1156,""y"":294,""t"":2258},{""x"":1168,""y"":232,""t"":2355},{""x"":1206,""y"":203,""t"":2455},{""x"":1187,""y"":178,""t"":2557},{""x"":1170,""y"":159,""t"":2681},{""x"":1166,""y"":142,""t"":2796},{""x"":1029,""y"":151,""t"":2893},{""x"":832,""y"":160,""t"":2992},{""x"":679,""y"":191,""t"":3106},{""x"":542,""y"":243,""t"":3221},{""x"":425,""y"":302,""t"":3347},{""x"":347,""y"":358,""t"":3445},{""x"":286,""y"":388,""t"":3541},{""x"":231,""y"":410,""t"":3656},{""x"":265,""y"":392,""t"":3774},{""x"":236,""y"":399,""t"":3888},{""x"":448,""y"":352,""t"":4002},{""x"":593,""y"":306,""t"":4101},{""x"":566,""y"":413,""t"":4197},{""x"":634,""y"":457,""t"":4303},{""x"":654,""y"":504,""t"":4408},{""x"":567,""y"":519,""t"":4507},{""x"":622,""y"":523,""t"":4606},{""x"":573,""y"":566,""t"":4710},{""x"":540,""y"":522,""t"":4811},{""x"":504,""y"":486,""t"":4929},{""x"":497,""y"":443,""t"":5029},{""x"":491,""y"":392,""t"":5130},{""x"":443,""y"":362,""t"":5227},{""x"":436,""y"":342,""t"":5344},{""x"":436,""y"":303,""t"":5457},{""x"":428,""y"":255,""t"":5587},{""x"":476,""y"":224,""t"":5685},{""x"":543,""y"":197,""t"":5803},{""x"":634,""y"":168,""t"":5902},{""x"":676,""y"":150,""t"":6044},{""x"":738,""y"":129,""t"":6144},{""x"":651,""y"":215,""t"":6245},{""x"":673,""y"":251,""t"":6347}]",0,0.9996573872953948,0.0003426127046052885,wa_b-last,0
19,0,1,exp_8,0.0,621.0,0.7,0.29,1.7999999999999998,5.0,higher_p,higher_m,0,1,alternatives,0.0,False,1.2599999999999998,1.45,-0.1900000000000001,0.0617557805929021,0.6,0.4,0.5,0.5,0.0,1.0,higher_p,higher_m,True,"{""durations"":[1500,1000,1500,1000],""alternatives"":[0,1,0,1],""attributes"":[""all"",""all"",""all"",""all""]}","[{""x"":861,""y"":154,""t"":-45},{""x"":868,""y"":138,""t"":2},{""x"":890,""y"":113,""t"":121},{""x"":896,""y"":213,""t"":287},{""x"":861,""y"":239,""t"":393},{""x"":968,""y"":236,""t"":502},{""x"":1021,""y"":226,""t"":540},{""x"":1089,""y"":221,""t"":719},{""x"":1148,""y"":215,""t"":765},{""x"":1148,""y"":256,""t"":948},{""x"":1179,""y"":305,""t"":991},{""x"":1161,""y"":277,""t"":1118},{""x"":1202,""y"":260,""t"":1237},{""x"":1203,""y"":242,""t"":1337},{""x"":1211,""y"":234,""t"":1460},{""x"":1116,""y"":184,""t"":1568},{""x"":1143,""y"":181,""t"":1669},{""x"":951,""y"":177,""t"":1786},{""x"":864,""y"":164,""t"":1894},{""x"":763,""y"":159,""t"":1999},{""x"":631,""y"":189,""t"":2107},{""x"":518,""y"":236,""t"":2222},{""x"":446,""y"":267,""t"":2339},{""x"":395,""y"":306,""t"":2465},{""x"":363,""y"":335,""t"":2572},{""x"":351,""y"":354,""t"":2673},{""x"":359,""y"":380,""t"":2807},{""x"":346,""y"":388,""t"":2922},{""x"":429,""y"":330,""t"":3044},{""x"":600,""y"":293,""t"":3151},{""x"":725,""y"":291,""t"":3255},{""x"":869,""y"":335,""t"":3391},{""x"":982,""y"":295,""t"":3508},{""x"":1064,""y"":261,""t"":3638},{""x"":1138,""y"":227,""t"":3739},{""x"":1181,""y"":201,""t"":3922},{""x"":1191,""y"":227,""t"":4037},{""x"":1223,""y"":257,""t"":4139},{""x"":1263,""y"":291,""t"":4174},{""x"":1255,""y"":314,""t"":4286},{""x"":1314,""y"":342,""t"":4386},{""x"":1111,""y"":357,""t"":4499},{""x"":909,""y"":344,""t"":4618},{""x"":775,""y"":347,""t"":4736},{""x"":625,""y"":385,""t"":4873},{""x"":532,""y"":408,""t"":5049},{""x"":462,""y"":424,""t"":5157},{""x"":396,""y"":401,""t"":5263},{""x"":331,""y"":369,""t"":5307},{""x"":311,""y"":340,""t"":5421},{""x"":392,""y"":289,""t"":5569},{""x"":558,""y"":271,""t"":5690},{""x"":722,""y"":281,""t"":5787},{""x"":758,""y"":281,""t"":5887},{""x"":819,""y"":258,""t"":5991},{""x"":912,""y"":235,""t"":6194},{""x"":958,""y"":227,""t"":6319},{""x"":1046,""y"":232,""t"":6418},{""x"":1101,""y"":213,""t"":6532},{""x"":1115,""y"":217,""t"":6638}]",0,0.9934360517679754,0.006563948232024501,wa_b-last,0
19,0,2,exp_9,0.0,986.0,0.7,0.29,1.7999999999999998,5.0,higher_p,higher_m,0,1,attributes,1.0,True,1.2599999999999998,1.45,-0.1900000000000001,0.0617557805929021,0.5,0.5,0.6,0.4,0.0,1.0,higher_p,higher_m,True,"{""durations"":[1500,1000,1500,1000],""alternatives"":[""all"",""all"",""all"",""all""],""attributes"":[""p"",""m"",""p"",""m""]}","[{""x"":703,""y"":178,""t"":-112},{""x"":667,""y"":177,""t"":2},{""x"":627,""y"":202,""t"":116},{""x"":604,""y"":200,""t"":216},{""x"":544,""y"":268,""t"":314},{""x"":490,""y"":315,""t"":417},{""x"":414,""y"":358,""t"":529},{""x"":391,""y"":399,""t"":648},{""x"":411,""y"":432,""t"":751},{""x"":598,""y"":423,""t"":871},{""x"":736,""y"":446,""t"":967},{""x"":878,""y"":440,""t"":1077},{""x"":995,""y"":453,""t"":1190},{""x"":1069,""y"":449,""t"":1290},{""x"":1163,""y"":436,""t"":1492},{""x"":1042,""y"":383,""t"":1593},{""x"":956,""y"":326,""t"":1636},{""x"":869,""y"":302,""t"":1816},{""x"":744,""y"":304,""t"":1920},{""x"":623,""y"":299,""t"":1967},{""x"":702,""y"":256,""t"":2067},{""x"":803,""y"":220,""t"":2179},{""x"":857,""y"":172,""t"":2340},{""x"":981,""y"":157,""t"":2386},{""x"":1054,""y"":177,""t"":2572},{""x"":1084,""y"":150,""t"":2620},{""x"":977,""y"":138,""t"":2738},{""x"":914,""y"":124,""t"":2836},{""x"":755,""y"":166,""t"":3000},{""x"":616,""y"":232,""t"":3103},{""x"":487,""y"":291,""t"":3143},{""x"":460,""y"":321,""t"":3262},{""x"":407,""y"":353,""t"":3436},{""x"":461,""y"":367,""t"":3557},{""x"":629,""y"":342,""t"":3669},{""x"":806,""y"":358,""t"":3789},{""x"":928,""y"":363,""t"":3834},{""x"":1004,""y"":384,""t"":3996},{""x"":1078,""y"":335,""t"":4103},{""x"":1136,""y"":281,""t"":4148},{""x"":1029,""y"":251,""t"":4263},{""x"":910,""y"":246,""t"":4369},{""x"":787,""y"":230,""t"":4481},{""x"":690,""y"":242,""t"":4578},{""x"":565,""y"":247,""t"":4744},{""x"":511,""y"":248,""t"":4866},{""x"":628,""y"":204,""t"":4898},{""x"":725,""y"":195,""t"":5013},{""x"":854,""y"":178,""t"":5112},{""x"":899,""y"":155,""t"":5209},{""x"":976,""y"":146,""t"":5315},{""x"":1024,""y"":154,""t"":5537},{""x"":1075,""y"":146,""t"":5647},{""x"":981,""y"":163,""t"":5752},{""x"":906,""y"":166,""t"":5797},{""x"":820,""y"":196,""t"":5972},{""x"":886,""y"":320,""t"":6081},{""x"":787,""y"":327,""t"":6319},{""x"":736,""y"":342,""t"":6359},{""x"":750,""y"":390,""t"":6470},{""x"":750,""y"":409,""t"":6583}]",0,0.9934360517679754,0.006563948232024501,wa_b-last,0
19,0,3,catch_1,1.0,440.0,0.29,0.41,4.2,5.9,dominated,dominant,1,1,attributes,1.0,True,1.218,2.419,-1.201,-0.9788291223975012,0.5,0.5,0.5,0.5,,1.0,,dominant,True,"{""durations"":[1250,1250,1250,1250],""attributes"":[""p"",""m"",""p"",""m""],""alternatives"":[""all"",""all"",""all"",""all""]}","[{""x"":731,""y"":241,""t"":-102},{""x"":718,""y"":199,""t"":1},{""x"":731,""y"":168,""t"":107},{""x"":722,""y"":165,""t"":222},{""x"":693,""y"":189,""t"":324},{""x"":654,""y"":193,""t"":438},{""x"":615,""y"":249,""t"":600},{""x"":579,""y"":290,""t"":647},{""x"":710,""y"":277,""t"":823},{""x"":824,""y"":301,""t"":943},{""x"":940,""y"":299,""t"":991},{""x"":1043,""y"":316,""t"":1152},{""x"":1151,""y"":327,""t"":1262},{""x"":1241,""y"":354,""t"":1371},{""x"":1271,""y"":390,""t"":1407},{""x"":1290,""y"":405,""t"":1517},{""x"":1115,""y"":358,""t"":1679},{""x"":968,""y"":339,""t"":1790},{""x"":805,""y"":317,""t"":1899},{""x"":704,""y"":297,""t"":2019},{""x"":569,""y"":294,""t"":2131},{""x"":676,""y"":254,""t"":2242},{""x"":779,""y"":217,""t"":2348},{""x"":872,""y"":182,""t"":2394},{""x"":939,""y"":155,""t"":2510},{""x"":1007,""y"":134,""t"":2717},{""x"":1066,""y"":108,""t"":2758},{""x"":952,""y"":120,""t"":2863},{""x"":847,""y"":155,""t"":2971},{""x"":756,""y"":204,""t"":3089},{""x"":662,""y"":239,""t"":3209},{""x"":550,""y"":266,""t"":3313},{""x"":518,""y"":298,""t"":3410},{""x"":659,""y"":313,""t"":3514},{""x"":796,""y"":335,""t"":3617},{""x"":940,""y"":350,""t"":3728},{""x"":1074,""y"":374,""t"":3829},{""x"":981,""y"":398,""t"":3928},{""x"":880,""y"":427,""t"":4027},{""x"":745,""y"":458,""t"":4155},{""x"":734,""y"":426,""t"":4273},{""x"":851,""y"":364,""t"":4377},{""x"":949,""y"":316,""t"":4477},{""x"":1035,""y"":284,""t"":4581},{""x"":1086,""y"":233,""t"":4763},{""x"":1130,""y"":196,""t"":4798},{""x"":973,""y"":201,""t"":4905},{""x"":853,""y"":196,""t"":5004},{""x"":929,""y"":173,""t"":5103},{""x"":995,""y"":151,""t"":5225},{""x"":1064,""y"":138,""t"":5333},{""x"":1138,""y"":143,""t"":5502},{""x"":1167,""y"":175,""t"":5538},{""x"":1194,""y"":190,""t"":5668},{""x"":1124,""y"":183,""t"":5848},{""x"":1148,""y"":181,""t"":5896},{""x"":1140,""y"":202,""t"":6003},{""x"":1140,""y"":204,""t"":6114},{""x"":1112,""y"":214,""t"":6213},{""x"":1080,""y"":206,""t"":6325}]",1,0.07685756252728326,0.9231424374727168,wa_b-last,0
19,0,4,exp_25,0.0,547.0,0.3,0.17,2.0,3.0,higher_p,higher_m,0,1,attributes,1.0,True,0.6,0.51,0.0899999999999999,0.3499494233597795,0.5,0.5,0.6,0.4,0.0,1.0,higher_p,higher_m,True,"{""durations"":[1500,1000,1500,1000],""alternatives"":[""all"",""all"",""all"",""all""],""attributes"":[""p"",""m"",""p"",""m""]}","[{""x"":802,""y"":111,""t"":-30},{""x"":773,""y"":118,""t"":3},{""x"":770,""y"":107,""t"":119},{""x"":688,""y"":171,""t"":231},{""x"":617,""y"":211,""t"":326},{""x"":535,""y"":239,""t"":436},{""x"":673,""y"":260,""t"":610},{""x"":800,""y"":284,""t"":780},{""x"":740,""y"":304,""t"":808},{""x"":682,""y"":323,""t"":913},{""x"":597,""y"":361,""t"":1072},{""x"":513,""y"":397,""t"":1107},{""x"":647,""y"":370,""t"":1211},{""x"":812,""y"":363,""t"":1343},{""x"":734,""y"":363,""t"":1520},{""x"":674,""y"":378,""t"":1628},{""x"":625,""y"":371,""t"":1662},{""x"":596,""y"":340,""t"":1762},{""x"":560,""y"":327,""t"":1863},{""x"":533,""y"":313,""t"":1964},{""x"":503,""y"":296,""t"":2134},{""x"":643,""y"":250,""t"":2234},{""x"":763,""y"":225,""t"":2281},{""x"":882,""y"":208,""t"":2377},{""x"":991,""y"":193,""t"":2517},{""x"":883,""y"":186,""t"":2621},{""x"":798,""y"":194,""t"":2732},{""x"":690,""y"":253,""t"":2909},{""x"":595,""y"":301,""t"":2955},{""x"":535,""y"":343,""t"":3116},{""x"":463,""y"":348,""t"":3228},{""x"":639,""y"":358,""t"":3351},{""x"":805,""y"":331,""t"":3392},{""x"":934,""y"":324,""t"":3504},{""x"":1039,""y"":326,""t"":3614},{""x"":1139,""y"":331,""t"":3720},{""x"":995,""y"":330,""t"":3900},{""x"":854,""y"":362,""t"":3931},{""x"":755,""y"":384,""t"":4066},{""x"":680,""y"":411,""t"":4165},{""x"":623,""y"":387,""t"":4353},{""x"":558,""y"":355,""t"":4386},{""x"":536,""y"":343,""t"":4492},{""x"":504,""y"":310,""t"":4607},{""x"":467,""y"":274,""t"":4730},{""x"":642,""y"":228,""t"":4893},{""x"":773,""y"":190,""t"":5005},{""x"":905,""y"":171,""t"":5111},{""x"":841,""y"":178,""t"":5234},{""x"":730,""y"":192,""t"":5278},{""x"":685,""y"":196,""t"":5395},{""x"":719,""y"":187,""t"":5492},{""x"":711,""y"":181,""t"":5606},{""x"":681,""y"":160,""t"":5710},{""x"":673,""y"":148,""t"":5829},{""x"":665,""y"":148,""t"":5934},{""x"":689,""y"":145,""t"":6033},{""x"":685,""y"":152,""t"":6217}]",0,0.8111170634377574,0.18888293656224256,wa_b-last,0
19,0,5,exp_114,0.0,664.0,0.49,0.22,4.2,7.9,higher_p,higher_m,0,1,alternatives,0.0,False,2.058,1.738,0.3199999999999998,0.5866799156325715,0.6,0.4,0.5,0.5,0.0,0.0,higher_p,higher_p,True,"{""durations"":[1000,1500,1000,1500],""alternatives"":[1,0,1,0],""attributes"":[""all"",""all"",""all"",""all""]}","[{""x"":828,""y"":152,""t"":-126},{""x"":817,""y"":142,""t"":3},{""x"":826,""y"":145,""t"":136},{""x"":792,""y"":155,""t"":236},{""x"":756,""y"":162,""t"":349},{""x"":868,""y"":167,""t"":476},{""x"":965,""y"":159,""t"":574},{""x"":1013,""y"":172,""t"":686},{""x"":1056,""y"":162,""t"":793},{""x"":1104,""y"":153,""t"":918},{""x"":1087,""y"":161,""t"":1033},{""x"":1097,""y"":171,""t"":1134},{""x"":1119,""y"":163,""t"":1244},{""x"":1150,""y"":195,""t"":1475},{""x"":983,""y"":200,""t"":1609},{""x"":864,""y"":216,""t"":1734},{""x"":701,""y"":219,""t"":1845},{""x"":595,""y"":240,""t"":1950},{""x"":500,""y"":255,""t"":2103},{""x"":434,""y"":261,""t"":2153},{""x"":356,""y"":322,""t"":2369},{""x"":328,""y"":363,""t"":2481},{""x"":313,""y"":406,""t"":2602},{""x"":324,""y"":406,""t"":2714},{""x"":311,""y"":407,""t"":2750},{""x"":425,""y"":349,""t"":2895},{""x"":612,""y"":307,""t"":3011},{""x"":750,""y"":304,""t"":3124},{""x"":896,""y"":247,""t"":3240},{""x"":1029,""y"":265,""t"":3355},{""x"":1105,""y"":274,""t"":3489},{""x"":1207,""y"":280,""t"":3593},{""x"":1252,""y"":259,""t"":3763},{""x"":1280,""y"":238,""t"":3883},{""x"":1157,""y"":207,""t"":3918},{""x"":1074,""y"":170,""t"":4046},{""x"":939,""y"":179,""t"":4211},{""x"":801,""y"":186,""t"":4245},{""x"":708,""y"":211,""t"":4430},{""x"":612,""y"":242,""t"":4465},{""x"":523,""y"":273,""t"":4579},{""x"":453,""y"":248,""t"":4752},{""x"":424,""y"":270,""t"":4859},{""x"":459,""y"":239,""t"":4894},{""x"":437,""y"":244,""t"":5002},{""x"":431,""y"":234,""t"":5312},{""x"":414,""y"":252,""t"":5498},{""x"":425,""y"":229,""t"":5532},{""x"":504,""y"":199,""t"":5653},{""x"":571,""y"":184,""t"":5762},{""x"":588,""y"":173,""t"":5879},{""x"":595,""y"":215,""t"":5989},{""x"":606,""y"":274,""t"":6091},{""x"":639,""y"":268,""t"":6210},{""x"":688,""y"":263,""t"":6313},{""x"":693,""y"":261,""t"":6447},{""x"":723,""y"":233,""t"":6549}]",0,0.960306420701549,0.03969357929845093,wa_b-last,0
19,0,6,catch_0,1.0,862.0,0.19,0.72,2.0,3.0,dominated,dominant,1,1,alternatives,0.0,False,0.38,2.16,-1.7800000000000002,-1.5747724051190084,0.5,0.5,0.5,0.5,,1.0,,dominant,True,"{""durations"":[1250,1250,1250,1250],""attributes"":[""all"",""all"",""all"",""all""],""alternatives"":[0,1,0,1]}","[{""x"":715,""y"":328,""t"":-101},{""x"":747,""y"":312,""t"":2},{""x"":722,""y"":278,""t"":129},{""x"":717,""y"":260,""t"":229},{""x"":820,""y"":233,""t"":333},{""x"":929,""y"":215,""t"":437},{""x"":1032,""y"":177,""t"":622},{""x"":1090,""y"":189,""t"":656},{""x"":1153,""y"":176,""t"":764},{""x"":1231,""y"":198,""t"":938},{""x"":1243,""y"":203,""t"":1070},{""x"":1257,""y"":200,""t"":1110},{""x"":1235,""y"":208,""t"":1222},{""x"":1269,""y"":209,""t"":1333},{""x"":1290,""y"":204,""t"":1458},{""x"":1079,""y"":229,""t"":1640},{""x"":904,""y"":250,""t"":1691},{""x"":778,""y"":245,""t"":1795},{""x"":633,""y"":269,""t"":1899},{""x"":530,""y"":272,""t"":2003},{""x"":473,""y"":290,""t"":2108},{""x"":410,""y"":317,""t"":2217},{""x"":316,""y"":319,""t"":2319},{""x"":302,""y"":318,""t"":2419},{""x"":281,""y"":325,""t"":2518},{""x"":295,""y"":356,""t"":2615},{""x"":290,""y"":357,""t"":2744},{""x"":334,""y"":342,""t"":2875},{""x"":342,""y"":347,""t"":2988},{""x"":553,""y"":306,""t"":3092},{""x"":735,""y"":271,""t"":3191},{""x"":899,""y"":280,""t"":3306},{""x"":1009,""y"":282,""t"":3409},{""x"":1124,""y"":284,""t"":3579},{""x"":1095,""y"":403,""t"":3684},{""x"":977,""y"":460,""t"":3803},{""x"":918,""y"":468,""t"":3933},{""x"":862,""y"":482,""t"":4045},{""x"":773,""y"":488,""t"":4159},{""x"":719,""y"":495,""t"":4195},{""x"":684,""y"":504,""t"":4310},{""x"":630,""y"":502,""t"":4425},{""x"":585,""y"":508,""t"":4526},{""x"":532,""y"":544,""t"":4622},{""x"":579,""y"":597,""t"":4724},{""x"":684,""y"":523,""t"":4817},{""x"":846,""y"":459,""t"":4937},{""x"":797,""y"":395,""t"":5037},{""x"":757,""y"":347,""t"":5136},{""x"":680,""y"":309,""t"":5242},{""x"":644,""y"":277,""t"":5350},{""x"":580,""y"":260,""t"":5466},{""x"":560,""y"":233,""t"":5584},{""x"":570,""y"":211,""t"":5690},{""x"":642,""y"":173,""t"":5809},{""x"":656,""y"":178,""t"":5991},{""x"":610,""y"":197,""t"":6106},{""x"":619,""y"":203,""t"":6214},{""x"":618,""y"":222,""t"":6330},{""x"":615,""y"":223,""t"":6369},{""x"":583,""y"":232,""t"":6493},{""x"":599,""y"":219,""t"":6605},{""x"":630,""y"":197,""t"":6719}]",1,0.00021956218893604581,0.999780437811064,wa_b-last,0
19,0,7,exp_115,0.0,577.0,0.49,0.22,4.2,7.9,higher_p,higher_m,0,1,attributes,1.0,True,2.058,1.738,0.3199999999999998,0.5866799156325715,0.5,0.5,0.6,0.4,0.0,0.0,higher_p,higher_p,True,"{""durations"":[1000,1500,1000,1500],""alternatives"":[""all"",""all"",""all"",""all""],""attributes"":[""m"",""p"",""m"",""p""]}","[{""x"":810,""y"":128,""t"":-32},{""x"":821,""y"":135,""t"":3},{""x"":762,""y"":146,""t"":133},{""x"":715,""y"":168,""t"":236},{""x"":646,""y"":181,""t"":335},{""x"":525,""y"":216,""t"":448},{""x"":478,""y"":236,""t"":549},{""x"":422,""y"":243,""t"":681},{""x"":363,""y"":279,""t"":784},{""x"":321,""y"":255,""t"":889},{""x"":285,""y"":311,""t"":996},{""x"":297,""y"":305,""t"":1116},{""x"":361,""y"":252,""t"":1256},{""x"":540,""y"":225,""t"":1368},{""x"":704,""y"":206,""t"":1470},{""x"":859,""y"":198,""t"":1651},{""x"":762,""y"":249,""t"":1685},{""x"":725,""y"":264,""t"":1817},{""x"":852,""y"":293,""t"":1944},{""x"":987,""y"":313,""t"":2056},{""x"":1062,""y"":308,""t"":2160},{""x"":1165,""y"":330,""t"":2265},{""x"":1024,""y"":349,""t"":2401},{""x"":864,""y"":386,""t"":2503},{""x"":759,""y"":411,""t"":2609},{""x"":634,""y"":405,""t"":2715},{""x"":554,""y"":384,""t"":2844},{""x"":500,""y"":351,""t"":2966},{""x"":649,""y"":302,""t"":3068},{""x"":796,""y"":266,""t"":3171},{""x"":866,""y"":237,""t"":3284},{""x"":951,""y"":208,""t"":3396},{""x"":912,""y"":182,""t"":3547},{""x"":784,""y"":163,""t"":3663},{""x"":712,""y"":175,""t"":3771},{""x"":646,""y"":165,""t"":3905},{""x"":570,""y"":234,""t"":4040},{""x"":512,""y"":300,""t"":4164},{""x"":457,""y"":333,""t"":4282},{""x"":643,""y"":313,""t"":4404},{""x"":795,""y"":327,""t"":4562},{""x"":949,""y"":345,""t"":4680},{""x"":1065,""y"":349,""t"":4793},{""x"":1123,""y"":295,""t"":4904},{""x"":1137,""y"":268,""t"":5060},{""x"":1171,""y"":222,""t"":5163},{""x"":1163,""y"":199,""t"":5276},{""x"":1160,""y"":167,""t"":5397},{""x"":1135,""y"":158,""t"":5509},{""x"":1132,""y"":143,""t"":5647},{""x"":1082,""y"":131,""t"":5764},{""x"":1000,""y"":144,""t"":5885},{""x"":998,""y"":272,""t"":6056},{""x"":1036,""y"":237,""t"":6250},{""x"":1055,""y"":202,""t"":6278},{""x"":1083,""y"":193,""t"":6416},{""x"":1112,""y"":183,""t"":6532}]",0,0.960306420701549,0.03969357929845093,wa_b-last,0
19,0,8,exp_88,0.0,428.0,0.5,0.38,3.0,4.0,higher_p,higher_m,0,1,alternatives,0.0,False,1.5,1.52,-0.02,0.236730492272792,0.6,0.4,0.5,0.5,0.0,1.0,higher_p,higher_m,True,"{""durations"":[1500,1000,1500,1000],""alternatives"":[0,1,0,1],""attributes"":[""all"",""all"",""all"",""all""]}","[{""x"":696,""y"":177,""t"":-115},{""x"":663,""y"":177,""t"":2},{""x"":635,""y"":166,""t"":125},{""x"":644,""y"":155,""t"":228},{""x"":581,""y"":164,""t"":405},{""x"":523,""y"":176,""t"":443},{""x"":454,""y"":246,""t"":549},{""x"":402,""y"":311,""t"":665},{""x"":366,""y"":378,""t"":809},{""x"":397,""y"":363,""t"":912},{""x"":382,""y"":366,""t"":1069},{""x"":367,""y"":334,""t"":1170},{""x"":343,""y"":358,""t"":1273},{""x"":381,""y"":394,""t"":1386},{""x"":400,""y"":432,""t"":1501},{""x"":377,""y"":445,""t"":1611},{""x"":393,""y"":402,""t"":1731},{""x"":395,""y"":365,""t"":1838},{""x"":569,""y"":314,""t"":2009},{""x"":780,""y"":311,""t"":2045},{""x"":930,""y"":299,""t"":2152},{""x"":1043,""y"":290,""t"":2333},{""x"":1156,""y"":308,""t"":2377},{""x"":1201,""y"":271,""t"":2543},{""x"":1234,""y"":238,""t"":2652},{""x"":1265,""y"":202,""t"":2691},{""x"":1280,""y"":167,""t"":2800},{""x"":1141,""y"":158,""t"":2976},{""x"":974,""y"":126,""t"":3086},{""x"":842,""y"":131,""t"":3195},{""x"":731,""y"":123,""t"":3305},{""x"":616,""y"":169,""t"":3343},{""x"":582,""y"":203,""t"":3455},{""x"":525,""y"":276,""t"":3582},{""x"":429,""y"":439,""t"":3687},{""x"":493,""y"":486,""t"":3786},{""x"":295,""y"":572,""t"":3895},{""x"":386,""y"":584,""t"":4002},{""x"":275,""y"":614,""t"":4116},{""x"":237,""y"":647,""t"":4232},{""x"":285,""y"":601,""t"":4348},{""x"":329,""y"":540,""t"":4469},{""x"":408,""y"":447,""t"":4573},{""x"":512,""y"":356,""t"":4673},{""x"":694,""y"":285,""t"":4792},{""x"":860,""y"":235,""t"":4898},{""x"":876,""y"":307,""t"":5018},{""x"":891,""y"":387,""t"":5127},{""x"":1038,""y"":361,""t"":5225},{""x"":1134,""y"":322,""t"":5330},{""x"":1074,""y"":265,""t"":5442},{""x"":1025,""y"":214,""t"":5557},{""x"":1013,""y"":162,""t"":5659},{""x"":983,""y"":139,""t"":5769},{""x"":951,""y"":116,""t"":5871},{""x"":876,""y"":113,""t"":6001},{""x"":846,""y"":103,""t"":6172},{""x"":793,""y"":113,""t"":6220},{""x"":756,""y"":123,""t"":6332}]",1,0.7871068699053105,0.2128931300946895,wa_b-last,0
19,0,9,exp_90,0.0,555.0,0.5,0.38,3.0,4.0,higher_p,higher_m,0,1,alternatives,0.0,False,1.5,1.52,-0.02,0.236730492272792,0.6,0.4,0.5,0.5,0.0,0.0,higher_p,higher_p,True,"{""durations"":[1000,1500,1000,1500],""alternatives"":[1,0,1,0],""attributes"":[""all"",""all"",""all"",""all""]}","[{""x"":675,""y"":118,""t"":-112},{""x"":665,""y"":142,""t"":2},{""x"":665,""y"":163,""t"":117},{""x"":622,""y"":193,""t"":218},{""x"":599,""y"":171,""t"":332},{""x"":549,""y"":188,""t"":446},{""x"":501,""y"":222,""t"":621},{""x"":504,""y"":237,""t"":732},{""x"":445,""y"":253,""t"":775},{""x"":458,""y"":250,""t"":882},{""x"":616,""y"":223,""t"":1001},{""x"":712,""y"":215,""t"":1118},{""x"":843,""y"":191,""t"":1304},{""x"":952,""y"":185,""t"":1341},{""x"":1037,""y"":180,""t"":1451},{""x"":1086,""y"":191,""t"":1589},{""x"":1140,""y"":193,""t"":1688},{""x"":1157,""y"":181,""t"":1793},{""x"":1166,""y"":189,""t"":1907},{""x"":1213,""y"":155,""t"":2089},{""x"":1240,""y"":153,""t"":2208},{""x"":1232,""y"":166,""t"":2252},{""x"":1195,""y"":187,""t"":2360},{""x"":1200,""y"":179,""t"":2487},{""x"":1234,""y"":165,""t"":2594},{""x"":1176,""y"":176,""t"":2754},{""x"":1192,""y"":184,""t"":2868},{""x"":1014,""y"":184,""t"":2988},{""x"":829,""y"":225,""t"":3094},{""x"":678,""y"":283,""t"":3318},{""x"":534,""y"":313,""t"":3356},{""x"":415,""y"":361,""t"":3468},{""x"":368,""y"":358,""t"":3593},{""x"":338,""y"":346,""t"":3688},{""x"":335,""y"":331,""t"":3786},{""x"":342,""y"":308,""t"":3889},{""x"":278,""y"":329,""t"":3998},{""x"":458,""y"":301,""t"":4124},{""x"":677,""y"":275,""t"":4233},{""x"":867,""y"":281,""t"":4354},{""x"":963,""y"":288,""t"":4458},{""x"":1050,""y"":237,""t"":4569},{""x"":1118,""y"":209,""t"":4671},{""x"":1189,""y"":180,""t"":4788},{""x"":1040,""y"":173,""t"":4902},{""x"":984,""y"":169,""t"":5010},{""x"":843,""y"":195,""t"":5198},{""x"":741,""y"":173,""t"":5246},{""x"":671,""y"":156,""t"":5365},{""x"":615,""y"":180,""t"":5477},{""x"":556,""y"":196,""t"":5586},{""x"":582,""y"":172,""t"":5700},{""x"":617,""y"":147,""t"":5802},{""x"":676,""y"":167,""t"":5919},{""x"":673,""y"":160,""t"":6033},{""x"":747,""y"":170,""t"":6143},{""x"":772,""y"":165,""t"":6259},{""x"":850,""y"":159,""t"":6359},{""x"":789,""y"":153,""t"":6467}]",0,0.8472395136421833,0.15276048635781667,wa_b-last,0
19,0,10,exp_68,0.0,629.0,0.72,0.51,4.2,5.2,higher_p,higher_m,0,1,alternatives,0.0,False,3.024,2.652,0.3719999999999999,0.6402015921464201,0.4,0.6,0.5,0.5,1.0,0.0,higher_m,higher_p,True,"{""durations"":[1500,1000,1500,1000],""alternatives"":[1,0,1,0],""attributes"":[""all"",""all"",""all"",""all""]}","[{""x"":773,""y"":295,""t"":-115},{""x"":725,""y"":285,""t"":1},{""x"":706,""y"":269,""t"":123},{""x"":637,""y"":260,""t"":224},{""x"":588,""y"":282,""t"":383},{""x"":539,""y"":279,""t"":482},{""x"":514,""y"":289,""t"":581},{""x"":475,""y"":261,""t"":694},{""x"":438,""y"":305,""t"":867},{""x"":405,""y"":356,""t"":915},{""x"":421,""y"":372,""t"":1076},{""x"":448,""y"":356,""t"":1190},{""x"":481,""y"":359,""t"":1304},{""x"":478,""y"":326,""t"":1339},{""x"":434,""y"":304,""t"":1449},{""x"":590,""y"":250,""t"":1633},{""x"":677,""y"":224,""t"":1750},{""x"":796,""y"":194,""t"":1796},{""x"":889,""y"":156,""t"":1905},{""x"":1000,""y"":146,""t"":2011},{""x"":1120,""y"":151,""t"":2113},{""x"":1200,""y"":173,""t"":2224},{""x"":1289,""y"":208,""t"":2386},{""x"":1325,""y"":245,""t"":2432},{""x"":1321,""y"":220,""t"":2603},{""x"":1318,""y"":202,""t"":2654},{""x"":1250,""y"":191,""t"":2782},{""x"":1247,""y"":178,""t"":2890},{""x"":1236,""y"":187,""t"":2992},{""x"":1038,""y"":177,""t"":3157},{""x"":860,""y"":199,""t"":3262},{""x"":704,""y"":206,""t"":3296},{""x"":581,""y"":292,""t"":3411},{""x"":487,""y"":356,""t"":3524},{""x"":590,""y"":326,""t"":3620},{""x"":711,""y"":285,""t"":3717},{""x"":834,""y"":267,""t"":3939},{""x"":881,""y"":231,""t"":4000},{""x"":977,""y"":203,""t"":4125},{""x"":1004,""y"":181,""t"":4247},{""x"":1033,""y"":173,""t"":4372},{""x"":1099,""y"":147,""t"":4502},{""x"":1165,""y"":135,""t"":4627},{""x"":1168,""y"":124,""t"":4745},{""x"":1230,""y"":158,""t"":4858},{""x"":1214,""y"":194,""t"":4979},{""x"":1224,""y"":213,""t"":5080},{""x"":1220,""y"":199,""t"":5182},{""x"":1209,""y"":197,""t"":5285},{""x"":1222,""y"":202,""t"":5413},{""x"":1024,""y"":219,""t"":5534},{""x"":854,""y"":233,""t"":5671},{""x"":715,""y"":238,""t"":5787},{""x"":697,""y"":220,""t"":5901},{""x"":675,""y"":215,""t"":6031},{""x"":779,""y"":224,""t"":6166},{""x"":804,""y"":241,""t"":6285},{""x"":920,""y"":239,""t"":6420},{""x"":994,""y"":285,""t"":6538}]",0,0.9552342453656083,0.04476575463439158,wa_b-last,0
19,0,11,exp_113,0.0,382.0,0.49,0.22,4.2,7.9,higher_p,higher_m,0,1,attributes,1.0,True,2.058,1.738,0.3199999999999998,0.5866799156325715,0.5,0.5,0.6,0.4,0.0,1.0,higher_p,higher_m,True,"{""durations"":[1500,1000,1500,1000],""alternatives"":[""all"",""all"",""all"",""all""],""attributes"":[""p"",""m"",""p"",""m""]}","[{""x"":674,""y"":262,""t"":-134},{""x"":667,""y"":227,""t"":3},{""x"":672,""y"":205,""t"":129},{""x"":634,""y"":201,""t"":254},{""x"":556,""y"":270,""t"":359},{""x"":524,""y"":313,""t"":482},{""x"":713,""y"":297,""t"":604},{""x"":847,""y"":300,""t"":736},{""x"":922,""y"":335,""t"":871},{""x"":820,""y"":347,""t"":972},{""x"":710,""y"":370,""t"":1073},{""x"":637,""y"":403,""t"":1172},{""x"":578,""y"":426,""t"":1399},{""x"":511,""y"":387,""t"":1442},{""x"":451,""y"":376,""t"":1559},{""x"":602,""y"":350,""t"":1670},{""x"":739,""y"":366,""t"":1787},{""x"":777,""y"":311,""t"":1892},{""x"":782,""y"":278,""t"":2011},{""x"":670,""y"":271,""t"":2113},{""x"":584,""y"":244,""t"":2216},{""x"":572,""y"":214,""t"":2335},{""x"":686,""y"":179,""t"":2435},{""x"":777,""y"":143,""t"":2563},{""x"":853,""y"":118,""t"":2665},{""x"":935,""y"":109,""t"":2832},{""x"":986,""y"":88,""t"":2869},{""x"":1067,""y"":161,""t"":2972},{""x"":1155,""y"":180,""t"":3105},{""x"":1203,""y"":233,""t"":3209},{""x"":999,""y"":272,""t"":3309},{""x"":873,""y"":325,""t"":3410},{""x"":740,""y"":371,""t"":3518},{""x"":645,""y"":420,""t"":3633},{""x"":601,""y"":401,""t"":3814},{""x"":548,""y"":375,""t"":3861},{""x"":481,""y"":362,""t"":3998},{""x"":458,""y"":316,""t"":4114},{""x"":430,""y"":304,""t"":4276},{""x"":443,""y"":294,""t"":4308},{""x"":456,""y"":253,""t"":4434},{""x"":445,""y"":210,""t"":4599},{""x"":494,""y"":163,""t"":4644},{""x"":626,""y"":142,""t"":4819},{""x"":605,""y"":133,""t"":4865},{""x"":557,""y"":108,""t"":4970},{""x"":555,""y"":114,""t"":5083},{""x"":513,""y"":131,""t"":5184},{""x"":459,""y"":160,""t"":5286},{""x"":472,""y"":193,""t"":5412},{""x"":478,""y"":237,""t"":5525},{""x"":471,""y"":300,""t"":5635},{""x"":524,""y"":297,""t"":5796},{""x"":574,""y"":325,""t"":5840},{""x"":552,""y"":300,""t"":5942},{""x"":591,""y"":275,""t"":6044},{""x"":596,""y"":256,""t"":6147}]",0,0.9416142876036634,0.0583857123963365,wa_b-last,0
19,0,12,exp_10,0.0,792.0,0.7,0.29,1.7999999999999998,5.0,higher_p,higher_m,0,1,alternatives,0.0,False,1.2599999999999998,1.45,-0.1900000000000001,0.0617557805929021,0.6,0.4,0.5,0.5,0.0,0.0,higher_p,higher_p,True,"{""durations"":[1000,1500,1000,1500],""alternatives"":[1,0,1,0],""attributes"":[""all"",""all"",""all"",""all""]}","[{""x"":611,""y"":168,""t"":-107},{""x"":582,""y"":144,""t"":46},{""x"":577,""y"":143,""t"":154},{""x"":565,""y"":158,""t"":321},{""x"":569,""y"":159,""t"":443},{""x"":742,""y"":148,""t"":570},{""x"":847,""y"":155,""t"":700},{""x"":947,""y"":140,""t"":811},{""x"":1034,""y"":171,""t"":850},{""x"":1159,""y"":235,""t"":951},{""x"":1256,""y"":302,""t"":1059},{""x"":1306,""y"":281,""t"":1236},{""x"":1301,""y"":261,""t"":1271},{""x"":1300,""y"":248,""t"":1373},{""x"":1293,""y"":239,""t"":1480},{""x"":1080,""y"":246,""t"":1655},{""x"":910,""y"":268,""t"":1762},{""x"":782,""y"":255,""t"":1875},{""x"":641,""y"":244,""t"":1985},{""x"":523,""y"":269,""t"":2089},{""x"":434,""y"":278,""t"":2124},{""x"":362,""y"":293,""t"":2235},{""x"":326,""y"":312,""t"":2413},{""x"":262,""y"":358,""t"":2458},{""x"":253,""y"":403,""t"":2623},{""x"":220,""y"":401,""t"":2726},{""x"":213,""y"":394,""t"":2763},{""x"":197,""y"":393,""t"":2879},{""x"":222,""y"":386,""t"":3046},{""x"":295,""y"":345,""t"":3148},{""x"":478,""y"":293,""t"":3260},{""x"":635,""y"":262,""t"":3383},{""x"":784,""y"":226,""t"":3430},{""x"":882,""y"":203,""t"":3527},{""x"":1024,""y"":237,""t"":3688},{""x"":1106,""y"":213,""t"":3789},{""x"":1158,""y"":188,""t"":3824},{""x"":1157,""y"":167,""t"":3971},{""x"":986,""y"":194,""t"":4075},{""x"":873,""y"":206,""t"":4177},{""x"":746,""y"":251,""t"":4302},{""x"":632,""y"":314,""t"":4478},{""x"":520,""y"":314,""t"":4585},{""x"":452,""y"":292,""t"":4692},{""x"":417,""y"":290,""t"":4822},{""x"":435,""y"":277,""t"":4929},{""x"":449,""y"":255,""t"":4963},{""x"":473,""y"":250,""t"":5078},{""x"":464,""y"":364,""t"":5273},{""x"":436,""y"":401,""t"":5313},{""x"":455,""y"":439,""t"":5422},{""x"":401,""y"":533,""t"":5596},{""x"":425,""y"":561,""t"":5643},{""x"":447,""y"":582,""t"":5757},{""x"":478,""y"":590,""t"":5922},{""x"":518,""y"":612,""t"":6035},{""x"":533,""y"":652,""t"":6077},{""x"":503,""y"":588,""t"":6183},{""x"":563,""y"":519,""t"":6294},{""x"":544,""y"":405,""t"":6397},{""x"":592,""y"":361,""t"":6498},{""x"":572,""y"":313,""t"":6607}]",0,0.9956147592348669,0.0043852407651332,wa_b-last,0
19,0,13,exp_59,0.0,1060.0,0.41,0.21,1.7999999999999998,6.2,higher_p,higher_m,0,1,attributes,1.0,True,0.7379999999999999,1.302,-0.5640000000000002,-0.3231885851028554,0.5,0.5,0.6,0.4,0.0,0.0,higher_p,higher_p,True,"{""durations"":[1000,1500,1000,1500],""alternatives"":[""all"",""all"",""all"",""all""],""attributes"":[""m"",""p"",""m"",""p""]}","[{""x"":727,""y"":83,""t"":-101},{""x"":740,""y"":67,""t"":2},{""x"":761,""y"":88,""t"":113},{""x"":711,""y"":130,""t"":212},{""x"":663,""y"":133,""t"":329},{""x"":609,""y"":145,""t"":433},{""x"":560,""y"":157,""t"":531},{""x"":706,""y"":150,""t"":707},{""x"":813,""y"":151,""t"":748},{""x"":921,""y"":149,""t"":924},{""x"":989,""y"":137,""t"":1024},{""x"":851,""y"":119,""t"":1207},{""x"":786,""y"":134,""t"":1245},{""x"":667,""y"":167,""t"":1349},{""x"":576,""y"":182,""t"":1461},{""x"":477,""y"":199,""t"":1644},{""x"":437,""y"":234,""t"":1768},{""x"":600,""y"":226,""t"":1878},{""x"":756,""y"":238,""t"":1987},{""x"":848,""y"":272,""t"":2092},{""x"":965,""y"":293,""t"":2137},{""x"":1055,""y"":290,""t"":2331},{""x"":1086,""y"":267,""t"":2441},{""x"":1138,""y"":269,""t"":2543},{""x"":1187,""y"":287,""t"":2589},{""x"":1171,""y"":245,""t"":2711},{""x"":1202,""y"":210,""t"":2829},{""x"":1202,""y"":191,""t"":2937},{""x"":1214,""y"":168,""t"":3034},{""x"":1131,""y"":166,""t"":3151},{""x"":945,""y"":161,""t"":3253},{""x"":815,""y"":174,""t"":3365},{""x"":682,""y"":144,""t"":3539},{""x"":563,""y"":158,""t"":3575},{""x"":448,""y"":223,""t"":3757},{""x"":386,""y"":259,""t"":3792},{""x"":337,""y"":314,""t"":3983},{""x"":315,""y"":367,""t"":4025},{""x"":279,""y"":405,""t"":4126},{""x"":278,""y"":421,""t"":4283},{""x"":323,""y"":436,""t"":4325},{""x"":317,""y"":433,""t"":4432},{""x"":355,""y"":430,""t"":4549},{""x"":347,""y"":439,""t"":4718},{""x"":550,""y"":376,""t"":4826},{""x"":725,""y"":351,""t"":4952},{""x"":841,""y"":333,""t"":5070},{""x"":965,""y"":290,""t"":5111},{""x"":1116,""y"":263,""t"":5217},{""x"":1242,""y"":239,""t"":5322},{""x"":1347,""y"":219,""t"":5423},{""x"":1424,""y"":183,""t"":5523},{""x"":1453,""y"":190,""t"":5720},{""x"":1441,""y"":214,""t"":5764},{""x"":1499,""y"":183,""t"":5881},{""x"":1556,""y"":158,""t"":5984},{""x"":1549,""y"":86,""t"":6150},{""x"":1493,""y"":36,""t"":6183},{""x"":1536,""y"":24,""t"":6281},{""x"":1586,""y"":-24,""t"":6394},{""x"":1648,""y"":-39,""t"":6491},{""x"":1640,""y"":-66,""t"":6671},{""x"":1695,""y"":-34,""t"":6777},{""x"":1663,""y"":-65,""t"":6813},{""x"":1732,""y"":-91,""t"":6938},{""x"":1750,""y"":-106,""t"":7114}]",0,0.8741047807502845,0.12589521924971556,wa_b-last,0
19,0,14,catch_6,1.0,514.0,0.23,0.59,1.9,2.7,dominated,dominant,1,1,alternatives,0.0,False,0.437,1.593,-1.156,-0.9325122869528244,0.5,0.5,0.5,0.5,,1.0,,dominant,True,"{""durations"":[1250,1250,1250,1250],""attributes"":[""all"",""all"",""all"",""all""],""alternatives"":[0,1,0,1]}","[{""x"":940,""y"":102,""t"":-49},{""x"":853,""y"":109,""t"":1},{""x"":794,""y"":120,""t"":128},{""x"":759,""y"":142,""t"":236},{""x"":817,""y"":138,""t"":333},{""x"":859,""y"":147,""t"":444},{""x"":922,""y"":141,""t"":561},{""x"":904,""y"":139,""t"":687},{""x"":979,""y"":146,""t"":783},{""x"":972,""y"":153,""t"":946},{""x"":985,""y"":122,""t"":1094},{""x"":759,""y"":79,""t"":1192},{""x"":749,""y"":79,""t"":1299},{""x"":881,""y"":93,""t"":1491},{""x"":994,""y"":96,""t"":1537},{""x"":1099,""y"":83,""t"":1635},{""x"":1120,""y"":84,""t"":1796},{""x"":1024,""y"":78,""t"":1898},{""x"":943,""y"":82,""t"":1938},{""x"":861,""y"":99,""t"":2110},{""x"":772,""y"":118,""t"":2156},{""x"":708,""y"":161,""t"":2341},{""x"":668,""y"":181,""t"":2445},{""x"":609,""y"":180,""t"":2562},{""x"":562,""y"":179,""t"":2596},{""x"":505,""y"":183,""t"":2763},{""x"":504,""y"":199,""t"":2798},{""x"":454,""y"":258,""t"":2908},{""x"":441,""y"":256,""t"":3011},{""x"":534,""y"":223,""t"":3137},{""x"":677,""y"":214,""t"":3258},{""x"":838,""y"":190,""t"":3422},{""x"":900,""y"":200,""t"":3524},{""x"":889,""y"":198,""t"":3632},{""x"":825,""y"":191,""t"":3754},{""x"":780,""y"":209,""t"":3801},{""x"":738,""y"":201,""t"":3927},{""x"":709,""y"":214,""t"":4041},{""x"":661,""y"":213,""t"":4209},{""x"":605,""y"":214,""t"":4248},{""x"":611,""y"":209,""t"":4364},{""x"":578,""y"":227,""t"":4529},{""x"":538,""y"":236,""t"":4636},{""x"":507,""y"":236,""t"":4741},{""x"":511,""y"":246,""t"":4862},{""x"":518,""y"":215,""t"":4896},{""x"":553,""y"":223,""t"":5057},{""x"":563,""y"":204,""t"":5100},{""x"":577,""y"":182,""t"":5201},{""x"":586,""y"":198,""t"":5302},{""x"":572,""y"":198,""t"":5416},{""x"":546,""y"":228,""t"":5589},{""x"":562,""y"":226,""t"":5632},{""x"":576,""y"":225,""t"":5735},{""x"":645,""y"":204,""t"":5917},{""x"":643,""y"":208,""t"":6039},{""x"":639,""y"":220,""t"":6079},{""x"":645,""y"":189,""t"":6207},{""x"":650,""y"":162,""t"":6314},{""x"":637,""y"":175,""t"":6475}]",1,0.0029549140824019827,0.997045085917598,wa_b-last,0
19,0,15,exp_40,1.0,415.0,0.81,0.48,1.6999999999999995,7.9,higher_p,higher_m,0,1,alternatives,0.0,False,1.3769999999999998,3.792,-2.415,-2.2283544163938904,0.6,0.4,0.5,0.5,0.0,1.0,higher_p,higher_m,False,"{""durations"":[1500,1000,1500,1000],""alternatives"":[0,1,0,1],""attributes"":[""all"",""all"",""all"",""all""]}","[{""x"":658,""y"":132,""t"":-47},{""x"":629,""y"":141,""t"":2},{""x"":625,""y"":138,""t"":118},{""x"":605,""y"":153,""t"":216},{""x"":574,""y"":170,""t"":318},{""x"":505,""y"":207,""t"":426},{""x"":453,""y"":239,""t"":562},{""x"":381,""y"":283,""t"":733},{""x"":341,""y"":285,""t"":844},{""x"":322,""y"":298,""t"":889},{""x"":329,""y"":312,""t"":1128},{""x"":345,""y"":311,""t"":1155},{""x"":356,""y"":275,""t"":1333},{""x"":337,""y"":316,""t"":1467},{""x"":323,""y"":346,""t"":1569},{""x"":396,""y"":329,""t"":1614},{""x"":512,""y"":293,""t"":1724},{""x"":595,""y"":253,""t"":1848},{""x"":773,""y"":234,""t"":2030},{""x"":871,""y"":201,""t"":2137},{""x"":977,""y"":165,""t"":2252},{""x"":1017,""y"":152,""t"":2373},{""x"":1082,""y"":132,""t"":2481},{""x"":1062,""y"":141,""t"":2592},{""x"":1115,""y"":159,""t"":2705},{""x"":1147,""y"":175,""t"":2746},{""x"":1208,""y"":195,""t"":2853},{""x"":1042,""y"":219,""t"":3030},{""x"":848,""y"":231,""t"":3136},{""x"":665,""y"":235,""t"":3181},{""x"":544,""y"":234,""t"":3350},{""x"":449,""y"":237,""t"":3468},{""x"":342,""y"":241,""t"":3579},{""x"":465,""y"":261,""t"":3683},{""x"":599,""y"":289,""t"":3730},{""x"":686,""y"":295,""t"":3857},{""x"":757,""y"":297,""t"":3959},{""x"":801,""y"":316,""t"":4133},{""x"":856,""y"":347,""t"":4168},{""x"":870,""y"":337,""t"":4290},{""x"":896,""y"":335,""t"":4472},{""x"":915,""y"":336,""t"":4589},{""x"":960,""y"":343,""t"":4636},{""x"":970,""y"":305,""t"":4803},{""x"":1011,""y"":280,""t"":4903},{""x"":1037,""y"":265,""t"":4950},{""x"":1045,""y"":251,""t"":5063},{""x"":1069,""y"":258,""t"":5265},{""x"":1085,""y"":220,""t"":5387},{""x"":1121,""y"":205,""t"":5492},{""x"":1078,""y"":211,""t"":5595},{""x"":1076,""y"":181,""t"":5713},{""x"":1001,""y"":124,""t"":5752},{""x"":1049,""y"":133,""t"":5872},{""x"":1034,""y"":112,""t"":5970},{""x"":1013,""y"":126,""t"":6139}]",0,0.9508889245418387,0.049111075458161235,wa_b-last,0
19,0,16,exp_116,0.0,318.0,0.49,0.22,4.2,7.9,higher_p,higher_m,0,1,alternatives,0.0,False,2.058,1.738,0.3199999999999998,0.5866799156325715,0.4,0.6,0.5,0.5,1.0,0.0,higher_m,higher_p,True,"{""durations"":[1500,1000,1500,1000],""alternatives"":[1,0,1,0],""attributes"":[""all"",""all"",""all"",""all""]}","[{""x"":675,""y"":307,""t"":-34},{""x"":686,""y"":353,""t"":3},{""x"":718,""y"":350,""t"":122},{""x"":721,""y"":379,""t"":285},{""x"":735,""y"":415,""t"":319},{""x"":488,""y"":385,""t"":585},{""x"":421,""y"":366,""t"":613},{""x"":395,""y"":345,""t"":721},{""x"":346,""y"":325,""t"":847},{""x"":321,""y"":344,""t"":1009},{""x"":317,""y"":369,""t"":1053},{""x"":325,""y"":386,""t"":1167},{""x"":321,""y"":377,""t"":1359},{""x"":322,""y"":361,""t"":1473},{""x"":322,""y"":336,""t"":1510},{""x"":175,""y"":308,""t"":1624},{""x"":308,""y"":252,""t"":1739},{""x"":467,""y"":218,""t"":1861},{""x"":645,""y"":217,""t"":1960},{""x"":770,""y"":204,""t"":2074},{""x"":831,""y"":193,""t"":2177},{""x"":943,""y"":158,""t"":2277},{""x"":965,""y"":158,""t"":2447},{""x"":1027,""y"":165,""t"":2495},{""x"":1079,""y"":166,""t"":2617},{""x"":1098,""y"":177,""t"":2818},{""x"":959,""y"":236,""t"":2867},{""x"":839,""y"":252,""t"":2969},{""x"":606,""y"":256,""t"":3160},{""x"":537,""y"":252,""t"":3208},{""x"":498,""y"":263,""t"":3388},{""x"":337,""y"":250,""t"":3492},{""x"":467,""y"":248,""t"":3537},{""x"":599,""y"":244,""t"":3642},{""x"":718,""y"":264,""t"":3739},{""x"":811,""y"":273,""t"":3910},{""x"":933,""y"":292,""t"":4011},{""x"":1004,""y"":292,""t"":4131},{""x"":1089,""y"":312,""t"":4251},{""x"":1128,""y"":306,""t"":4285},{""x"":1192,""y"":317,""t"":4398},{""x"":1179,""y"":315,""t"":4609},{""x"":1187,""y"":347,""t"":4646},{""x"":1174,""y"":357,""t"":4813},{""x"":1172,""y"":336,""t"":4944},{""x"":1190,""y"":348,""t"":5060},{""x"":1101,""y"":349,""t"":5099},{""x"":1107,""y"":354,""t"":5199},{""x"":1054,""y"":297,""t"":5308},{""x"":1033,""y"":273,""t"":5422},{""x"":957,""y"":260,""t"":5598},{""x"":940,""y"":262,""t"":5645},{""x"":854,""y"":239,""t"":5772},{""x"":830,""y"":240,""t"":5869},{""x"":851,""y"":224,""t"":6044}]",0,0.960306420701549,0.03969357929845093,wa_b-last,0
19,0,17,catch_9,1.0,444.0,0.48,0.72,1.7999999999999998,4.0,dominated,dominant,1,1,attributes,1.0,True,0.8639999999999999,2.88,-2.016,-1.8176784754510904,0.5,0.5,0.5,0.5,,1.0,,dominant,True,"{""durations"":[1250,1250,1250,1250],""attributes"":[""p"",""m"",""p"",""m""],""alternatives"":[""all"",""all"",""all"",""all""]}","[{""x"":835,""y"":205,""t"":-34},{""x"":764,""y"":188,""t"":3},{""x"":514,""y"":152,""t"":140},{""x"":467,""y"":144,""t"":251},{""x"":456,""y"":170,""t"":365},{""x"":406,""y"":209,""t"":541},{""x"":300,""y"":264,""t"":579},{""x"":268,""y"":327,""t"":699},{""x"":437,""y"":305,""t"":867},{""x"":556,""y"":285,""t"":987},{""x"":730,""y"":292,""t"":1029},{""x"":827,""y"":277,""t"":1225},{""x"":920,""y"":259,""t"":1340},{""x"":983,""y"":259,""t"":1385},{""x"":1018,""y"":243,""t"":1500},{""x"":1091,""y"":216,""t"":1619},{""x"":1009,""y"":154,""t"":1736},{""x"":1087,""y"":157,""t"":1837},{""x"":882,""y"":214,""t"":2029},{""x"":756,""y"":231,""t"":2132},{""x"":655,""y"":273,""t"":2259},{""x"":564,""y"":274,""t"":2366},{""x"":535,""y"":344,""t"":2411},{""x"":517,""y"":380,""t"":2512},{""x"":520,""y"":440,""t"":2612},{""x"":525,""y"":503,""t"":2717},{""x"":562,""y"":540,""t"":2841},{""x"":553,""y"":578,""t"":3046},{""x"":694,""y"":567,""t"":3153},{""x"":795,""y"":551,""t"":3258},{""x"":846,""y"":501,""t"":3401},{""x"":922,""y"":520,""t"":3445},{""x"":852,""y"":505,""t"":3547},{""x"":835,""y"":386,""t"":3647},{""x"":918,""y"":318,""t"":3769},{""x"":923,""y"":241,""t"":3880},{""x"":993,""y"":194,""t"":3991},{""x"":881,""y"":188,""t"":4092},{""x"":774,""y"":194,""t"":4220},{""x"":652,""y"":213,""t"":4321},{""x"":621,""y"":210,""t"":4420},{""x"":556,""y"":209,""t"":4541},{""x"":672,""y"":198,""t"":4716},{""x"":751,""y"":195,""t"":4820},{""x"":832,""y"":180,""t"":4932},{""x"":795,""y"":133,""t"":5013},{""x"":874,""y"":118,""t"":5127},{""x"":873,""y"":89,""t"":5242},{""x"":921,""y"":92,""t"":5336},{""x"":949,""y"":109,""t"":5592},{""x"":991,""y"":120,""t"":5620},{""x"":995,""y"":152,""t"":5723},{""x"":946,""y"":164,""t"":5892},{""x"":911,""y"":147,""t"":6006},{""x"":880,""y"":175,""t"":6086},{""x"":849,""y"":154,""t"":6184}]",1,0.01182714736810586,0.988172852631894,wa_b-last,0
19,0,18,exp_47,0.0,1745.0,0.81,0.48,1.6999999999999995,7.9,higher_p,higher_m,0,1,attributes,1.0,True,1.3769999999999998,3.792,-2.415,-2.2283544163938904,0.5,0.5,0.4,0.6,1.0,1.0,higher_m,higher_m,True,"{""durations"":[1000,1500,1000,1500],""alternatives"":[""all"",""all"",""all"",""all""],""attributes"":[""p"",""m"",""p"",""m""]}","[{""x"":655,""y"":141,""t"":-131},{""x"":546,""y"":132,""t"":-29},{""x"":513,""y"":146,""t"":3},{""x"":493,""y"":179,""t"":182},{""x"":482,""y"":218,""t"":286},{""x"":496,""y"":257,""t"":386},{""x"":428,""y"":316,""t"":516},{""x"":506,""y"":348,""t"":617},{""x"":542,""y"":383,""t"":724},{""x"":661,""y"":353,""t"":916},{""x"":742,""y"":321,""t"":963},{""x"":779,""y"":313,""t"":1126},{""x"":687,""y"":321,""t"":1166},{""x"":553,""y"":341,""t"":1282},{""x"":516,""y"":322,""t"":1398},{""x"":478,""y"":308,""t"":1508},{""x"":452,""y"":312,""t"":1684},{""x"":619,""y"":271,""t"":1792},{""x"":707,""y"":246,""t"":1920},{""x"":751,""y"":244,""t"":2028},{""x"":844,""y"":205,""t"":2068},{""x"":818,""y"":154,""t"":2250},{""x"":917,""y"":135,""t"":2355},{""x"":967,""y"":129,""t"":2466},{""x"":911,""y"":104,""t"":2574},{""x"":944,""y"":109,""t"":2618},{""x"":955,""y"":84,""t"":2731},{""x"":1021,""y"":104,""t"":2911},{""x"":953,""y"":115,""t"":2943},{""x"":1048,""y"":181,""t"":3047},{""x"":1128,""y"":275,""t"":3242},{""x"":1140,""y"":304,""t"":3282},{""x"":1211,""y"":359,""t"":3382},{""x"":1034,""y"":395,""t"":3546},{""x"":711,""y"":347,""t"":3662},{""x"":609,""y"":411,""t"":3694},{""x"":372,""y"":359,""t"":3809},{""x"":412,""y"":310,""t"":3909},{""x"":496,""y"":269,""t"":4021},{""x"":507,""y"":217,""t"":4122},{""x"":541,""y"":193,""t"":4224},{""x"":363,""y"":166,""t"":4336},{""x"":490,""y"":125,""t"":4446},{""x"":588,""y"":102,""t"":4551},{""x"":657,""y"":92,""t"":4719},{""x"":661,""y"":71,""t"":4752},{""x"":654,""y"":26,""t"":4930},{""x"":639,""y"":-22,""t"":5038},{""x"":474,""y"":-16,""t"":5147},{""x"":430,""y"":19,""t"":5258},{""x"":390,""y"":46,""t"":5368},{""x"":437,""y"":113,""t"":5415},{""x"":280,""y"":131,""t"":5538},{""x"":380,""y"":144,""t"":5725},{""x"":462,""y"":147,""t"":5856},{""x"":546,""y"":167,""t"":5957},{""x"":650,""y"":168,""t"":6003},{""x"":703,""y"":171,""t"":6119},{""x"":753,""y"":173,""t"":6224},{""x"":669,""y"":267,""t"":6409},{""x"":691,""y"":323,""t"":6447},{""x"":674,""y"":370,""t"":6549},{""x"":706,""y"":409,""t"":6652},{""x"":582,""y"":348,""t"":6824},{""x"":664,""y"":321,""t"":6905},{""x"":616,""y"":260,""t"":7003},{""x"":581,""y"":311,""t"":7171},{""x"":609,""y"":341,""t"":7205},{""x"":562,""y"":333,""t"":7323},{""x"":603,""y"":309,""t"":7516},{""x"":542,""y"":253,""t"":7539}]",0,0.9508889245418387,0.049111075458161235,wa_b-last,0
19,0,19,catch_7,1.0,543.0,0.28,0.48,2.1,5.2,dominated,dominant,1,1,attributes,1.0,True,0.5880000000000001,2.496,-1.908,-1.706518070383866,0.5,0.5,0.5,0.5,,1.0,,dominant,True,"{""durations"":[1250,1250,1250,1250],""attributes"":[""p"",""m"",""p"",""m""],""alternatives"":[""all"",""all"",""all"",""all""]}","[{""x"":652,""y"":220,""t"":-99},{""x"":540,""y"":154,""t"":2},{""x"":601,""y"":157,""t"":116},{""x"":560,""y"":230,""t"":311},{""x"":446,""y"":250,""t"":421},{""x"":451,""y"":305,""t"":526},{""x"":441,""y"":342,""t"":655},{""x"":616,""y"":316,""t"":766},{""x"":767,""y"":324,""t"":883},{""x"":836,""y"":271,""t"":929},{""x"":764,""y"":288,""t"":1095},{""x"":708,""y"":297,""t"":1133},{""x"":683,""y"":346,""t"":1300},{""x"":661,""y"":397,""t"":1338},{""x"":616,""y"":420,""t"":1440},{""x"":617,""y"":357,""t"":1598},{""x"":559,""y"":337,""t"":1712},{""x"":551,""y"":274,""t"":1757},{""x"":382,""y"":253,""t"":1920},{""x"":346,""y"":225,""t"":2025},{""x"":367,""y"":153,""t"":2148},{""x"":526,""y"":120,""t"":2194},{""x"":530,""y"":110,""t"":2371},{""x"":515,""y"":114,""t"":2477},{""x"":352,""y"":117,""t"":2588},{""x"":404,""y"":180,""t"":2701},{""x"":355,""y"":199,""t"":2821},{""x"":450,""y"":282,""t"":2866},{""x"":563,""y"":267,""t"":3042},{""x"":759,""y"":271,""t"":3085},{""x"":931,""y"":279,""t"":3179},{""x"":994,""y"":278,""t"":3307},{""x"":1119,""y"":296,""t"":3500},{""x"":986,""y"":348,""t"":3619},{""x"":921,""y"":367,""t"":3666},{""x"":836,""y"":341,""t"":3830},{""x"":745,""y"":310,""t"":3959},{""x"":691,""y"":267,""t"":3995},{""x"":488,""y"":208,""t"":4098},{""x"":452,""y"":211,""t"":4277},{""x"":402,""y"":209,""t"":4382},{""x"":562,""y"":187,""t"":4427},{""x"":579,""y"":127,""t"":4548},{""x"":722,""y"":113,""t"":4741},{""x"":731,""y"":50,""t"":4765},{""x"":827,""y"":60,""t"":4883},{""x"":747,""y"":23,""t"":5021},{""x"":829,""y"":48,""t"":5122},{""x"":862,""y"":85,""t"":5307},{""x"":839,""y"":52,""t"":5333},{""x"":908,""y"":68,""t"":5465},{""x"":866,""y"":86,""t"":5636},{""x"":894,""y"":110,""t"":5743},{""x"":825,""y"":112,""t"":5776},{""x"":860,""y"":131,""t"":5902},{""x"":803,""y"":101,""t"":6015},{""x"":854,""y"":136,""t"":6193},{""x"":703,""y"":118,""t"":6234}]",1,0.016558025269550167,0.9834419747304498,wa_b-last,0
19,0,20,exp_94,0.0,532.0,0.5,0.38,3.0,4.0,higher_p,higher_m,0,1,alternatives,0.0,False,1.5,1.52,-0.02,0.236730492272792,0.4,0.6,0.5,0.5,1.0,1.0,higher_m,higher_m,True,"{""durations"":[1000,1500,1000,1500],""alternatives"":[0,1,0,1],""attributes"":[""all"",""all"",""all"",""all""]}","[{""x"":537,""y"":393,""t"":-33},{""x"":508,""y"":434,""t"":1},{""x"":544,""y"":450,""t"":199},{""x"":506,""y"":392,""t"":299},{""x"":519,""y"":368,""t"":410},{""x"":503,""y"":388,""t"":449},{""x"":528,""y"":436,""t"":574},{""x"":529,""y"":475,""t"":674},{""x"":483,""y"":424,""t"":791},{""x"":322,""y"":367,""t"":898},{""x"":292,""y"":353,""t"":1010},{""x"":203,""y"":298,""t"":1124},{""x"":245,""y"":272,""t"":1234},{""x"":407,""y"":237,""t"":1396},{""x"":377,""y"":121,""t"":1442},{""x"":615,""y"":130,""t"":1605},{""x"":684,""y"":86,""t"":1646},{""x"":771,""y"":91,""t"":1816},{""x"":867,""y"":131,""t"":1919},{""x"":951,""y"":148,""t"":2038},{""x"":932,""y"":116,""t"":2085},{""x"":973,""y"":145,""t"":2277},{""x"":797,""y"":69,""t"":2405},{""x"":775,""y"":83,""t"":2528},{""x"":708,""y"":134,""t"":2657},{""x"":487,""y"":126,""t"":2695},{""x"":463,""y"":165,""t"":2833},{""x"":284,""y"":180,""t"":2937},{""x"":266,""y"":194,""t"":3103},{""x"":275,""y"":263,""t"":3209},{""x"":347,""y"":323,""t"":3321},{""x"":402,""y"":354,""t"":3444},{""x"":395,""y"":401,""t"":3485},{""x"":400,""y"":447,""t"":3601},{""x"":285,""y"":368,""t"":3766},{""x"":269,""y"":477,""t"":3814},{""x"":144,""y"":554,""t"":3923},{""x"":64,""y"":537,""t"":4040},{""x"":143,""y"":496,""t"":4203},{""x"":305,""y"":429,""t"":4245},{""x"":495,""y"":368,""t"":4358},{""x"":441,""y"":247,""t"":4553},{""x"":502,""y"":227,""t"":4592},{""x"":481,""y"":313,""t"":4714},{""x"":457,""y"":340,""t"":4822},{""x"":506,""y"":382,""t"":4917},{""x"":424,""y"":349,""t"":5022},{""x"":474,""y"":382,""t"":5128},{""x"":480,""y"":372,""t"":5229},{""x"":491,""y"":394,""t"":5332},{""x"":478,""y"":429,""t"":5434},{""x"":403,""y"":351,""t"":5558},{""x"":462,""y"":346,""t"":5674},{""x"":420,""y"":273,""t"":5772},{""x"":540,""y"":306,""t"":5869},{""x"":514,""y"":231,""t"":6036},{""x"":574,""y"":260,""t"":6072},{""x"":638,""y"":323,""t"":6206},{""x"":628,""y"":286,""t"":6387}]",1,0.7871068699053105,0.2128931300946895,wa_b-last,0
19,0,21,exp_102,0.0,410.0,0.58,0.38,4.9,6.9,higher_p,higher_m,0,1,alternatives,0.0,False,2.842,2.6220000000000003,0.2199999999999997,0.4837536146444009,0.4,0.6,0.5,0.5,1.0,1.0,higher_m,higher_m,True,"{""durations"":[1000,1500,1000,1500],""alternatives"":[0,1,0,1],""attributes"":[""all"",""all"",""all"",""all""]}","[{""x"":599,""y"":395,""t"":-32},{""x"":466,""y"":326,""t"":0},{""x"":517,""y"":342,""t"":136},{""x"":560,""y"":356,""t"":246},{""x"":498,""y"":349,""t"":430},{""x"":479,""y"":328,""t"":470},{""x"":472,""y"":380,""t"":644},{""x"":457,""y"":448,""t"":772},{""x"":456,""y"":500,""t"":815},{""x"":464,""y"":495,""t"":918},{""x"":450,""y"":423,""t"":1078},{""x"":383,""y"":411,""t"":1124},{""x"":402,""y"":367,""t"":1235},{""x"":551,""y"":333,""t"":1342},{""x"":713,""y"":310,""t"":1441},{""x"":851,""y"":328,""t"":1549},{""x"":878,""y"":273,""t"":1649},{""x"":949,""y"":288,""t"":1749},{""x"":866,""y"":182,""t"":1864},{""x"":898,""y"":167,""t"":1961},{""x"":792,""y"":187,""t"":2124},{""x"":600,""y"":204,""t"":2175},{""x"":518,""y"":273,""t"":2301},{""x"":392,""y"":297,""t"":2421},{""x"":337,""y"":314,""t"":2524},{""x"":259,""y"":320,""t"":2623},{""x"":284,""y"":299,""t"":2796},{""x"":435,""y"":257,""t"":2836},{""x"":579,""y"":229,""t"":2962},{""x"":584,""y"":209,""t"":3148},{""x"":503,""y"":212,""t"":3257},{""x"":537,""y"":263,""t"":3290},{""x"":423,""y"":219,""t"":3399},{""x"":408,""y"":215,""t"":3524},{""x"":307,""y"":173,""t"":3633},{""x"":475,""y"":157,""t"":3746},{""x"":477,""y"":92,""t"":3847},{""x"":639,""y"":109,""t"":3961},{""x"":664,""y"":65,""t"":4060},{""x"":637,""y"":14,""t"":4179},{""x"":767,""y"":84,""t"":4298},{""x"":891,""y"":136,""t"":4398},{""x"":993,""y"":182,""t"":4514},{""x"":1079,""y"":223,""t"":4699},{""x"":1107,""y"":194,""t"":4816},{""x"":982,""y"":223,""t"":4851},{""x"":742,""y"":217,""t"":4962},{""x"":722,""y"":253,""t"":5059},{""x"":547,""y"":262,""t"":5172},{""x"":452,""y"":287,""t"":5279},{""x"":368,""y"":297,""t"":5386},{""x"":337,""y"":321,""t"":5520},{""x"":295,""y"":290,""t"":5643},{""x"":107,""y"":227,""t"":5747},{""x"":128,""y"":263,""t"":5933},{""x"":242,""y"":236,""t"":5975},{""x"":222,""y"":203,""t"":6099},{""x"":199,""y"":153,""t"":6225},{""x"":317,""y"":171,""t"":6330},{""x"":297,""y"":121,""t"":6447}]",1,0.9019491405853937,0.0980508594146063,wa_b-last,0
19,0,22,exp_67,1.0,409.0,0.72,0.51,4.2,5.2,higher_p,higher_m,0,1,attributes,1.0,True,3.024,2.652,0.3719999999999999,0.6402015921464201,0.5,0.5,0.6,0.4,0.0,0.0,higher_p,higher_p,False,"{""durations"":[1000,1500,1000,1500],""alternatives"":[""all"",""all"",""all"",""all""],""attributes"":[""m"",""p"",""m"",""p""]}","[{""x"":575,""y"":401,""t"":-128},{""x"":706,""y"":419,""t"":2},{""x"":637,""y"":342,""t"":127},{""x"":567,""y"":295,""t"":250},{""x"":495,""y"":270,""t"":411},{""x"":665,""y"":231,""t"":530},{""x"":825,""y"":203,""t"":644},{""x"":658,""y"":157,""t"":874},{""x"":586,""y"":157,""t"":910},{""x"":641,""y"":143,""t"":1017},{""x"":743,""y"":141,""t"":1130},{""x"":726,""y"":70,""t"":1249},{""x"":695,""y"":158,""t"":1541},{""x"":689,""y"":126,""t"":1571},{""x"":739,""y"":173,""t"":1677},{""x"":862,""y"":248,""t"":1792},{""x"":765,""y"":181,""t"":1909},{""x"":700,""y"":261,""t"":2020},{""x"":661,""y"":333,""t"":2128},{""x"":504,""y"":333,""t"":2231},{""x"":520,""y"":429,""t"":2337},{""x"":302,""y"":347,""t"":2442},{""x"":332,""y"":344,""t"":2565},{""x"":224,""y"":278,""t"":2702},{""x"":204,""y"":251,""t"":2873},{""x"":214,""y"":217,""t"":2909},{""x"":239,""y"":219,""t"":3009},{""x"":62,""y"":192,""t"":3129},{""x"":79,""y"":184,""t"":3231},{""x"":122,""y"":200,""t"":3341},{""x"":149,""y"":72,""t"":3508},{""x"":248,""y"":127,""t"":3542},{""x"":22,""y"":209,""t"":3652},{""x"":52,""y"":265,""t"":3841},{""x"":196,""y"":347,""t"":3887},{""x"":284,""y"":400,""t"":3992},{""x"":348,""y"":483,""t"":4092},{""x"":437,""y"":539,""t"":4258},{""x"":381,""y"":526,""t"":4294},{""x"":443,""y"":556,""t"":4397},{""x"":386,""y"":559,""t"":4509},{""x"":282,""y"":518,""t"":4608},{""x"":379,""y"":522,""t"":4785},{""x"":423,""y"":495,""t"":4893},{""x"":323,""y"":413,""t"":5017},{""x"":359,""y"":363,""t"":5057},{""x"":406,""y"":331,""t"":5234},{""x"":393,""y"":290,""t"":5345},{""x"":436,""y"":291,""t"":5456},{""x"":484,""y"":267,""t"":5497},{""x"":515,""y"":300,""t"":5672},{""x"":449,""y"":264,""t"":5786},{""x"":508,""y"":274,""t"":5825},{""x"":505,""y"":211,""t"":5929},{""x"":567,""y"":220,""t"":6032},{""x"":348,""y"":166,""t"":6137},{""x"":431,""y"":185,""t"":6248}]",0,0.9552342453656083,0.04476575463439158,wa_b-last,0
19,0,23,exp_45,1.0,1658.0,0.81,0.48,1.6999999999999995,7.9,higher_p,higher_m,0,1,attributes,1.0,True,1.3769999999999998,3.792,-2.415,-2.2283544163938904,0.5,0.5,0.4,0.6,1.0,0.0,higher_m,higher_p,False,"{""durations"":[1500,1000,1500,1000],""alternatives"":[""all"",""all"",""all"",""all""],""attributes"":[""m"",""p"",""m"",""p""]}","[{""x"":189,""y"":164,""t"":-33},{""x"":106,""y"":118,""t"":2},{""x"":153,""y"":137,""t"":118},{""x"":219,""y"":145,""t"":298},{""x"":124,""y"":136,""t"":335},{""x"":216,""y"":148,""t"":450},{""x"":426,""y"":158,""t"":633},{""x"":567,""y"":167,""t"":749},{""x"":750,""y"":177,""t"":858},{""x"":797,""y"":147,""t"":963},{""x"":720,""y"":180,""t"":1086},{""x"":591,""y"":217,""t"":1120},{""x"":556,""y"":228,""t"":1230},{""x"":429,""y"":216,""t"":1334},{""x"":380,""y"":249,""t"":1437},{""x"":312,""y"":302,""t"":1543},{""x"":388,""y"":399,""t"":1645},{""x"":216,""y"":356,""t"":1778},{""x"":261,""y"":404,""t"":1941},{""x"":425,""y"":430,""t"":2055},{""x"":529,""y"":449,""t"":2161},{""x"":639,""y"":439,""t"":2297},{""x"":734,""y"":457,""t"":2332},{""x"":650,""y"":382,""t"":2500},{""x"":670,""y"":351,""t"":2607},{""x"":761,""y"":317,""t"":2720},{""x"":845,""y"":282,""t"":2753},{""x"":785,""y"":188,""t"":2882},{""x"":631,""y"":110,""t"":2982},{""x"":475,""y"":94,""t"":3092},{""x"":258,""y"":83,""t"":3205},{""x"":225,""y"":107,""t"":3318},{""x"":192,""y"":122,""t"":3446},{""x"":89,""y"":143,""t"":3567},{""x"":105,""y"":239,""t"":3744},{""x"":256,""y"":301,""t"":3791},{""x"":310,""y"":232,""t"":3895},{""x"":502,""y"":306,""t"":4001},{""x"":596,""y"":341,""t"":4108},{""x"":741,""y"":394,""t"":4274},{""x"":732,""y"":305,""t"":4319},{""x"":825,""y"":301,""t"":4427},{""x"":814,""y"":253,""t"":4621},{""x"":761,""y"":275,""t"":4659},{""x"":760,""y"":331,""t"":4778},{""x"":721,""y"":393,""t"":4943},{""x"":676,""y"":467,""t"":4991},{""x"":528,""y"":449,""t"":5116},{""x"":616,""y"":456,""t"":5290},{""x"":620,""y"":448,""t"":5331},{""x"":511,""y"":367,""t"":5448},{""x"":541,""y"":362,""t"":5564},{""x"":484,""y"":275,""t"":5681},{""x"":471,""y"":228,""t"":5814},{""x"":468,""y"":166,""t"":5917},{""x"":601,""y"":217,""t"":6015},{""x"":591,""y"":162,""t"":6134},{""x"":666,""y"":276,""t"":6240},{""x"":383,""y"":289,""t"":6346},{""x"":381,""y"":367,""t"":6453},{""x"":279,""y"":376,""t"":6641},{""x"":17,""y"":364,""t"":6778},{""x"":-255,""y"":333,""t"":6811},{""x"":-167,""y"":394,""t"":6994},{""x"":88,""y"":444,""t"":7028},{""x"":255,""y"":482,""t"":7155},{""x"":50,""y"":495,""t"":7319},{""x"":184,""y"":487,""t"":7354}]",0,0.9667167457118023,0.03328325428819758,wa_b-last,0
19,0,24,exp_35,0.0,571.0,0.79,0.7,2.0,3.2,higher_p,higher_m,0,1,attributes,1.0,True,1.58,2.24,-0.6599999999999997,-0.4219978340514986,0.5,0.5,0.6,0.4,0.0,0.0,higher_p,higher_p,True,"{""durations"":[1000,1500,1000,1500],""alternatives"":[""all"",""all"",""all"",""all""],""attributes"":[""m"",""p"",""m"",""p""]}","[{""x"":231,""y"":98,""t"":-146},{""x"":310,""y"":40,""t"":3},{""x"":376,""y"":37,""t"":121},{""x"":318,""y"":28,""t"":222},{""x"":321,""y"":59,""t"":325},{""x"":535,""y"":92,""t"":437},{""x"":577,""y"":29,""t"":539},{""x"":712,""y"":66,""t"":724},{""x"":647,""y"":-8,""t"":831},{""x"":666,""y"":-32,""t"":957},{""x"":800,""y"":11,""t"":1064},{""x"":665,""y"":-50,""t"":1104},{""x"":789,""y"":7,""t"":1229},{""x"":664,""y"":40,""t"":1333},{""x"":607,""y"":161,""t"":1450},{""x"":369,""y"":161,""t"":1558},{""x"":287,""y"":205,""t"":1652},{""x"":189,""y"":243,""t"":1836},{""x"":358,""y"":251,""t"":1873},{""x"":432,""y"":235,""t"":1982},{""x"":626,""y"":268,""t"":2093},{""x"":595,""y"":216,""t"":2196},{""x"":539,""y"":171,""t"":2359},{""x"":688,""y"":276,""t"":2490},{""x"":670,""y"":334,""t"":2528},{""x"":414,""y"":300,""t"":2638},{""x"":433,""y"":372,""t"":2751},{""x"":297,""y"":282,""t"":2872},{""x"":238,""y"":216,""t"":2989},{""x"":149,""y"":93,""t"":3097},{""x"":319,""y"":96,""t"":3200},{""x"":308,""y"":8,""t"":3347},{""x"":493,""y"":37,""t"":3471},{""x"":519,""y"":-39,""t"":3586},{""x"":418,""y"":-33,""t"":3801},{""x"":599,""y"":9,""t"":3839},{""x"":632,""y"":-27,""t"":3964},{""x"":779,""y"":47,""t"":4093},{""x"":683,""y"":41,""t"":4203},{""x"":744,""y"":78,""t"":4321},{""x"":668,""y"":184,""t"":4431},{""x"":390,""y"":178,""t"":4551},{""x"":388,""y"":241,""t"":4654},{""x"":181,""y"":236,""t"":4765},{""x"":155,""y"":288,""t"":4869},{""x"":231,""y"":340,""t"":4983},{""x"":160,""y"":335,""t"":5083},{""x"":156,""y"":264,""t"":5274},{""x"":195,""y"":251,""t"":5308},{""x"":174,""y"":189,""t"":5415},{""x"":248,""y"":203,""t"":5526},{""x"":131,""y"":140,""t"":5642},{""x"":288,""y"":208,""t"":5748},{""x"":305,""y"":188,""t"":5864},{""x"":299,""y"":190,""t"":5988},{""x"":291,""y"":190,""t"":6095},{""x"":229,""y"":139,""t"":6270},{""x"":338,""y"":171,""t"":6395},{""x"":415,""y"":223,""t"":6434}]",0,0.7697216569005515,0.23027834309944858,wa_b-last,0
19,0,25,exp_46,1.0,430.0,0.81,0.48,1.6999999999999995,7.9,higher_p,higher_m,0,1,alternatives,0.0,False,1.3769999999999998,3.792,-2.415,-2.2283544163938904,0.4,0.6,0.5,0.5,1.0,1.0,higher_m,higher_m,False,"{""durations"":[1000,1500,1000,1500],""alternatives"":[0,1,0,1],""attributes"":[""all"",""all"",""all"",""all""]}","[{""x"":287,""y"":226,""t"":-105},{""x"":133,""y"":168,""t"":3},{""x"":248,""y"":228,""t"":141},{""x"":97,""y"":213,""t"":257},{""x"":277,""y"":266,""t"":370},{""x"":398,""y"":326,""t"":472},{""x"":330,""y"":243,""t"":576},{""x"":457,""y"":338,""t"":677},{""x"":453,""y"":353,""t"":793},{""x"":553,""y"":343,""t"":898},{""x"":653,""y"":392,""t"":998},{""x"":748,""y"":318,""t"":1108},{""x"":574,""y"":223,""t"":1220},{""x"":658,""y"":207,""t"":1396},{""x"":549,""y"":167,""t"":1510},{""x"":292,""y"":141,""t"":1636},{""x"":261,""y"":150,""t"":1761},{""x"":296,""y"":253,""t"":1800},{""x"":240,""y"":336,""t"":1935},{""x"":123,""y"":393,""t"":2050},{""x"":45,""y"":412,""t"":2153},{""x"":120,""y"":388,""t"":2333},{""x"":-7,""y"":338,""t"":2449},{""x"":34,""y"":321,""t"":2553},{""x"":144,""y"":306,""t"":2662},{""x"":328,""y"":353,""t"":2777},{""x"":364,""y"":325,""t"":2814},{""x"":525,""y"":383,""t"":3016},{""x"":710,""y"":466,""t"":3061},{""x"":741,""y"":361,""t"":3163},{""x"":800,""y"":258,""t"":3265},{""x"":713,""y"":157,""t"":3363},{""x"":646,""y"":84,""t"":3472},{""x"":690,""y"":105,""t"":3591},{""x"":700,""y"":149,""t"":3758},{""x"":676,""y"":70,""t"":3872},{""x"":558,""y"":-1,""t"":3908},{""x"":407,""y"":72,""t"":4012},{""x"":386,""y"":151,""t"":4130},{""x"":386,""y"":227,""t"":4251},{""x"":309,""y"":215,""t"":4381},{""x"":257,""y"":201,""t"":4507},{""x"":212,""y"":182,""t"":4613},{""x"":121,""y"":205,""t"":4730},{""x"":-108,""y"":180,""t"":4849},{""x"":0,""y"":225,""t"":4947},{""x"":-153,""y"":180,""t"":5049},{""x"":-22,""y"":192,""t"":5153},{""x"":-31,""y"":153,""t"":5256},{""x"":-35,""y"":120,""t"":5375},{""x"":-70,""y"":104,""t"":5555},{""x"":-117,""y"":99,""t"":5603},{""x"":-65,""y"":65,""t"":5780},{""x"":-79,""y"":33,""t"":5902},{""x"":-77,""y"":15,""t"":5937},{""x"":88,""y"":87,""t"":6065},{""x"":20,""y"":59,""t"":6236}]",0,0.9508889245418387,0.049111075458161235,wa_b-last,0
19,0,26,exp_50,0.0,359.0,0.49,0.32,6.9,8.2,higher_p,higher_m,0,1,alternatives,0.0,False,3.381,2.624,0.7570000000000006,1.0364678509508771,0.6,0.4,0.5,0.5,0.0,0.0,higher_p,higher_p,True,"{""durations"":[1000,1500,1000,1500],""alternatives"":[1,0,1,0],""attributes"":[""all"",""all"",""all"",""all""]}","[{""x"":67,""y"":34,""t"":-117},{""x"":49,""y"":19,""t"":4},{""x"":17,""y"":0,""t"":134},{""x"":-9,""y"":4,""t"":310},{""x"":76,""y"":24,""t"":421},{""x"":216,""y"":6,""t"":537},{""x"":248,""y"":-53,""t"":573},{""x"":345,""y"":-46,""t"":690},{""x"":401,""y"":-12,""t"":809},{""x"":471,""y"":32,""t"":923},{""x"":521,""y"":84,""t"":1043},{""x"":444,""y"":105,""t"":1157},{""x"":448,""y"":143,""t"":1286},{""x"":221,""y"":123,""t"":1412},{""x"":306,""y"":185,""t"":1528},{""x"":266,""y"":180,""t"":1641},{""x"":365,""y"":319,""t"":1863},{""x"":147,""y"":331,""t"":1986},{""x"":-66,""y"":292,""t"":2097},{""x"":-99,""y"":359,""t"":2134},{""x"":-119,""y"":278,""t"":2245},{""x"":-94,""y"":219,""t"":2378},{""x"":-136,""y"":198,""t"":2486},{""x"":-21,""y"":206,""t"":2600},{""x"":9,""y"":258,""t"":2707},{""x"":5,""y"":282,""t"":2814},{""x"":-7,""y"":264,""t"":2933},{""x"":222,""y"":279,""t"":3036},{""x"":289,""y"":259,""t"":3143},{""x"":413,""y"":309,""t"":3254},{""x"":380,""y"":168,""t"":3357},{""x"":452,""y"":114,""t"":3456},{""x"":391,""y"":9,""t"":3564},{""x"":370,""y"":-43,""t"":3679},{""x"":434,""y"":-70,""t"":3794},{""x"":458,""y"":-94,""t"":3896},{""x"":481,""y"":-28,""t"":4009},{""x"":510,""y"":26,""t"":4107},{""x"":506,""y"":189,""t"":4226},{""x"":479,""y"":342,""t"":4374},{""x"":291,""y"":361,""t"":4475},{""x"":299,""y"":464,""t"":4579},{""x"":99,""y"":364,""t"":4686},{""x"":68,""y"":349,""t"":4796},{""x"":163,""y"":385,""t"":4912},{""x"":-20,""y"":330,""t"":5040},{""x"":20,""y"":373,""t"":5148},{""x"":98,""y"":383,""t"":5248},{""x"":-8,""y"":310,""t"":5349},{""x"":-65,""y"":251,""t"":5457},{""x"":132,""y"":254,""t"":5573},{""x"":177,""y"":205,""t"":5692},{""x"":156,""y"":158,""t"":5801},{""x"":188,""y"":140,""t"":5908},{""x"":49,""y"":98,""t"":6024},{""x"":204,""y"":135,""t"":6149},{""x"":127,""y"":86,""t"":6317}]",0,0.9149640588615277,0.08503594113847233,wa_b-last,0
19,0,27,exp_26,0.0,458.0,0.3,0.17,2.0,3.0,higher_p,higher_m,0,1,alternatives,0.0,False,0.6,0.51,0.0899999999999999,0.3499494233597795,0.6,0.4,0.5,0.5,0.0,0.0,higher_p,higher_p,True,"{""durations"":[1000,1500,1000,1500],""alternatives"":[1,0,1,0],""attributes"":[""all"",""all"",""all"",""all""]}","[{""x"":103,""y"":107,""t"":-34},{""x"":73,""y"":105,""t"":2},{""x"":165,""y"":132,""t"":137},{""x"":201,""y"":147,""t"":252},{""x"":289,""y"":188,""t"":365},{""x"":255,""y"":97,""t"":462},{""x"":397,""y"":97,""t"":566},{""x"":374,""y"":52,""t"":675},{""x"":474,""y"":178,""t"":786},{""x"":541,""y"":225,""t"":905},{""x"":717,""y"":325,""t"":1008},{""x"":636,""y"":205,""t"":1118},{""x"":552,""y"":132,""t"":1246},{""x"":522,""y"":139,""t"":1374},{""x"":540,""y"":286,""t"":1524},{""x"":396,""y"":289,""t"":1646},{""x"":232,""y"":293,""t"":1754},{""x"":105,""y"":294,""t"":1878},{""x"":-64,""y"":222,""t"":1997},{""x"":-140,""y"":250,""t"":2123},{""x"":-202,""y"":214,""t"":2237},{""x"":-331,""y"":183,""t"":2334},{""x"":-176,""y"":105,""t"":2436},{""x"":116,""y"":128,""t"":2567},{""x"":155,""y"":36,""t"":2674},{""x"":159,""y"":-44,""t"":2781},{""x"":336,""y"":-48,""t"":2894},{""x"":436,""y"":-71,""t"":2995},{""x"":439,""y"":-122,""t"":3114},{""x"":563,""y"":-100,""t"":3219},{""x"":668,""y"":-8,""t"":3330},{""x"":770,""y"":70,""t"":3433},{""x"":895,""y"":75,""t"":3535},{""x"":1016,""y"":86,""t"":3649},{""x"":1023,""y"":71,""t"":3759},{""x"":1010,""y"":74,""t"":3887},{""x"":754,""y"":2,""t"":4018},{""x"":574,""y"":43,""t"":4120},{""x"":463,""y"":92,""t"":4223},{""x"":302,""y"":113,""t"":4325},{""x"":305,""y"":214,""t"":4433},{""x"":254,""y"":307,""t"":4564},{""x"":238,""y"":384,""t"":4680},{""x"":205,""y"":417,""t"":4795},{""x"":183,""y"":292,""t"":4901},{""x"":186,""y"":197,""t"":5011},{""x"":416,""y"":237,""t"":5129},{""x"":402,""y"":145,""t"":5243},{""x"":432,""y"":118,""t"":5352},{""x"":481,""y"":83,""t"":5466},{""x"":395,""y"":32,""t"":5593},{""x"":522,""y"":62,""t"":5713},{""x"":538,""y"":122,""t"":5842},{""x"":471,""y"":127,""t"":5954},{""x"":364,""y"":118,""t"":6128},{""x"":423,""y"":198,""t"":6254},{""x"":342,""y"":238,""t"":6395}]",0,0.8656256996662607,0.13437430033373932,wa_b-last,0
19,0,28,exp_69,0.0,644.0,0.72,0.51,4.2,5.2,higher_p,higher_m,0,1,attributes,1.0,True,3.024,2.652,0.3719999999999999,0.6402015921464201,0.5,0.5,0.4,0.6,1.0,0.0,higher_m,higher_p,True,"{""durations"":[1500,1000,1500,1000],""alternatives"":[""all"",""all"",""all"",""all""],""attributes"":[""m"",""p"",""m"",""p""]}","[{""x"":96,""y"":354,""t"":-138},{""x"":106,""y"":322,""t"":3},{""x"":149,""y"":353,""t"":124},{""x"":134,""y"":384,""t"":244},{""x"":91,""y"":335,""t"":365},{""x"":193,""y"":253,""t"":509},{""x"":337,""y"":187,""t"":620},{""x"":460,""y"":141,""t"":740},{""x"":484,""y"":172,""t"":882},{""x"":340,""y"":149,""t"":1019},{""x"":390,""y"":191,""t"":1180},{""x"":260,""y"":188,""t"":1304},{""x"":147,""y"":186,""t"":1437},{""x"":135,""y"":232,""t"":1617},{""x"":154,""y"":205,""t"":1657},{""x"":222,""y"":153,""t"":1795},{""x"":340,""y"":232,""t"":1983},{""x"":505,""y"":336,""t"":2028},{""x"":446,""y"":347,""t"":2203},{""x"":270,""y"":315,""t"":2316},{""x"":150,""y"":319,""t"":2357},{""x"":14,""y"":280,""t"":2469},{""x"":-165,""y"":233,""t"":2571},{""x"":-120,""y"":339,""t"":2670},{""x"":130,""y"":436,""t"":2771},{""x"":352,""y"":495,""t"":2898},{""x"":471,""y"":447,""t"":3018},{""x"":531,""y"":319,""t"":3153},{""x"":684,""y"":262,""t"":3264},{""x"":554,""y"":241,""t"":3379},{""x"":498,""y"":175,""t"":3505},{""x"":384,""y"":41,""t"":3631},{""x"":409,""y"":3,""t"":3749},{""x"":579,""y"":-17,""t"":3948},{""x"":510,""y"":-106,""t"":4073},{""x"":388,""y"":-165,""t"":4187},{""x"":451,""y"":-9,""t"":4313},{""x"":322,""y"":77,""t"":4355},{""x"":449,""y"":221,""t"":4478},{""x"":453,""y"":319,""t"":4585},{""x"":355,""y"":371,""t"":4688},{""x"":381,""y"":496,""t"":4790},{""x"":250,""y"":530,""t"":4911},{""x"":466,""y"":588,""t"":5027},{""x"":603,""y"":598,""t"":5126},{""x"":678,""y"":620,""t"":5242},{""x"":592,""y"":555,""t"":5359},{""x"":560,""y"":418,""t"":5473},{""x"":505,""y"":310,""t"":5612},{""x"":489,""y"":325,""t"":5759},{""x"":336,""y"":230,""t"":5876},{""x"":385,""y"":185,""t"":5993},{""x"":350,""y"":110,""t"":6120},{""x"":426,""y"":97,""t"":6253},{""x"":355,""y"":56,""t"":6371},{""x"":391,""y"":106,""t"":6475}]",0,0.9552342453656083,0.04476575463439158,wa_b-last,0
19,0,29,exp_52,0.0,443.0,0.49,0.32,6.9,8.2,higher_p,higher_m,0,1,alternatives,0.0,False,3.381,2.624,0.7570000000000006,1.0364678509508771,0.4,0.6,0.5,0.5,1.0,0.0,higher_m,higher_p,True,"{""durations"":[1500,1000,1500,1000],""alternatives"":[1,0,1,0],""attributes"":[""all"",""all"",""all"",""all""]}","[{""x"":110,""y"":125,""t"":-33},{""x"":-63,""y"":65,""t"":6},{""x"":-70,""y"":118,""t"":130},{""x"":-144,""y"":89,""t"":259},{""x"":-67,""y"":162,""t"":427},{""x"":-77,""y"":185,""t"":538},{""x"":66,""y"":262,""t"":579},{""x"":-96,""y"":239,""t"":695},{""x"":42,""y"":366,""t"":833},{""x"":-36,""y"":381,""t"":948},{""x"":61,""y"":371,""t"":1116},{""x"":-93,""y"":334,""t"":1164},{""x"":65,""y"":320,""t"":1364},{""x"":241,""y"":321,""t"":1401},{""x"":387,""y"":278,""t"":1517},{""x"":527,""y"":308,""t"":1622},{""x"":409,""y"":207,""t"":1746},{""x"":583,""y"":294,""t"":1862},{""x"":479,""y"":193,""t"":1976},{""x"":639,""y"":277,""t"":2103},{""x"":497,""y"":163,""t"":2212},{""x"":581,""y"":139,""t"":2326},{""x"":620,""y"":101,""t"":2436},{""x"":642,""y"":156,""t"":2545},{""x"":597,""y"":112,""t"":2659},{""x"":495,""y"":9,""t"":2781},{""x"":463,""y"":-43,""t"":2900},{""x"":373,""y"":12,""t"":3016},{""x"":246,""y"":-4,""t"":3139},{""x"":276,""y"":64,""t"":3252},{""x"":471,""y"":194,""t"":3391},{""x"":379,""y"":238,""t"":3536},{""x"":268,""y"":242,""t"":3657},{""x"":262,""y"":306,""t"":3862},{""x"":283,""y"":312,""t"":3899},{""x"":418,""y"":371,""t"":4011},{""x"":424,""y"":351,""t"":4136},{""x"":194,""y"":292,""t"":4238},{""x"":206,""y"":284,""t"":4346},{""x"":105,""y"":266,""t"":4453},{""x"":244,""y"":233,""t"":4574},{""x"":294,""y"":151,""t"":4701},{""x"":418,""y"":195,""t"":4823},{""x"":614,""y"":268,""t"":4938},{""x"":591,""y"":238,""t"":5057},{""x"":504,""y"":187,""t"":5176},{""x"":534,""y"":206,""t"":5282},{""x"":651,""y"":241,""t"":5397},{""x"":608,""y"":196,""t"":5499},{""x"":457,""y"":117,""t"":5601},{""x"":434,""y"":109,""t"":5709},{""x"":338,""y"":53,""t"":5811},{""x"":507,""y"":197,""t"":5943},{""x"":362,""y"":179,""t"":6047},{""x"":482,""y"":289,""t"":6155},{""x"":411,""y"":333,""t"":6255},{""x"":498,""y"":395,""t"":6357},{""x"":368,""y"":317,""t"":6462}]",0,0.9149640588615277,0.08503594113847233,wa_b-last,0
19,0,30,exp_42,1.0,556.0,0.81,0.48,1.6999999999999995,7.9,higher_p,higher_m,0,1,alternatives,0.0,False,1.3769999999999998,3.792,-2.415,-2.2283544163938904,0.6,0.4,0.5,0.5,0.0,0.0,higher_p,higher_p,False,"{""durations"":[1000,1500,1000,1500],""alternatives"":[1,0,1,0],""attributes"":[""all"",""all"",""all"",""all""]}","[{""x"":236,""y"":211,""t"":-117},{""x"":76,""y"":132,""t"":1},{""x"":165,""y"":174,""t"":125},{""x"":49,""y"":135,""t"":232},{""x"":-50,""y"":87,""t"":358},{""x"":9,""y"":89,""t"":541},{""x"":-9,""y"":78,""t"":655},{""x"":-29,""y"":41,""t"":691},{""x"":215,""y"":59,""t"":798},{""x"":338,""y"":-3,""t"":902},{""x"":562,""y"":23,""t"":1021},{""x"":495,""y"":-49,""t"":1136},{""x"":534,""y"":-45,""t"":1249},{""x"":331,""y"":-40,""t"":1370},{""x"":354,""y"":28,""t"":1481},{""x"":220,""y"":30,""t"":1602},{""x"":269,""y"":161,""t"":1719},{""x"":59,""y"":185,""t"":1834},{""x"":58,""y"":282,""t"":1938},{""x"":51,""y"":322,""t"":2054},{""x"":-129,""y"":263,""t"":2180},{""x"":-131,""y"":266,""t"":2300},{""x"":-135,""y"":310,""t"":2409},{""x"":-15,""y"":228,""t"":2604},{""x"":97,""y"":152,""t"":2646},{""x"":281,""y"":102,""t"":2871},{""x"":295,""y"":23,""t"":2978},{""x"":294,""y"":32,""t"":3027},{""x"":423,""y"":106,""t"":3128},{""x"":514,""y"":196,""t"":3246},{""x"":589,""y"":235,""t"":3377},{""x"":620,""y"":176,""t"":3476},{""x"":635,""y"":103,""t"":3600},{""x"":655,""y"":48,""t"":3719},{""x"":685,""y"":29,""t"":3896},{""x"":609,""y"":64,""t"":4015},{""x"":426,""y"":33,""t"":4051},{""x"":410,""y"":72,""t"":4176},{""x"":402,""y"":202,""t"":4278},{""x"":436,""y"":327,""t"":4383},{""x"":499,""y"":475,""t"":4494},{""x"":201,""y"":490,""t"":4600},{""x"":-68,""y"":483,""t"":4714},{""x"":-311,""y"":454,""t"":4859},{""x"":-425,""y"":387,""t"":4965},{""x"":-186,""y"":416,""t"":5067},{""x"":52,""y"":431,""t"":5217},{""x"":317,""y"":451,""t"":5322},{""x"":284,""y"":363,""t"":5441},{""x"":553,""y"":411,""t"":5545},{""x"":513,""y"":321,""t"":5658},{""x"":565,""y"":311,""t"":5769},{""x"":620,""y"":303,""t"":5884},{""x"":760,""y"":360,""t"":6108},{""x"":561,""y"":233,""t"":6149},{""x"":641,""y"":293,""t"":6287},{""x"":477,""y"":193,""t"":6398},{""x"":515,""y"":276,""t"":6507}]",0,0.9667167457118023,0.03328325428819758,wa_b-last,0
19,0,31,exp_73,0.0,499.0,0.8,0.2,4.0,6.799999999999999,higher_p,higher_m,0,1,attributes,1.0,True,3.2,1.36,1.8400000000000003,2.151159690652763,0.5,0.5,0.6,0.4,0.0,1.0,higher_p,higher_m,True,"{""durations"":[1500,1000,1500,1000],""alternatives"":[""all"",""all"",""all"",""all""],""attributes"":[""p"",""m"",""p"",""m""]}","[{""x"":418,""y"":257,""t"":21},{""x"":432,""y"":281,""t"":56},{""x"":225,""y"":192,""t"":168},{""x"":327,""y"":219,""t"":271},{""x"":158,""y"":234,""t"":443},{""x"":183,""y"":289,""t"":581},{""x"":79,""y"":315,""t"":616},{""x"":275,""y"":429,""t"":725},{""x"":260,""y"":351,""t"":836},{""x"":467,""y"":360,""t"":941},{""x"":437,""y"":282,""t"":1045},{""x"":632,""y"":371,""t"":1157},{""x"":676,""y"":382,""t"":1258},{""x"":627,""y"":375,""t"":1374},{""x"":471,""y"":357,""t"":1471},{""x"":218,""y"":322,""t"":1571},{""x"":219,""y"":350,""t"":1684},{""x"":211,""y"":318,""t"":1787},{""x"":8,""y"":275,""t"":1895},{""x"":82,""y"":308,""t"":2002},{""x"":-45,""y"":233,""t"":2116},{""x"":182,""y"":190,""t"":2236},{""x"":292,""y"":123,""t"":2401},{""x"":392,""y"":49,""t"":2498},{""x"":476,""y"":-14,""t"":2599},{""x"":310,""y"":13,""t"":2782},{""x"":367,""y"":128,""t"":2990},{""x"":390,""y"":246,""t"":3098},{""x"":241,""y"":226,""t"":3208},{""x"":260,""y"":172,""t"":3331},{""x"":464,""y"":221,""t"":4833},{""x"":534,""y"":161,""t"":5075},{""x"":459,""y"":87,""t"":5113},{""x"":494,""y"":97,""t"":5238},{""x"":306,""y"":108,""t"":5359},{""x"":426,""y"":122,""t"":5514},{""x"":361,""y"":30,""t"":5642},{""x"":312,""y"":158,""t"":5762},{""x"":-11,""y"":211,""t"":5878},{""x"":127,""y"":283,""t"":6099},{""x"":107,""y"":266,""t"":6133},{""x"":66,""y"":271,""t"":6289},{""x"":168,""y"":308,""t"":6403},{""x"":122,""y"":316,""t"":6517},{""x"":221,""y"":351,""t"":6635},{""x"":99,""y"":300,""t"":6751},{""x"":222,""y"":366,""t"":6872},{""x"":180,""y"":263,""t"":6992}]",0,0.9996573872953948,0.0003426127046052885,wa_b-last,0
19,0,32,exp_96,0.0,509.0,0.58,0.38,4.9,6.9,higher_p,higher_m,0,1,alternatives,0.0,False,2.842,2.6220000000000003,0.2199999999999997,0.4837536146444009,0.6,0.4,0.5,0.5,0.0,1.0,higher_p,higher_m,True,"{""durations"":[1500,1000,1500,1000],""alternatives"":[0,1,0,1],""attributes"":[""all"",""all"",""all"",""all""]}","[{""x"":141,""y"":75,""t"":-35},{""x"":249,""y"":168,""t"":31},{""x"":351,""y"":244,""t"":160},{""x"":448,""y"":278,""t"":277},{""x"":417,""y"":222,""t"":513},{""x"":500,""y"":220,""t"":546},{""x"":620,""y"":293,""t"":653},{""x"":560,""y"":283,""t"":819},{""x"":683,""y"":324,""t"":939},{""x"":592,""y"":271,""t"":985},{""x"":710,""y"":268,""t"":1186},{""x"":560,""y"":209,""t"":1222},{""x"":707,""y"":213,""t"":1334},{""x"":561,""y"":86,""t"":1438},{""x"":618,""y"":86,""t"":1544},{""x"":403,""y"":63,""t"":1666},{""x"":357,""y"":83,""t"":1788},{""x"":438,""y"":98,""t"":1908},{""x"":212,""y"":93,""t"":2046},{""x"":226,""y"":226,""t"":2148},{""x"":238,""y"":294,""t"":2288},{""x"":131,""y"":323,""t"":2395},{""x"":152,""y"":395,""t"":2567},{""x"":48,""y"":358,""t"":2610},{""x"":74,""y"":335,""t"":2722},{""x"":36,""y"":257,""t"":2834},{""x"":100,""y"":238,""t"":2953},{""x"":234,""y"":183,""t"":3059},{""x"":249,""y"":111,""t"":3163},{""x"":351,""y"":43,""t"":3265},{""x"":455,""y"":-29,""t"":3369},{""x"":626,""y"":2,""t"":3499},{""x"":693,""y"":63,""t"":3695},{""x"":592,""y"":104,""t"":3804},{""x"":481,""y"":147,""t"":3910},{""x"":625,""y"":283,""t"":4037},{""x"":551,""y"":284,""t"":4152},{""x"":392,""y"":229,""t"":4188},{""x"":565,""y"":346,""t"":4287},{""x"":400,""y"":310,""t"":4402},{""x"":518,""y"":411,""t"":4516},{""x"":250,""y"":288,""t"":4641},{""x"":327,""y"":324,""t"":4752},{""x"":197,""y"":344,""t"":4859},{""x"":206,""y"":433,""t"":4957},{""x"":-10,""y"":353,""t"":5060},{""x"":49,""y"":393,""t"":5171},{""x"":142,""y"":346,""t"":5282},{""x"":272,""y"":359,""t"":5397},{""x"":400,""y"":365,""t"":5509},{""x"":566,""y"":390,""t"":5611},{""x"":551,""y"":342,""t"":5724},{""x"":461,""y"":288,""t"":5851},{""x"":358,""y"":196,""t"":5951},{""x"":307,""y"":133,""t"":6122},{""x"":394,""y"":156,""t"":6156},{""x"":247,""y"":69,""t"":6267},{""x"":369,""y"":135,""t"":6391},{""x"":443,""y"":163,""t"":6497}]",0,0.9019491405853937,0.0980508594146063,wa_b-last,0
19,0,33,exp_3,0.0,1075.0,0.79,0.49,5.300000000000001,8.3,higher_p,higher_m,0,1,attributes,1.0,True,4.187000000000001,4.067,0.120000000000001,0.3808273136562317,0.5,0.5,0.6,0.4,0.0,0.0,higher_p,higher_p,True,"{""durations"":[1000,1500,1000,1500],""alternatives"":[""all"",""all"",""all"",""all""],""attributes"":[""m"",""p"",""m"",""p""]}","[{""x"":137,""y"":282,""t"":-120},{""x"":37,""y"":217,""t"":2},{""x"":120,""y"":235,""t"":130},{""x"":-106,""y"":173,""t"":231},{""x"":-57,""y"":232,""t"":334},{""x"":-32,""y"":235,""t"":435},{""x"":-224,""y"":202,""t"":533},{""x"":-152,""y"":171,""t"":660},{""x"":-117,""y"":49,""t"":778},{""x"":138,""y"":59,""t"":890},{""x"":130,""y"":-34,""t"":998},{""x"":322,""y"":-20,""t"":1101},{""x"":444,""y"":-36,""t"":1234},{""x"":545,""y"":72,""t"":1334},{""x"":407,""y"":163,""t"":1436},{""x"":330,""y"":264,""t"":1553},{""x"":399,""y"":355,""t"":1675},{""x"":488,""y"":393,""t"":1794},{""x"":552,""y"":393,""t"":1921},{""x"":539,""y"":372,""t"":2034},{""x"":486,""y"":273,""t"":2133},{""x"":417,""y"":187,""t"":2231},{""x"":356,""y"":147,""t"":2352},{""x"":378,""y"":59,""t"":2525},{""x"":340,""y"":-13,""t"":2566},{""x"":498,""y"":-10,""t"":2746},{""x"":425,""y"":-89,""t"":2862},{""x"":602,""y"":-55,""t"":2913},{""x"":519,""y"":-103,""t"":3047},{""x"":388,""y"":-157,""t"":3211},{""x"":399,""y"":-80,""t"":3242},{""x"":380,""y"":-7,""t"":3348},{""x"":242,""y"":79,""t"":3463},{""x"":307,""y"":76,""t"":3585},{""x"":495,""y"":115,""t"":3705},{""x"":326,""y"":67,""t"":3806},{""x"":389,""y"":190,""t"":3990},{""x"":150,""y"":179,""t"":4112},{""x"":126,""y"":327,""t"":4235},{""x"":121,""y"":439,""t"":4356},{""x"":317,""y"":530,""t"":4467},{""x"":471,""y"":620,""t"":4680},{""x"":599,""y"":674,""t"":4778},{""x"":573,""y"":650,""t"":4898},{""x"":740,""y"":704,""t"":5006},{""x"":642,""y"":505,""t"":5188},{""x"":467,""y"":314,""t"":5235},{""x"":509,""y"":205,""t"":5404},{""x"":564,""y"":141,""t"":5443},{""x"":464,""y"":10,""t"":5563},{""x"":449,""y"":-52,""t"":5686},{""x"":407,""y"":-64,""t"":5863},{""x"":366,""y"":-79,""t"":5909},{""x"":7,""y"":-7,""t"":6020},{""x"":-210,""y"":71,""t"":6118},{""x"":-33,""y"":148,""t"":6304},{""x"":9,""y"":184,""t"":6416},{""x"":226,""y"":252,""t"":6524},{""x"":147,""y"":181,""t"":6556},{""x"":8,""y"":96,""t"":6688},{""x"":-50,""y"":24,""t"":6799},{""x"":34,""y"":10,""t"":6911}]",0,0.9788663962467867,0.021133603753213215,wa_b-last,0
19,0,34,exp_20,0.0,447.0,0.28,0.17,4.3,8.3,higher_p,higher_m,0,1,alternatives,0.0,False,1.204,1.4110000000000005,-0.2070000000000003,0.0442583094249129,0.4,0.6,0.5,0.5,1.0,0.0,higher_m,higher_p,True,"{""durations"":[1500,1000,1500,1000],""alternatives"":[1,0,1,0],""attributes"":[""all"",""all"",""all"",""all""]}","[{""x"":38,""y"":55,""t"":-109},{""x"":50,""y"":30,""t"":2},{""x"":96,""y"":26,""t"":125},{""x"":100,""y"":43,""t"":253},{""x"":129,""y"":51,""t"":372},{""x"":259,""y"":38,""t"":539},{""x"":313,""y"":-14,""t"":656},{""x"":350,""y"":-23,""t"":775},{""x"":453,""y"":79,""t"":886},{""x"":511,""y"":104,""t"":994},{""x"":640,""y"":120,""t"":1104},{""x"":539,""y"":43,""t"":1223},{""x"":464,""y"":50,""t"":1356},{""x"":529,""y"":123,""t"":1461},{""x"":592,""y"":153,""t"":1575},{""x"":600,""y"":106,""t"":1610},{""x"":580,""y"":34,""t"":1741},{""x"":424,""y"":-2,""t"":1858},{""x"":377,""y"":29,""t"":1974},{""x"":367,""y"":77,""t"":2148},{""x"":210,""y"":83,""t"":2259},{""x"":262,""y"":175,""t"":2371},{""x"":53,""y"":175,""t"":2499},{""x"":160,""y"":293,""t"":2535},{""x"":166,""y"":370,""t"":2639},{""x"":189,""y"":361,""t"":2740},{""x"":-40,""y"":275,""t"":2854},{""x"":127,""y"":255,""t"":2960},{""x"":222,""y"":224,""t"":3074},{""x"":183,""y"":100,""t"":3194},{""x"":116,""y"":-8,""t"":3364},{""x"":71,""y"":-97,""t"":3476},{""x"":289,""y"":-3,""t"":3598},{""x"":272,""y"":45,""t"":3641},{""x"":154,""y"":43,""t"":3750},{""x"":249,""y"":127,""t"":3926},{""x"":326,""y"":195,""t"":4035},{""x"":176,""y"":212,""t"":4069},{""x"":308,""y"":283,""t"":4175},{""x"":203,""y"":287,""t"":4288},{""x"":188,""y"":329,""t"":4388},{""x"":179,""y"":395,""t"":4499},{""x"":218,""y"":457,""t"":4601},{""x"":9,""y"":415,""t"":4794},{""x"":99,""y"":413,""t"":4900},{""x"":-94,""y"":336,""t"":5010},{""x"":-1,""y"":397,""t"":5047},{""x"":-373,""y"":374,""t"":5160},{""x"":-652,""y"":400,""t"":5268},{""x"":-880,""y"":407,""t"":5390},{""x"":-898,""y"":372,""t"":5501},{""x"":-760,""y"":347,""t"":5613},{""x"":-580,""y"":285,""t"":5722},{""x"":-403,""y"":238,""t"":5831},{""x"":-156,""y"":324,""t"":5948},{""x"":-153,""y"":237,""t"":6085},{""x"":85,""y"":270,""t"":6207},{""x"":11,""y"":169,""t"":6312}]",1,0.669256885747614,0.330743114252386,wa_b-last,0
19,0,35,catch_3,1.0,1042.0,0.19,0.38,5.8,6.799999999999999,dominated,dominant,1,1,attributes,1.0,True,1.102,2.584,-1.4819999999999998,-1.2680520281742598,0.5,0.5,0.5,0.5,,1.0,,dominant,True,"{""durations"":[1250,1250,1250,1250],""attributes"":[""p"",""m"",""p"",""m""],""alternatives"":[""all"",""all"",""all"",""all""]}","[{""x"":192,""y"":91,""t"":-127},{""x"":11,""y"":51,""t"":2},{""x"":-104,""y"":20,""t"":126},{""x"":-7,""y"":75,""t"":236},{""x"":-95,""y"":105,""t"":360},{""x"":-163,""y"":165,""t"":459},{""x"":-361,""y"":187,""t"":568},{""x"":-601,""y"":196,""t"":666},{""x"":-590,""y"":189,""t"":769},{""x"":-344,""y"":254,""t"":888},{""x"":-212,""y"":285,""t"":992},{""x"":34,""y"":332,""t"":1098},{""x"":138,""y"":370,""t"":1194},{""x"":63,""y"":394,""t"":1309},{""x"":-119,""y"":386,""t"":1423},{""x"":-34,""y"":414,""t"":1551},{""x"":19,""y"":445,""t"":1647},{""x"":-210,""y"":411,""t"":1763},{""x"":-51,""y"":404,""t"":1887},{""x"":239,""y"":365,""t"":2007},{""x"":485,""y"":316,""t"":2113},{""x"":676,""y"":260,""t"":2223},{""x"":665,""y"":291,""t"":2333},{""x"":642,""y"":286,""t"":2460},{""x"":605,""y"":272,""t"":2578},{""x"":550,""y"":330,""t"":2744},{""x"":520,""y"":362,""t"":2787},{""x"":418,""y"":389,""t"":2888},{""x"":214,""y"":424,""t"":2998},{""x"":148,""y"":481,""t"":3098},{""x"":118,""y"":369,""t"":3219},{""x"":-153,""y"":369,""t"":3316},{""x"":-54,""y"":245,""t"":3414},{""x"":-293,""y"":231,""t"":3523},{""x"":-480,""y"":193,""t"":3660},{""x"":-513,""y"":152,""t"":3770},{""x"":-439,""y"":116,""t"":3947},{""x"":-338,""y"":107,""t"":3980},{""x"":-172,""y"":152,""t"":4080},{""x"":-131,""y"":162,""t"":4174},{""x"":20,""y"":166,""t"":4294},{""x"":82,""y"":183,""t"":4393},{""x"":140,""y"":208,""t"":4487},{""x"":373,""y"":186,""t"":4581},{""x"":582,""y"":233,""t"":4679},{""x"":613,""y"":294,""t"":4803},{""x"":514,""y"":317,""t"":4916},{""x"":563,""y"":353,""t"":5013},{""x"":507,""y"":340,""t"":5178},{""x"":495,""y"":310,""t"":5277},{""x"":359,""y"":259,""t"":5313},{""x"":184,""y"":234,""t"":5420},{""x"":206,""y"":220,""t"":5517},{""x"":154,""y"":231,""t"":5707},{""x"":164,""y"":216,""t"":5807},{""x"":250,""y"":238,""t"":5843},{""x"":215,""y"":227,""t"":5972},{""x"":243,""y"":210,""t"":6070},{""x"":304,""y"":223,""t"":6166},{""x"":377,""y"":221,""t"":6271},{""x"":260,""y"":166,""t"":6413},{""x"":279,""y"":195,""t"":6539},{""x"":295,""y"":213,""t"":6651},{""x"":217,""y"":248,""t"":6749},{""x"":137,""y"":253,""t"":6845}]",1,0.03444051635736262,0.9655594836426373,wa_b-last,0
19,0,36,exp_108,0.0,564.0,0.78,0.4,2.1,3.0,higher_p,higher_m,0,1,alternatives,0.0,False,1.638,1.2000000000000002,0.4379999999999999,0.7081329507986127,0.4,0.6,0.5,0.5,1.0,0.0,higher_m,higher_p,True,"{""durations"":[1500,1000,1500,1000],""alternatives"":[1,0,1,0],""attributes"":[""all"",""all"",""all"",""all""]}","[{""x"":461,""y"":269,""t"":-123},{""x"":503,""y"":264,""t"":3},{""x"":564,""y"":279,""t"":116},{""x"":574,""y"":282,""t"":220},{""x"":599,""y"":285,""t"":323},{""x"":748,""y"":302,""t"":440},{""x"":869,""y"":309,""t"":539},{""x"":926,""y"":274,""t"":634},{""x"":1019,""y"":282,""t"":728},{""x"":1058,""y"":258,""t"":834},{""x"":1063,""y"":278,""t"":935},{""x"":905,""y"":263,""t"":1043},{""x"":960,""y"":294,""t"":1151},{""x"":1005,""y"":343,""t"":1307},{""x"":869,""y"":309,""t"":1343},{""x"":809,""y"":347,""t"":1459},{""x"":838,""y"":340,""t"":1620},{""x"":881,""y"":341,""t"":1727},{""x"":881,""y"":334,""t"":1760},{""x"":596,""y"":333,""t"":1857},{""x"":239,""y"":324,""t"":1975},{""x"":192,""y"":330,""t"":2141},{""x"":33,""y"":340,""t"":2250},{""x"":10,""y"":378,""t"":2362},{""x"":46,""y"":382,""t"":2411},{""x"":71,""y"":375,""t"":2504},{""x"":109,""y"":356,""t"":2617},{""x"":169,""y"":351,""t"":2713},{""x"":89,""y"":341,""t"":2818},{""x"":329,""y"":323,""t"":2977},{""x"":515,""y"":311,""t"":3007},{""x"":679,""y"":304,""t"":3122},{""x"":813,""y"":282,""t"":3279},{""x"":969,""y"":334,""t"":3380},{""x"":1042,""y"":338,""t"":3413},{""x"":1112,""y"":368,""t"":3506},{""x"":1023,""y"":382,""t"":3622},{""x"":925,""y"":376,""t"":3734},{""x"":466,""y"":317,""t"":3897},{""x"":379,""y"":352,""t"":4002},{""x"":196,""y"":353,""t"":4050},{""x"":-206,""y"":283,""t"":4186},{""x"":-165,""y"":282,""t"":4282},{""x"":-379,""y"":226,""t"":4400},{""x"":-263,""y"":257,""t"":4493},{""x"":-233,""y"":296,""t"":4661},{""x"":-220,""y"":321,""t"":4706},{""x"":-391,""y"":291,""t"":4858},{""x"":-277,""y"":300,""t"":4952},{""x"":-447,""y"":280,""t"":5050},{""x"":-426,""y"":273,""t"":5082},{""x"":-260,""y"":335,""t"":5190},{""x"":-427,""y"":323,""t"":5350},{""x"":-215,""y"":388,""t"":5385},{""x"":-382,""y"":372,""t"":5491},{""x"":-126,""y"":411,""t"":5587},{""x"":-174,""y"":365,""t"":5718},{""x"":-31,""y"":374,""t"":5838},{""x"":113,""y"":386,""t"":5948},{""x"":-34,""y"":323,""t"":6043},{""x"":63,""y"":334,""t"":6210},{""x"":-50,""y"":222,""t"":6257},{""x"":78,""y"":242,""t"":6372}]",0,0.9964392714699807,0.0035607285300192026,wa_b-last,0
19,0,37,catch_2,1.0,619.0,0.38,0.6,2.2,4.0,dominated,dominant,1,1,alternatives,0.0,False,0.8360000000000001,2.4,-1.5639999999999998,-1.3524515949845597,0.5,0.5,0.5,0.5,,1.0,,dominant,True,"{""durations"":[1250,1250,1250,1250],""attributes"":[""all"",""all"",""all"",""all""],""alternatives"":[0,1,0,1]}","[{""x"":433,""y"":195,""t"":-107},{""x"":422,""y"":241,""t"":1},{""x"":366,""y"":266,""t"":124},{""x"":299,""y"":252,""t"":293},{""x"":488,""y"":226,""t"":328},{""x"":637,""y"":235,""t"":425},{""x"":750,""y"":256,""t"":520},{""x"":917,""y"":333,""t"":612},{""x"":968,""y"":370,""t"":723},{""x"":1018,""y"":416,""t"":849},{""x"":1090,""y"":400,""t"":943},{""x"":1175,""y"":404,""t"":1052},{""x"":1241,""y"":385,""t"":1158},{""x"":1103,""y"":354,""t"":1332},{""x"":901,""y"":341,""t"":1444},{""x"":733,""y"":330,""t"":1544},{""x"":575,""y"":323,""t"":1577},{""x"":508,""y"":332,""t"":1745},{""x"":206,""y"":299,""t"":1783},{""x"":12,""y"":278,""t"":2007},{""x"":-25,""y"":298,""t"":2124},{""x"":-105,""y"":283,""t"":2238},{""x"":-59,""y"":295,""t"":2333},{""x"":13,""y"":331,""t"":2439},{""x"":-75,""y"":300,""t"":2552},{""x"":-112,""y"":295,""t"":2647},{""x"":-16,""y"":303,""t"":2814},{""x"":38,""y"":324,""t"":2848},{""x"":135,""y"":338,""t"":2962},{""x"":354,""y"":318,""t"":3087},{""x"":578,""y"":295,""t"":3189},{""x"":759,""y"":313,""t"":3285},{""x"":939,""y"":341,""t"":3381},{""x"":1038,""y"":385,""t"":3556},{""x"":1114,""y"":363,""t"":3682},{""x"":1179,""y"":327,""t"":3783},{""x"":1208,""y"":307,""t"":3829},{""x"":1208,""y"":306,""t"":3984},{""x"":1042,""y"":296,""t"":4018},{""x"":931,""y"":300,""t"":4140},{""x"":824,""y"":305,""t"":4236},{""x"":748,""y"":349,""t"":4409},{""x"":652,""y"":407,""t"":4455},{""x"":479,""y"":436,""t"":4548},{""x"":80,""y"":457,""t"":4657},{""x"":32,""y"":520,""t"":4753},{""x"":98,""y"":509,""t"":4915},{""x"":57,""y"":471,""t"":5017},{""x"":18,""y"":389,""t"":5062},{""x"":79,""y"":370,""t"":5203},{""x"":34,""y"":323,""t"":5365},{""x"":39,""y"":316,""t"":5479},{""x"":-27,""y"":280,""t"":5514},{""x"":-46,""y"":254,""t"":5613},{""x"":16,""y"":256,""t"":5719},{""x"":122,""y"":261,""t"":5871},{""x"":261,""y"":281,""t"":5903},{""x"":253,""y"":325,""t"":6074},{""x"":277,""y"":304,""t"":6124},{""x"":356,""y"":314,""t"":6251},{""x"":365,""y"":345,""t"":6403},{""x"":322,""y"":364,""t"":6446}]",1,0.017783144915874734,0.9822168550841253,wa_b-last,0
19,0,38,exp_89,0.0,539.0,0.5,0.38,3.0,4.0,higher_p,higher_m,0,1,attributes,1.0,True,1.5,1.52,-0.02,0.236730492272792,0.5,0.5,0.6,0.4,0.0,1.0,higher_p,higher_m,True,"{""durations"":[1500,1000,1500,1000],""alternatives"":[""all"",""all"",""all"",""all""],""attributes"":[""p"",""m"",""p"",""m""]}","[{""x"":256,""y"":251,""t"":-131},{""x"":156,""y"":236,""t"":2},{""x"":80,""y"":204,""t"":108},{""x"":162,""y"":239,""t"":218},{""x"":84,""y"":294,""t"":311},{""x"":-28,""y"":300,""t"":418},{""x"":-359,""y"":247,""t"":527},{""x"":-494,""y"":225,""t"":633},{""x"":-153,""y"":315,""t"":732},{""x"":114,""y"":374,""t"":826},{""x"":275,""y"":381,""t"":936},{""x"":515,""y"":456,""t"":1102},{""x"":605,""y"":415,""t"":1204},{""x"":683,""y"":401,""t"":1237},{""x"":702,""y"":368,""t"":1332},{""x"":660,""y"":363,""t"":1445},{""x"":643,""y"":344,""t"":1549},{""x"":567,""y"":290,""t"":1730},{""x"":367,""y"":262,""t"":1771},{""x"":282,""y"":245,""t"":1876},{""x"":322,""y"":230,""t"":2005},{""x"":304,""y"":270,""t"":2098},{""x"":490,""y"":264,""t"":2197},{""x"":496,""y"":233,""t"":2299},{""x"":673,""y"":242,""t"":2396},{""x"":740,""y"":222,""t"":2510},{""x"":860,""y"":259,""t"":2607},{""x"":890,""y"":278,""t"":2703},{""x"":761,""y"":267,""t"":2818},{""x"":827,""y"":275,""t"":2938},{""x"":906,""y"":272,""t"":3048},{""x"":959,""y"":312,""t"":3235},{""x"":1054,""y"":385,""t"":3339},{""x"":890,""y"":421,""t"":3373},{""x"":625,""y"":410,""t"":3479},{""x"":384,""y"":391,""t"":3668},{""x"":199,""y"":345,""t"":3701},{""x"":208,""y"":303,""t"":3798},{""x"":199,""y"":290,""t"":3898},{""x"":206,""y"":276,""t"":4002},{""x"":175,""y"":278,""t"":4105},{""x"":157,""y"":278,""t"":4219},{""x"":174,""y"":280,""t"":4316},{""x"":406,""y"":292,""t"":4408},{""x"":555,""y"":284,""t"":4508},{""x"":691,""y"":271,""t"":4682},{""x"":627,""y"":251,""t"":4715},{""x"":578,""y"":268,""t"":4813},{""x"":548,""y"":256,""t"":4914},{""x"":690,""y"":239,""t"":5016},{""x"":802,""y"":220,""t"":5120},{""x"":887,""y"":215,""t"":5299},{""x"":984,""y"":228,""t"":5347},{""x"":839,""y"":274,""t"":5451},{""x"":756,""y"":338,""t"":5563},{""x"":664,""y"":395,""t"":5668},{""x"":646,""y"":381,""t"":5782},{""x"":614,""y"":411,""t"":5883},{""x"":437,""y"":403,""t"":5979},{""x"":382,""y"":430,""t"":6104},{""x"":194,""y"":419,""t"":6204},{""x"":163,""y"":406,""t"":6301},{""x"":183,""y"":377,""t"":6411},{""x"":277,""y"":363,""t"":6508}]",0,0.7871068699053105,0.2128931300946895,wa_b-last,0
19,0,39,exp_15,0.0,844.0,0.7,0.29,1.7999999999999998,5.0,higher_p,higher_m,0,1,attributes,1.0,True,1.2599999999999998,1.45,-0.1900000000000001,0.0617557805929021,0.5,0.5,0.4,0.6,1.0,1.0,higher_m,higher_m,True,"{""durations"":[1000,1500,1000,1500],""alternatives"":[""all"",""all"",""all"",""all""],""attributes"":[""p"",""m"",""p"",""m""]}","[{""x"":456,""y"":295,""t"":-118},{""x"":471,""y"":293,""t"":3},{""x"":488,""y"":286,""t"":121},{""x"":468,""y"":315,""t"":215},{""x"":261,""y"":326,""t"":321},{""x"":162,""y"":353,""t"":419},{""x"":277,""y"":372,""t"":516},{""x"":412,""y"":399,""t"":656},{""x"":628,""y"":451,""t"":756},{""x"":678,""y"":463,""t"":847},{""x"":746,""y"":452,""t"":959},{""x"":728,""y"":458,""t"":1129},{""x"":847,""y"":486,""t"":1246},{""x"":871,""y"":434,""t"":1286},{""x"":964,""y"":426,""t"":1396},{""x"":826,""y"":376,""t"":1494},{""x"":693,""y"":336,""t"":1612},{""x"":569,""y"":342,""t"":1782},{""x"":470,""y"":329,""t"":1820},{""x"":347,""y"":322,""t"":1925},{""x"":302,""y"":358,""t"":2025},{""x"":277,""y"":380,""t"":2141},{""x"":146,""y"":381,""t"":2235},{""x"":125,""y"":371,""t"":2395},{""x"":103,""y"":351,""t"":2445},{""x"":70,""y"":335,""t"":2659},{""x"":116,""y"":352,""t"":2686},{""x"":142,""y"":369,""t"":2807},{""x"":190,""y"":396,""t"":2956},{""x"":87,""y"":403,""t"":3051},{""x"":-2,""y"":413,""t"":3085},{""x"":60,""y"":425,""t"":3254},{""x"":283,""y"":478,""t"":3345},{""x"":526,""y"":542,""t"":3465},{""x"":725,""y"":563,""t"":3563},{""x"":916,""y"":614,""t"":3659},{""x"":847,""y"":606,""t"":3756},{""x"":865,""y"":618,""t"":3891},{""x"":735,""y"":506,""t"":3993},{""x"":748,""y"":461,""t"":4099},{""x"":862,""y"":431,""t"":4253},{""x"":904,""y"":392,""t"":4320},{""x"":806,""y"":339,""t"":4414},{""x"":664,""y"":285,""t"":4514},{""x"":724,""y"":284,""t"":4626},{""x"":751,""y"":272,""t"":4749},{""x"":838,""y"":288,""t"":4899},{""x"":900,""y"":320,""t"":4947},{""x"":978,""y"":331,""t"":5059},{""x"":982,""y"":335,""t"":5216},{""x"":986,""y"":357,""t"":5250},{""x"":974,""y"":382,""t"":5365},{""x"":947,""y"":375,""t"":5498},{""x"":949,""y"":372,""t"":5605},{""x"":874,""y"":345,""t"":5755},{""x"":658,""y"":450,""t"":5866},{""x"":320,""y"":529,""t"":5914},{""x"":-79,""y"":511,""t"":6084},{""x"":-579,""y"":492,""t"":6111},{""x"":-793,""y"":386,""t"":6212},{""x"":-783,""y"":369,""t"":6316},{""x"":-653,""y"":355,""t"":6471},{""x"":-465,""y"":301,""t"":6577},{""x"":-301,""y"":281,""t"":6643}]",0,0.9934360517679754,0.006563948232024501,wa_b-last,0
19,0,40,exp_18,0.0,870.0,0.28,0.17,4.3,8.3,higher_p,higher_m,0,1,alternatives,0.0,False,1.204,1.4110000000000005,-0.2070000000000003,0.0442583094249129,0.6,0.4,0.5,0.5,0.0,0.0,higher_p,higher_p,True,"{""durations"":[1000,1500,1000,1500],""alternatives"":[1,0,1,0],""attributes"":[""all"",""all"",""all"",""all""]}","[{""x"":553,""y"":246,""t"":-34},{""x"":592,""y"":255,""t"":3},{""x"":609,""y"":260,""t"":115},{""x"":506,""y"":261,""t"":217},{""x"":534,""y"":253,""t"":312},{""x"":623,""y"":310,""t"":418},{""x"":731,""y"":375,""t"":511},{""x"":765,""y"":405,""t"":666},{""x"":851,""y"":444,""t"":698},{""x"":897,""y"":451,""t"":865},{""x"":962,""y"":418,""t"":910},{""x"":973,""y"":400,""t"":1018},{""x"":954,""y"":353,""t"":1172},{""x"":843,""y"":332,""t"":1209},{""x"":718,""y"":307,""t"":1324},{""x"":608,""y"":277,""t"":1516},{""x"":469,""y"":280,""t"":1617},{""x"":354,""y"":284,""t"":1651},{""x"":301,""y"":333,""t"":1808},{""x"":298,""y"":367,""t"":1853},{""x"":273,""y"":367,""t"":1967},{""x"":215,""y"":380,""t"":2059},{""x"":198,""y"":376,""t"":2245},{""x"":208,""y"":394,""t"":2351},{""x"":232,""y"":378,""t"":2387},{""x"":239,""y"":367,""t"":2496},{""x"":197,""y"":390,""t"":2668},{""x"":313,""y"":359,""t"":2778},{""x"":426,""y"":342,""t"":2879},{""x"":467,""y"":317,""t"":2977},{""x"":665,""y"":384,""t"":3023},{""x"":801,""y"":425,""t"":3132},{""x"":924,""y"":462,""t"":3225},{""x"":953,""y"":408,""t"":3399},{""x"":942,""y"":355,""t"":3444},{""x"":1020,""y"":407,""t"":3537},{""x"":748,""y"":484,""t"":3657},{""x"":487,""y"":485,""t"":3759},{""x"":215,""y"":460,""t"":3927},{""x"":126,""y"":475,""t"":3964},{""x"":35,""y"":490,""t"":4070},{""x"":-90,""y"":499,""t"":4180},{""x"":-213,""y"":499,""t"":4274},{""x"":-262,""y"":499,""t"":4425},{""x"":-249,""y"":496,""t"":4523},{""x"":-154,""y"":502,""t"":4619},{""x"":-80,""y"":519,""t"":4657},{""x"":-106,""y"":511,""t"":4778},{""x"":18,""y"":514,""t"":4931},{""x"":101,""y"":520,""t"":4966},{""x"":410,""y"":548,""t"":5120},{""x"":640,""y"":547,""t"":5169},{""x"":745,""y"":505,""t"":5281},{""x"":944,""y"":558,""t"":5445},{""x"":1051,""y"":554,""t"":5487},{""x"":1205,""y"":593,""t"":5604},{""x"":1100,""y"":562,""t"":5774},{""x"":1045,""y"":544,""t"":5812},{""x"":926,""y"":513,""t"":5907},{""x"":837,""y"":530,""t"":6012},{""x"":648,""y"":522,""t"":6103},{""x"":521,""y"":450,""t"":6224},{""x"":485,""y"":433,""t"":6337},{""x"":306,""y"":439,""t"":6435},{""x"":323,""y"":452,""t"":6533},{""x"":203,""y"":428,""t"":6658},{""x"":136,""y"":408,""t"":6749}]",0,0.669256885747614,0.330743114252386,wa_b-last,0
19,0,41,catch_5,1.0,375.0,0.4,0.49,3.2,4.3,dominated,dominant,1,1,attributes,1.0,True,1.2800000000000002,2.107,-0.8269999999999995,-0.593884756701743,0.5,0.5,0.5,0.5,,1.0,,dominant,True,"{""durations"":[1250,1250,1250,1250],""attributes"":[""p"",""m"",""p"",""m""],""alternatives"":[""all"",""all"",""all"",""all""]}","[{""x"":390,""y"":389,""t"":-38},{""x"":388,""y"":354,""t"":3},{""x"":379,""y"":321,""t"":109},{""x"":489,""y"":366,""t"":281},{""x"":643,""y"":439,""t"":329},{""x"":646,""y"":449,""t"":459},{""x"":680,""y"":440,""t"":553},{""x"":603,""y"":475,""t"":710},{""x"":447,""y"":447,""t"":816},{""x"":360,""y"":480,""t"":935},{""x"":378,""y"":455,""t"":967},{""x"":536,""y"":488,""t"":1079},{""x"":624,""y"":487,""t"":1183},{""x"":783,""y"":513,""t"":1294},{""x"":794,""y"":513,""t"":1417},{""x"":801,""y"":517,""t"":1525},{""x"":819,""y"":490,""t"":1621},{""x"":911,""y"":510,""t"":1717},{""x"":837,""y"":474,""t"":1868},{""x"":735,""y"":430,""t"":1914},{""x"":560,""y"":399,""t"":2073},{""x"":391,""y"":382,""t"":2118},{""x"":561,""y"":374,""t"":2283},{""x"":644,""y"":321,""t"":2379},{""x"":761,""y"":302,""t"":2475},{""x"":835,""y"":266,""t"":2520},{""x"":785,""y"":303,""t"":2691},{""x"":794,""y"":343,""t"":2739},{""x"":707,""y"":363,""t"":2850},{""x"":630,""y"":378,""t"":2944},{""x"":562,""y"":438,""t"":3048},{""x"":348,""y"":467,""t"":3163},{""x"":240,""y"":470,""t"":3258},{""x"":-49,""y"":480,""t"":3409},{""x"":-128,""y"":480,""t"":3442},{""x"":-130,""y"":472,""t"":3600},{""x"":-29,""y"":467,""t"":3652},{""x"":1,""y"":467,""t"":3763},{""x"":162,""y"":475,""t"":3920},{""x"":233,""y"":486,""t"":4015},{""x"":225,""y"":492,""t"":4050},{""x"":197,""y"":448,""t"":4178},{""x"":276,""y"":434,""t"":4513},{""x"":405,""y"":434,""t"":4616},{""x"":507,""y"":454,""t"":4711},{""x"":524,""y"":451,""t"":4810},{""x"":453,""y"":428,""t"":4973},{""x"":483,""y"":435,""t"":5019},{""x"":404,""y"":445,""t"":5130},{""x"":360,""y"":452,""t"":5229},{""x"":279,""y"":436,""t"":5384},{""x"":172,""y"":445,""t"":5504},{""x"":224,""y"":467,""t"":5552},{""x"":394,""y"":504,""t"":5668},{""x"":406,""y"":503,""t"":5793},{""x"":486,""y"":520,""t"":5899},{""x"":495,""y"":487,""t"":6055},{""x"":516,""y"":489,""t"":6174},{""x"":547,""y"":485,""t"":6206}]",1,0.1341235292013842,0.8658764707986158,wa_b-last,0
19,0,42,exp_57,0.0,722.0,0.41,0.21,1.7999999999999998,6.2,higher_p,higher_m,0,1,attributes,1.0,True,0.7379999999999999,1.302,-0.5640000000000002,-0.3231885851028554,0.5,0.5,0.6,0.4,0.0,1.0,higher_p,higher_m,True,"{""durations"":[1500,1000,1500,1000],""alternatives"":[""all"",""all"",""all"",""all""],""attributes"":[""p"",""m"",""p"",""m""]}","[{""x"":328,""y"":500,""t"":-105},{""x"":358,""y"":518,""t"":2},{""x"":326,""y"":494,""t"":131},{""x"":314,""y"":482,""t"":228},{""x"":285,""y"":479,""t"":326},{""x"":233,""y"":498,""t"":493},{""x"":244,""y"":498,""t"":606},{""x"":184,""y"":409,""t"":655},{""x"":242,""y"":367,""t"":755},{""x"":234,""y"":378,""t"":854},{""x"":189,""y"":399,""t"":953},{""x"":117,""y"":439,""t"":1059},{""x"":-96,""y"":394,""t"":1182},{""x"":-253,""y"":394,""t"":1278},{""x"":-355,""y"":390,""t"":1435},{""x"":-333,""y"":426,""t"":1469},{""x"":-209,""y"":441,""t"":1642},{""x"":-143,""y"":433,""t"":1681},{""x"":-136,""y"":411,""t"":1798},{""x"":64,""y"":408,""t"":1896},{""x"":342,""y"":398,""t"":1988},{""x"":598,""y"":420,""t"":2096},{""x"":776,""y"":400,""t"":2275},{""x"":639,""y"":403,""t"":2390},{""x"":525,""y"":391,""t"":2435},{""x"":645,""y"":327,""t"":2546},{""x"":781,""y"":298,""t"":2652},{""x"":888,""y"":269,""t"":2768},{""x"":802,""y"":287,""t"":2868},{""x"":673,""y"":342,""t"":2977},{""x"":508,""y"":393,""t"":3077},{""x"":634,""y"":432,""t"":3176},{""x"":740,""y"":486,""t"":3272},{""x"":839,""y"":528,""t"":3402},{""x"":944,""y"":555,""t"":3506},{""x"":791,""y"":561,""t"":3694},{""x"":647,""y"":581,""t"":3796},{""x"":386,""y"":568,""t"":3844},{""x"":302,""y"":588,""t"":3941},{""x"":230,""y"":506,""t"":4035},{""x"":262,""y"":436,""t"":4149},{""x"":402,""y"":459,""t"":4258},{""x"":523,""y"":454,""t"":4367},{""x"":578,""y"":407,""t"":4482},{""x"":647,""y"":357,""t"":4579},{""x"":522,""y"":333,""t"":4678},{""x"":387,""y"":324,""t"":4801},{""x"":298,""y"":316,""t"":4898},{""x"":446,""y"":287,""t"":5058},{""x"":591,""y"":258,""t"":5162},{""x"":635,""y"":323,""t"":5204},{""x"":547,""y"":381,""t"":5312},{""x"":473,""y"":414,""t"":5419},{""x"":317,""y"":432,""t"":5529},{""x"":355,""y"":421,""t"":5719},{""x"":337,""y"":425,""t"":5818},{""x"":252,""y"":412,""t"":5977},{""x"":208,""y"":441,""t"":6012},{""x"":218,""y"":443,""t"":6146},{""x"":175,""y"":469,""t"":6269},{""x"":110,""y"":473,""t"":6433},{""x"":83,""y"":452,""t"":6541}]",1,0.8223297008740171,0.17767029912598287,wa_b-last,0
19,0,43,exp_107,0.0,609.0,0.78,0.4,2.1,3.0,higher_p,higher_m,0,1,attributes,1.0,True,1.638,1.2000000000000002,0.4379999999999999,0.7081329507986127,0.5,0.5,0.6,0.4,0.0,0.0,higher_p,higher_p,True,"{""durations"":[1000,1500,1000,1500],""alternatives"":[""all"",""all"",""all"",""all""],""attributes"":[""m"",""p"",""m"",""p""]}","[{""x"":214,""y"":425,""t"":-112},{""x"":262,""y"":409,""t"":2},{""x"":254,""y"":410,""t"":137},{""x"":128,""y"":405,""t"":238},{""x"":124,""y"":416,""t"":342},{""x"":103,""y"":411,""t"":452},{""x"":198,""y"":395,""t"":549},{""x"":187,""y"":401,""t"":662},{""x"":415,""y"":361,""t"":826},{""x"":602,""y"":348,""t"":873},{""x"":738,""y"":323,""t"":971},{""x"":799,""y"":310,""t"":1081},{""x"":729,""y"":323,""t"":1216},{""x"":639,""y"":325,""t"":1317},{""x"":551,""y"":388,""t"":1434},{""x"":421,""y"":408,""t"":1539},{""x"":392,""y"":461,""t"":1707},{""x"":548,""y"":508,""t"":1855},{""x"":724,""y"":545,""t"":1957},{""x"":699,""y"":505,""t"":2003},{""x"":860,""y"":498,""t"":2101},{""x"":694,""y"":509,""t"":2236},{""x"":544,""y"":509,""t"":2336},{""x"":451,""y"":520,""t"":2442},{""x"":357,""y"":517,""t"":2551},{""x"":250,""y"":484,""t"":2650},{""x"":190,""y"":469,""t"":2786},{""x"":147,""y"":458,""t"":2890},{""x"":314,""y"":396,""t"":2995},{""x"":476,""y"":349,""t"":3109},{""x"":650,""y"":313,""t"":3214},{""x"":558,""y"":288,""t"":3387},{""x"":516,""y"":321,""t"":3505},{""x"":506,""y"":378,""t"":3604},{""x"":368,""y"":364,""t"":3649},{""x"":361,""y"":378,""t"":3756},{""x"":258,""y"":348,""t"":3862},{""x"":227,""y"":392,""t"":3987},{""x"":102,""y"":425,""t"":4106},{""x"":-39,""y"":440,""t"":4199},{""x"":-8,""y"":470,""t"":4297},{""x"":-70,""y"":490,""t"":4468},{""x"":-176,""y"":517,""t"":4504},{""x"":-137,""y"":540,""t"":4615},{""x"":-100,""y"":552,""t"":4792},{""x"":-69,""y"":568,""t"":4834},{""x"":-6,""y"":603,""t"":4936},{""x"":-52,""y"":581,""t"":5041},{""x"":-24,""y"":600,""t"":5153},{""x"":-140,""y"":573,""t"":5261},{""x"":-73,""y"":596,""t"":5376},{""x"":-244,""y"":537,""t"":5478},{""x"":-244,""y"":503,""t"":5576},{""x"":-41,""y"":493,""t"":5743},{""x"":66,""y"":483,""t"":5791},{""x"":156,""y"":478,""t"":5888},{""x"":225,""y"":509,""t"":6061},{""x"":145,""y"":486,""t"":6105},{""x"":185,""y"":492,""t"":6214},{""x"":215,""y"":487,""t"":6326},{""x"":309,""y"":467,""t"":6445}]",0,0.9964392714699807,0.0035607285300192026,wa_b-last,0
19,0,44,exp_53,0.0,510.0,0.49,0.32,6.9,8.2,higher_p,higher_m,0,1,attributes,1.0,True,3.381,2.624,0.7570000000000006,1.0364678509508771,0.5,0.5,0.4,0.6,1.0,0.0,higher_m,higher_p,True,"{""durations"":[1500,1000,1500,1000],""alternatives"":[""all"",""all"",""all"",""all""],""attributes"":[""m"",""p"",""m"",""p""]}","[{""x"":360,""y"":451,""t"":-122},{""x"":343,""y"":461,""t"":3},{""x"":356,""y"":451,""t"":130},{""x"":343,""y"":458,""t"":229},{""x"":271,""y"":454,""t"":340},{""x"":215,""y"":432,""t"":435},{""x"":136,""y"":445,""t"":548},{""x"":334,""y"":394,""t"":666},{""x"":502,""y"":360,""t"":766},{""x"":629,""y"":338,""t"":890},{""x"":716,""y"":290,""t"":991},{""x"":594,""y"":265,""t"":1086},{""x"":557,""y"":230,""t"":1186},{""x"":667,""y"":195,""t"":1295},{""x"":775,""y"":180,""t"":1427},{""x"":881,""y"":215,""t"":1529},{""x"":984,""y"":245,""t"":1625},{""x"":1026,""y"":297,""t"":1736},{""x"":1032,""y"":363,""t"":1837},{""x"":941,""y"":447,""t"":1955},{""x"":842,""y"":482,""t"":2068},{""x"":666,""y"":540,""t"":2244},{""x"":507,""y"":553,""t"":2279},{""x"":330,""y"":562,""t"":2447},{""x"":196,""y"":505,""t"":2482},{""x"":117,""y"":483,""t"":2601},{""x"":48,""y"":461,""t"":2715},{""x"":91,""y"":429,""t"":2821},{""x"":99,""y"":410,""t"":2919},{""x"":102,""y"":401,""t"":3044},{""x"":66,""y"":376,""t"":3218},{""x"":33,""y"":366,""t"":3331},{""x"":37,""y"":346,""t"":3442},{""x"":278,""y"":305,""t"":3546},{""x"":462,""y"":267,""t"":3588},{""x"":601,""y"":256,""t"":3697},{""x"":739,""y"":235,""t"":3797},{""x"":600,""y"":284,""t"":3979},{""x"":577,""y"":347,""t"":4015},{""x"":475,""y"":397,""t"":4123},{""x"":432,""y"":480,""t"":4283},{""x"":337,""y"":520,""t"":4408},{""x"":248,""y"":514,""t"":4517},{""x"":172,""y"":501,""t"":4627},{""x"":353,""y"":550,""t"":4733},{""x"":481,""y"":574,""t"":4777},{""x"":577,""y"":615,""t"":4895},{""x"":631,""y"":603,""t"":4994},{""x"":710,""y"":583,""t"":5102},{""x"":612,""y"":590,""t"":5202},{""x"":477,""y"":607,""t"":5303},{""x"":380,""y"":635,""t"":5396},{""x"":293,""y"":618,""t"":5496},{""x"":219,""y"":597,""t"":5628},{""x"":207,""y"":555,""t"":5792},{""x"":128,""y"":505,""t"":5909},{""x"":74,""y"":471,""t"":6021},{""x"":117,""y"":433,""t"":6301},{""x"":179,""y"":447,""t"":6336}]",0,0.9149640588615277,0.08503594113847233,wa_b-last,0
19,0,45,exp_37,1.0,533.0,0.79,0.7,2.0,3.2,higher_p,higher_m,0,1,attributes,1.0,True,1.58,2.24,-0.6599999999999997,-0.4219978340514986,0.5,0.5,0.4,0.6,1.0,0.0,higher_m,higher_p,False,"{""durations"":[1500,1000,1500,1000],""alternatives"":[""all"",""all"",""all"",""all""],""attributes"":[""m"",""p"",""m"",""p""]}","[{""x"":215,""y"":427,""t"":-45},{""x"":190,""y"":420,""t"":2},{""x"":166,""y"":389,""t"":115},{""x"":197,""y"":390,""t"":215},{""x"":129,""y"":380,""t"":412},{""x"":106,""y"":385,""t"":459},{""x"":338,""y"":382,""t"":615},{""x"":534,""y"":409,""t"":663},{""x"":686,""y"":421,""t"":834},{""x"":799,""y"":441,""t"":868},{""x"":886,""y"":449,""t"":978},{""x"":710,""y"":424,""t"":1147},{""x"":595,""y"":410,""t"":1246},{""x"":492,""y"":395,""t"":1282},{""x"":432,""y"":387,""t"":1452},{""x"":350,""y"":412,""t"":1573},{""x"":260,""y"":475,""t"":1609},{""x"":201,""y"":541,""t"":1720},{""x"":153,""y"":569,""t"":1822},{""x"":68,""y"":600,""t"":1940},{""x"":281,""y"":631,""t"":2038},{""x"":470,""y"":667,""t"":2138},{""x"":566,""y"":661,""t"":2238},{""x"":713,""y"":694,""t"":2333},{""x"":835,""y"":720,""t"":2459},{""x"":652,""y"":683,""t"":2636},{""x"":718,""y"":667,""t"":2670},{""x"":851,""y"":650,""t"":2794},{""x"":927,""y"":579,""t"":2890},{""x"":985,""y"":537,""t"":2989},{""x"":821,""y"":479,""t"":3109},{""x"":676,""y"":431,""t"":3217},{""x"":500,""y"":415,""t"":3376},{""x"":329,""y"":369,""t"":3484},{""x"":436,""y"":359,""t"":3530},{""x"":564,""y"":352,""t"":3661},{""x"":487,""y"":375,""t"":3759},{""x"":383,""y"":424,""t"":3858},{""x"":293,""y"":448,""t"":3957},{""x"":215,""y"":485,""t"":4061},{""x"":147,""y"":526,""t"":4176},{""x"":83,""y"":569,""t"":4273},{""x"":64,""y"":606,""t"":4383},{""x"":61,""y"":619,""t"":4479},{""x"":0,""y"":659,""t"":4638},{""x"":238,""y"":655,""t"":4674},{""x"":393,""y"":681,""t"":4785},{""x"":539,""y"":664,""t"":4885},{""x"":659,""y"":661,""t"":5061},{""x"":806,""y"":662,""t"":5162},{""x"":651,""y"":673,""t"":5288},{""x"":529,""y"":662,""t"":5402},{""x"":419,""y"":652,""t"":5507},{""x"":383,""y"":584,""t"":5540},{""x"":399,""y"":533,""t"":5640},{""x"":379,""y"":488,""t"":5745},{""x"":329,""y"":459,""t"":5853},{""x"":292,""y"":446,""t"":5954},{""x"":271,""y"":428,""t"":6111},{""x"":215,""y"":423,""t"":6214}]",0,0.7697216569005515,0.23027834309944858,wa_b-last,0
19,0,46,exp_64,0.0,440.0,0.72,0.51,4.2,5.2,higher_p,higher_m,0,1,alternatives,0.0,False,3.024,2.652,0.3719999999999999,0.6402015921464201,0.6,0.4,0.5,0.5,0.0,1.0,higher_p,higher_m,True,"{""durations"":[1500,1000,1500,1000],""alternatives"":[0,1,0,1],""attributes"":[""all"",""all"",""all"",""all""]}","[{""x"":231,""y"":405,""t"":-135},{""x"":201,""y"":407,""t"":2},{""x"":184,""y"":422,""t"":127},{""x"":168,""y"":420,""t"":229},{""x"":127,""y"":404,""t"":348},{""x"":193,""y"":433,""t"":472},{""x"":130,""y"":488,""t"":572},{""x"":81,""y"":523,""t"":704},{""x"":76,""y"":491,""t"":821},{""x"":98,""y"":463,""t"":944},{""x"":113,""y"":450,""t"":1226},{""x"":316,""y"":485,""t"":1386},{""x"":449,""y"":505,""t"":1486},{""x"":542,""y"":549,""t"":1532},{""x"":476,""y"":534,""t"":1647},{""x"":608,""y"":582,""t"":1765},{""x"":655,""y"":583,""t"":1873},{""x"":719,""y"":555,""t"":2032},{""x"":859,""y"":596,""t"":2077},{""x"":880,""y"":528,""t"":2263},{""x"":882,""y"":484,""t"":2298},{""x"":866,""y"":446,""t"":2399},{""x"":895,""y"":403,""t"":2568},{""x"":928,""y"":367,""t"":2604},{""x"":952,""y"":338,""t"":2725},{""x"":896,""y"":318,""t"":2901},{""x"":846,""y"":299,""t"":2939},{""x"":675,""y"":303,""t"":3120},{""x"":495,""y"":315,""t"":3155},{""x"":359,""y"":382,""t"":3335},{""x"":231,""y"":433,""t"":3368},{""x"":137,""y"":481,""t"":3470},{""x"":54,""y"":534,""t"":3573},{""x"":-4,""y"":567,""t"":3677},{""x"":173,""y"":500,""t"":3792},{""x"":346,""y"":480,""t"":3904},{""x"":505,""y"":466,""t"":4004},{""x"":588,""y"":450,""t"":4100},{""x"":700,""y"":484,""t"":4272},{""x"":786,""y"":508,""t"":4309},{""x"":860,""y"":547,""t"":4424},{""x"":893,""y"":579,""t"":4522},{""x"":958,""y"":607,""t"":4622},{""x"":976,""y"":645,""t"":4716},{""x"":970,""y"":672,""t"":4888},{""x"":986,""y"":601,""t"":4932},{""x"":1003,""y"":557,""t"":5058},{""x"":943,""y"":529,""t"":5164},{""x"":940,""y"":491,""t"":5263},{""x"":903,""y"":427,""t"":5374},{""x"":922,""y"":396,""t"":5498},{""x"":815,""y"":389,""t"":5672},{""x"":736,""y"":368,""t"":5779},{""x"":608,""y"":352,""t"":5893},{""x"":548,""y"":354,""t"":5997},{""x"":412,""y"":347,""t"":6040},{""x"":304,""y"":387,""t"":6143},{""x"":220,""y"":425,""t"":6250}]",0,0.934316941924848,0.06568305807515201,wa_b-last,0
19,0,47,exp_104,0.0,324.0,0.78,0.4,2.1,3.0,higher_p,higher_m,0,1,alternatives,0.0,False,1.638,1.2000000000000002,0.4379999999999999,0.7081329507986127,0.6,0.4,0.5,0.5,0.0,1.0,higher_p,higher_m,True,"{""durations"":[1500,1000,1500,1000],""alternatives"":[0,1,0,1],""attributes"":[""all"",""all"",""all"",""all""]}","[{""x"":-34,""y"":477,""t"":-106},{""x"":4,""y"":462,""t"":2},{""x"":26,""y"":452,""t"":138},{""x"":84,""y"":442,""t"":299},{""x"":195,""y"":415,""t"":396},{""x"":391,""y"":390,""t"":441},{""x"":490,""y"":405,""t"":541},{""x"":640,""y"":462,""t"":650},{""x"":801,""y"":519,""t"":767},{""x"":770,""y"":536,""t"":863},{""x"":820,""y"":547,""t"":970},{""x"":870,""y"":592,""t"":1129},{""x"":886,""y"":615,""t"":1242},{""x"":870,""y"":603,""t"":1287},{""x"":937,""y"":635,""t"":1462},{""x"":953,""y"":690,""t"":1507},{""x"":965,""y"":636,""t"":1765},{""x"":942,""y"":574,""t"":1802},{""x"":729,""y"":530,""t"":1902},{""x"":562,""y"":491,""t"":2016},{""x"":448,""y"":471,""t"":2178},{""x"":334,""y"":477,""t"":2253},{""x"":258,""y"":482,""t"":2360},{""x"":152,""y"":457,""t"":2548},{""x"":81,""y"":420,""t"":2659},{""x"":46,""y"":396,""t"":2699},{""x"":258,""y"":395,""t"":2828},{""x"":400,""y"":395,""t"":2927},{""x"":544,""y"":404,""t"":3029},{""x"":654,""y"":472,""t"":3215},{""x"":735,""y"":523,""t"":3261},{""x"":831,""y"":558,""t"":3423},{""x"":891,""y"":475,""t"":3531},{""x"":886,""y"":476,""t"":3644},{""x"":925,""y"":451,""t"":3682},{""x"":949,""y"":450,""t"":3860},{""x"":983,""y"":433,""t"":3965},{""x"":947,""y"":423,""t"":4004},{""x"":965,""y"":432,""t"":4103},{""x"":677,""y"":491,""t"":4271},{""x"":544,""y"":535,""t"":4309},{""x"":308,""y"":549,""t"":4409},{""x"":188,""y"":559,""t"":4521},{""x"":38,""y"":560,""t"":4631},{""x"":-31,""y"":577,""t"":4738},{""x"":-67,""y"":523,""t"":4837},{""x"":-118,""y"":512,""t"":4949},{""x"":-110,""y"":501,""t"":5044},{""x"":-83,""y"":486,""t"":5142},{""x"":84,""y"":441,""t"":5256},{""x"":209,""y"":421,""t"":5355},{""x"":314,""y"":371,""t"":5471},{""x"":409,""y"":387,""t"":5592},{""x"":506,""y"":385,""t"":5690},{""x"":567,""y"":383,""t"":5865},{""x"":471,""y"":334,""t"":5897},{""x"":527,""y"":364,""t"":6089},{""x"":578,""y"":376,""t"":6248}]",0,0.9946680103987908,0.005331989601209141,wa_b-last,0
19,0,48,exp_22,0.0,424.0,0.28,0.17,4.3,8.3,higher_p,higher_m,0,1,alternatives,0.0,False,1.204,1.4110000000000005,-0.2070000000000003,0.0442583094249129,0.4,0.6,0.5,0.5,1.0,1.0,higher_m,higher_m,True,"{""durations"":[1000,1500,1000,1500],""alternatives"":[0,1,0,1],""attributes"":[""all"",""all"",""all"",""all""]}","[{""x"":314,""y"":448,""t"":-41},{""x"":236,""y"":442,""t"":1},{""x"":177,""y"":436,""t"":121},{""x"":110,""y"":428,""t"":299},{""x"":113,""y"":420,""t"":399},{""x"":295,""y"":455,""t"":511},{""x"":495,""y"":517,""t"":634},{""x"":602,""y"":527,""t"":744},{""x"":666,""y"":522,""t"":848},{""x"":741,""y"":484,""t"":894},{""x"":737,""y"":438,""t"":1019},{""x"":838,""y"":404,""t"":1117},{""x"":701,""y"":397,""t"":1296},{""x"":582,""y"":404,""t"":1412},{""x"":414,""y"":399,""t"":1446},{""x"":311,""y"":423,""t"":1546},{""x"":137,""y"":428,""t"":1639},{""x"":38,""y"":437,""t"":1749},{""x"":-22,""y"":425,""t"":1849},{""x"":-53,""y"":413,""t"":1959},{""x"":-73,""y"":412,""t"":2119},{""x"":-107,""y"":403,""t"":2244},{""x"":108,""y"":448,""t"":2356},{""x"":317,""y"":498,""t"":2463},{""x"":482,""y"":523,""t"":2504},{""x"":628,""y"":577,""t"":2637},{""x"":610,""y"":622,""t"":2735},{""x"":490,""y"":616,""t"":2841},{""x"":382,""y"":608,""t"":2962},{""x"":510,""y"":608,""t"":3120},{""x"":604,""y"":641,""t"":3161},{""x"":704,""y"":651,""t"":3262},{""x"":830,""y"":658,""t"":3363},{""x"":874,""y"":575,""t"":3539},{""x"":925,""y"":502,""t"":3648},{""x"":982,""y"":516,""t"":3763},{""x"":1029,""y"":540,""t"":3796},{""x"":870,""y"":492,""t"":3914},{""x"":700,""y"":474,""t"":4037},{""x"":541,""y"":486,""t"":4134},{""x"":407,""y"":498,""t"":4243},{""x"":321,""y"":488,""t"":4404},{""x"":201,""y"":444,""t"":4530},{""x"":165,""y"":414,""t"":4633},{""x"":362,""y"":481,""t"":4745},{""x"":500,""y"":547,""t"":4854},{""x"":625,""y"":572,""t"":4961},{""x"":643,""y"":541,""t"":4999},{""x"":774,""y"":572,""t"":5109},{""x"":851,""y"":593,""t"":5281},{""x"":909,""y"":628,""t"":5320},{""x"":965,""y"":658,""t"":5425},{""x"":845,""y"":617,""t"":5589},{""x"":747,""y"":579,""t"":5624},{""x"":710,""y"":546,""t"":5738},{""x"":649,""y"":489,""t"":5840},{""x"":605,""y"":508,""t"":5943},{""x"":613,""y"":510,""t"":6102},{""x"":515,""y"":473,""t"":6148}]",0,0.5742683382865367,0.42573166171346344,wa_b-last,0
19,0,49,exp_27,0.0,452.0,0.3,0.17,2.0,3.0,higher_p,higher_m,0,1,attributes,1.0,True,0.6,0.51,0.0899999999999999,0.3499494233597795,0.5,0.5,0.6,0.4,0.0,0.0,higher_p,higher_p,True,"{""durations"":[1000,1500,1000,1500],""alternatives"":[""all"",""all"",""all"",""all""],""attributes"":[""m"",""p"",""m"",""p""]}","[{""x"":198,""y"":380,""t"":-104},{""x"":185,""y"":381,""t"":2},{""x"":224,""y"":373,""t"":118},{""x"":173,""y"":359,""t"":235},{""x"":45,""y"":371,""t"":337},{""x"":264,""y"":348,""t"":439},{""x"":404,""y"":313,""t"":534},{""x"":581,""y"":293,""t"":708},{""x"":730,""y"":277,""t"":745},{""x"":802,""y"":284,""t"":906},{""x"":866,""y"":301,""t"":1011},{""x"":928,""y"":373,""t"":1133},{""x"":963,""y"":457,""t"":1167},{""x"":967,""y"":528,""t"":1279},{""x"":976,""y"":563,""t"":1377},{""x"":771,""y"":575,""t"":1481},{""x"":588,""y"":576,""t"":1575},{""x"":438,""y"":606,""t"":1739},{""x"":324,""y"":603,""t"":1776},{""x"":255,""y"":560,""t"":1887},{""x"":150,""y"":541,""t"":1993},{""x"":125,""y"":504,""t"":2156},{""x"":109,""y"":488,""t"":2287},{""x"":80,""y"":541,""t"":2325},{""x"":55,""y"":584,""t"":2447},{""x"":176,""y"":532,""t"":2557},{""x"":405,""y"":566,""t"":2663},{""x"":569,""y"":581,""t"":2763},{""x"":602,""y"":580,""t"":2948},{""x"":519,""y"":537,""t"":3058},{""x"":511,""y"":480,""t"":3179},{""x"":619,""y"":497,""t"":3225},{""x"":601,""y"":522,""t"":3335},{""x"":503,""y"":583,""t"":3434},{""x"":442,""y"":603,""t"":3541},{""x"":350,""y"":622,""t"":3667},{""x"":303,""y"":635,""t"":3770},{""x"":255,""y"":666,""t"":3882},{""x"":176,""y"":699,""t"":3984},{""x"":294,""y"":690,""t"":4089},{""x"":402,""y"":701,""t"":4198},{""x"":469,""y"":660,""t"":4359},{""x"":569,""y"":658,""t"":4462},{""x"":696,""y"":666,""t"":4573},{""x"":722,""y"":624,""t"":4701},{""x"":729,""y"":584,""t"":4810},{""x"":606,""y"":566,""t"":4919},{""x"":471,""y"":556,""t"":5021},{""x"":376,""y"":507,""t"":5118},{""x"":299,""y"":475,""t"":5167},{""x"":261,""y"":432,""t"":5498},{""x"":213,""y"":390,""t"":5603},{""x"":159,""y"":368,""t"":5704},{""x"":228,""y"":356,""t"":5818},{""x"":307,""y"":352,""t"":5921},{""x"":299,""y"":338,""t"":6032},{""x"":269,""y"":365,""t"":6134},{""x"":269,""y"":375,""t"":6235},{""x"":224,""y"":368,""t"":6332},{""x"":213,""y"":358,""t"":6431}]",0,0.8656256996662607,0.13437430033373932,wa_b-last,0
19,0,50,exp_58,0.0,610.0,0.41,0.21,1.7999999999999998,6.2,higher_p,higher_m,0,1,alternatives,0.0,False,0.7379999999999999,1.302,-0.5640000000000002,-0.3231885851028554,0.6,0.4,0.5,0.5,0.0,0.0,higher_p,higher_p,True,"{""durations"":[1000,1500,1000,1500],""alternatives"":[1,0,1,0],""attributes"":[""all"",""all"",""all"",""all""]}","[{""x"":13,""y"":373,""t"":-105},{""x"":63,""y"":389,""t"":3},{""x"":69,""y"":372,""t"":115},{""x"":71,""y"":370,""t"":293},{""x"":210,""y"":411,""t"":406},{""x"":418,""y"":468,""t"":509},{""x"":623,""y"":524,""t"":621},{""x"":703,""y"":474,""t"":664},{""x"":790,""y"":437,""t"":772},{""x"":890,""y"":403,""t"":953},{""x"":986,""y"":403,""t"":1063},{""x"":1099,""y"":458,""t"":1102},{""x"":1125,""y"":490,""t"":1213},{""x"":912,""y"":510,""t"":1371},{""x"":690,""y"":537,""t"":1422},{""x"":523,""y"":557,""t"":1536},{""x"":370,""y"":582,""t"":1632},{""x"":229,""y"":553,""t"":1727},{""x"":141,""y"":533,""t"":1821},{""x"":61,""y"":523,""t"":1916},{""x"":21,""y"":533,""t"":2037},{""x"":12,""y"":530,""t"":2136},{""x"":62,""y"":518,""t"":2237},{""x"":50,""y"":561,""t"":2330},{""x"":26,""y"":548,""t"":2441},{""x"":50,""y"":592,""t"":2545},{""x"":249,""y"":534,""t"":2655},{""x"":436,""y"":506,""t"":2751},{""x"":559,""y"":510,""t"":2860},{""x"":739,""y"":557,""t"":3021},{""x"":855,""y"":584,""t"":3068},{""x"":972,""y"":595,""t"":3181},{""x"":1027,""y"":527,""t"":3280},{""x"":1062,""y"":481,""t"":3377},{""x"":1038,""y"":408,""t"":3537},{""x"":1054,""y"":357,""t"":3583},{""x"":1029,""y"":317,""t"":3706},{""x"":1018,""y"":282,""t"":3803},{""x"":786,""y"":316,""t"":3901},{""x"":614,""y"":348,""t"":4007},{""x"":463,""y"":375,""t"":4179},{""x"":326,""y"":419,""t"":4291},{""x"":236,""y"":437,""t"":4393},{""x"":164,""y"":462,""t"":4441},{""x"":74,""y"":513,""t"":4629},{""x"":-119,""y"":521,""t"":4666},{""x"":-132,""y"":569,""t"":4770},{""x"":-138,""y"":602,""t"":4863},{""x"":-120,""y"":618,""t"":5042},{""x"":-127,""y"":589,""t"":5147},{""x"":-99,""y"":585,""t"":5255},{""x"":-72,""y"":557,""t"":5400},{""x"":-22,""y"":537,""t"":5503},{""x"":15,""y"":533,""t"":5542},{""x"":-1,""y"":542,""t"":5653},{""x"":66,""y"":527,""t"":5748},{""x"":87,""y"":510,""t"":5850},{""x"":143,""y"":521,""t"":5945},{""x"":193,""y"":471,""t"":6107},{""x"":213,""y"":466,""t"":6152},{""x"":232,""y"":445,""t"":6262},{""x"":240,""y"":422,""t"":6376},{""x"":247,""y"":430,""t"":6471}]",0,0.8741047807502845,0.12589521924971556,wa_b-last,0
19,0,51,exp_99,0.0,528.0,0.58,0.38,4.9,6.9,higher_p,higher_m,0,1,attributes,1.0,True,2.842,2.6220000000000003,0.2199999999999997,0.4837536146444009,0.5,0.5,0.6,0.4,0.0,0.0,higher_p,higher_p,True,"{""durations"":[1000,1500,1000,1500],""alternatives"":[""all"",""all"",""all"",""all""],""attributes"":[""m"",""p"",""m"",""p""]}","[{""x"":334,""y"":457,""t"":-118},{""x"":288,""y"":461,""t"":2},{""x"":322,""y"":455,""t"":109},{""x"":309,""y"":440,""t"":209},{""x"":268,""y"":441,""t"":320},{""x"":258,""y"":442,""t"":418},{""x"":451,""y"":387,""t"":519},{""x"":575,""y"":333,""t"":640},{""x"":624,""y"":340,""t"":747},{""x"":490,""y"":324,""t"":851},{""x"":389,""y"":297,""t"":954},{""x"":365,""y"":310,""t"":1066},{""x"":264,""y"":344,""t"":1168},{""x"":179,""y"":335,""t"":1308},{""x"":129,""y"":373,""t"":1424},{""x"":130,""y"":420,""t"":1518},{""x"":99,""y"":462,""t"":1625},{""x"":282,""y"":519,""t"":1783},{""x"":440,""y"":572,""t"":1832},{""x"":530,""y"":618,""t"":1939},{""x"":596,""y"":632,""t"":2051},{""x"":649,""y"":642,""t"":2158},{""x"":671,""y"":667,""t"":2321},{""x"":679,""y"":713,""t"":2429},{""x"":778,""y"":716,""t"":2475},{""x"":835,""y"":715,""t"":2601},{""x"":889,""y"":720,""t"":2703},{""x"":884,""y"":731,""t"":2808},{""x"":930,""y"":735,""t"":2911},{""x"":829,""y"":723,""t"":3006},{""x"":718,""y"":702,""t"":3112},{""x"":622,""y"":609,""t"":3319},{""x"":456,""y"":528,""t"":3346},{""x"":372,""y"":459,""t"":3460},{""x"":493,""y"":385,""t"":3621},{""x"":585,""y"":315,""t"":3725},{""x"":631,""y"":294,""t"":3758},{""x"":744,""y"":312,""t"":3899},{""x"":781,""y"":401,""t"":4006},{""x"":841,""y"":462,""t"":4120},{""x"":846,""y"":503,""t"":4215},{""x"":679,""y"":537,""t"":4320},{""x"":480,""y"":564,""t"":4425},{""x"":585,""y"":593,""t"":4600},{""x"":705,""y"":645,""t"":4706},{""x"":729,""y"":642,""t"":4814},{""x"":678,""y"":664,""t"":4913},{""x"":586,""y"":661,""t"":5135},{""x"":707,""y"":655,""t"":5163},{""x"":724,""y"":682,""t"":5270},{""x"":670,""y"":684,""t"":5372},{""x"":541,""y"":607,""t"":5471},{""x"":452,""y"":582,""t"":5622},{""x"":360,""y"":519,""t"":5779},{""x"":286,""y"":463,""t"":5902},{""x"":252,""y"":447,""t"":5949},{""x"":327,""y"":426,""t"":6045},{""x"":314,""y"":408,""t"":6152},{""x"":313,""y"":387,""t"":6266},{""x"":321,""y"":386,""t"":6380},{""x"":309,""y"":382,""t"":6479}]",0,0.9324287580973843,0.06757124190261579,wa_b-last,0
19,0,52,exp_30,0.0,506.0,0.3,0.17,2.0,3.0,higher_p,higher_m,0,1,alternatives,0.0,False,0.6,0.51,0.0899999999999999,0.3499494233597795,0.4,0.6,0.5,0.5,1.0,1.0,higher_m,higher_m,True,"{""durations"":[1000,1500,1000,1500],""alternatives"":[0,1,0,1],""attributes"":[""all"",""all"",""all"",""all""]}","[{""x"":307,""y"":426,""t"":-45},{""x"":286,""y"":435,""t"":3},{""x"":292,""y"":456,""t"":136},{""x"":284,""y"":472,""t"":229},{""x"":230,""y"":467,""t"":410},{""x"":184,""y"":475,""t"":514},{""x"":127,""y"":499,""t"":635},{""x"":100,""y"":521,""t"":745},{""x"":87,""y"":501,""t"":790},{""x"":58,""y"":476,""t"":887},{""x"":36,""y"":483,""t"":995},{""x"":27,""y"":512,""t"":1163},{""x"":-2,""y"":532,""t"":1270},{""x"":82,""y"":532,""t"":1441},{""x"":283,""y"":560,""t"":1542},{""x"":450,""y"":588,""t"":1583},{""x"":575,""y"":539,""t"":1701},{""x"":689,""y"":513,""t"":1814},{""x"":778,""y"":501,""t"":1920},{""x"":900,""y"":487,""t"":2025},{""x"":912,""y"":451,""t"":2117},{""x"":964,""y"":434,""t"":2220},{""x"":970,""y"":403,""t"":2397},{""x"":984,""y"":414,""t"":2437},{""x"":1005,""y"":445,""t"":2557},{""x"":833,""y"":498,""t"":2734},{""x"":690,""y"":522,""t"":2835},{""x"":459,""y"":541,""t"":2883},{""x"":276,""y"":544,""t"":3046},{""x"":167,""y"":581,""t"":3085},{""x"":81,""y"":574,""t"":3190},{""x"":37,""y"":578,""t"":3296},{""x"":1,""y"":549,""t"":3455},{""x"":-19,""y"":533,""t"":3558},{""x"":1,""y"":516,""t"":3667},{""x"":-15,""y"":521,""t"":3793},{""x"":-18,""y"":566,""t"":3919},{""x"":-90,""y"":569,""t"":4031},{""x"":153,""y"":599,""t"":4134},{""x"":290,""y"":601,""t"":4180},{""x"":541,""y"":619,""t"":4289},{""x"":693,""y"":544,""t"":4392},{""x"":808,""y"":490,""t"":4504},{""x"":845,""y"":468,""t"":4665},{""x"":931,""y"":441,""t"":4774},{""x"":785,""y"":453,""t"":4819},{""x"":638,""y"":493,""t"":4916},{""x"":485,""y"":520,""t"":5025},{""x"":429,""y"":541,""t"":5189},{""x"":375,""y"":573,""t"":5288},{""x"":296,""y"":609,""t"":5333},{""x"":132,""y"":603,""t"":5433},{""x"":105,""y"":579,""t"":5538},{""x"":62,""y"":593,""t"":5645},{""x"":10,""y"":618,""t"":5755},{""x"":2,""y"":595,""t"":5864},{""x"":15,""y"":606,""t"":5978},{""x"":61,""y"":604,""t"":6087},{""x"":122,""y"":604,""t"":6213},{""x"":149,""y"":575,""t"":6308}]",0,0.8111170634377574,0.18888293656224256,wa_b-last,0
19,0,53,exp_98,0.0,543.0,0.58,0.38,4.9,6.9,higher_p,higher_m,0,1,alternatives,0.0,False,2.842,2.6220000000000003,0.2199999999999997,0.4837536146444009,0.6,0.4,0.5,0.5,0.0,0.0,higher_p,higher_p,True,"{""durations"":[1000,1500,1000,1500],""alternatives"":[1,0,1,0],""attributes"":[""all"",""all"",""all"",""all""]}","[{""x"":373,""y"":495,""t"":-39},{""x"":359,""y"":489,""t"":3},{""x"":362,""y"":473,""t"":121},{""x"":339,""y"":454,""t"":238},{""x"":292,""y"":433,""t"":337},{""x"":198,""y"":469,""t"":446},{""x"":168,""y"":506,""t"":544},{""x"":89,""y"":566,""t"":644},{""x"":65,""y"":581,""t"":754},{""x"":26,""y"":599,""t"":855},{""x"":13,""y"":546,""t"":1022},{""x"":-7,""y"":487,""t"":1060},{""x"":-10,""y"":453,""t"":1162},{""x"":-10,""y"":410,""t"":1275},{""x"":-17,""y"":368,""t"":1376},{""x"":214,""y"":402,""t"":1544},{""x"":461,""y"":436,""t"":1590},{""x"":575,""y"":480,""t"":1685},{""x"":737,""y"":440,""t"":1786},{""x"":848,""y"":403,""t"":1891},{""x"":919,""y"":382,""t"":2049},{""x"":976,""y"":356,""t"":2154},{""x"":1024,""y"":350,""t"":2193},{""x"":988,""y"":363,""t"":2293},{""x"":978,""y"":354,""t"":2408},{""x"":993,""y"":350,""t"":2525},{""x"":907,""y"":352,""t"":2692},{""x"":756,""y"":353,""t"":2727},{""x"":662,""y"":337,""t"":2827},{""x"":604,""y"":328,""t"":2935},{""x"":447,""y"":336,""t"":3107},{""x"":313,""y"":393,""t"":3156},{""x"":210,""y"":455,""t"":3271},{""x"":131,""y"":507,""t"":3436},{""x"":63,""y"":496,""t"":3572},{""x"":10,""y"":496,""t"":3691},{""x"":251,""y"":480,""t"":3805},{""x"":415,""y"":474,""t"":3909},{""x"":591,""y"":485,""t"":4018},{""x"":732,""y"":515,""t"":4052},{""x"":867,""y"":522,""t"":4183},{""x"":895,""y"":558,""t"":4292},{""x"":920,""y"":572,""t"":4420},{""x"":902,""y"":561,""t"":4516},{""x"":951,""y"":570,""t"":4693},{""x"":978,""y"":593,""t"":4728},{""x"":950,""y"":641,""t"":4830},{""x"":957,""y"":664,""t"":4934},{""x"":901,""y"":624,""t"":5045},{""x"":836,""y"":612,""t"":5204},{""x"":860,""y"":610,""t"":5318},{""x"":880,""y"":629,""t"":5425},{""x"":898,""y"":651,""t"":5533},{""x"":936,""y"":674,""t"":5644},{""x"":987,""y"":685,""t"":5764},{""x"":962,""y"":662,""t"":5862},{""x"":929,""y"":693,""t"":5973},{""x"":850,""y"":685,""t"":6077},{""x"":786,""y"":639,""t"":6318}]",0,0.9324287580973843,0.06757124190261579,wa_b-last,0
19,0,54,exp_60,0.0,476.0,0.41,0.21,1.7999999999999998,6.2,higher_p,higher_m,0,1,alternatives,0.0,False,0.7379999999999999,1.302,-0.5640000000000002,-0.3231885851028554,0.4,0.6,0.5,0.5,1.0,0.0,higher_m,higher_p,True,"{""durations"":[1500,1000,1500,1000],""alternatives"":[1,0,1,0],""attributes"":[""all"",""all"",""all"",""all""]}","[{""x"":405,""y"":485,""t"":-124},{""x"":324,""y"":454,""t"":3},{""x"":296,""y"":432,""t"":129},{""x"":256,""y"":416,""t"":229},{""x"":219,""y"":403,""t"":393},{""x"":172,""y"":438,""t"":494},{""x"":125,""y"":462,""t"":527},{""x"":89,""y"":483,""t"":638},{""x"":104,""y"":442,""t"":809},{""x"":82,""y"":410,""t"":855},{""x"":77,""y"":437,""t"":1016},{""x"":67,""y"":457,""t"":1133},{""x"":47,""y"":426,""t"":1180},{""x"":242,""y"":426,""t"":1295},{""x"":427,""y"":430,""t"":1475},{""x"":517,""y"":484,""t"":1640},{""x"":616,""y"":478,""t"":1675},{""x"":698,""y"":505,""t"":1776},{""x"":774,""y"":536,""t"":1884},{""x"":841,""y"":548,""t"":1983},{""x"":906,""y"":564,""t"":2143},{""x"":973,""y"":588,""t"":2185},{""x"":977,""y"":629,""t"":2296},{""x"":982,""y"":636,""t"":2397},{""x"":1014,""y"":542,""t"":2506},{""x"":1080,""y"":482,""t"":2600},{""x"":1074,""y"":416,""t"":2716},{""x"":1092,""y"":369,""t"":2891},{""x"":900,""y"":340,""t"":3004},{""x"":691,""y"":337,""t"":3051},{""x"":554,""y"":293,""t"":3146},{""x"":458,""y"":289,""t"":3242},{""x"":400,""y"":317,""t"":3358},{""x"":354,""y"":349,""t"":3463},{""x"":291,""y"":383,""t"":3636},{""x"":206,""y"":398,""t"":3745},{""x"":137,""y"":358,""t"":3846},{""x"":334,""y"":430,""t"":3896},{""x"":519,""y"":504,""t"":4008},{""x"":623,""y"":576,""t"":4121},{""x"":781,""y"":614,""t"":4218},{""x"":930,""y"":626,""t"":4323},{""x"":1022,""y"":606,""t"":4431},{""x"":1077,""y"":612,""t"":4591},{""x"":1050,""y"":629,""t"":4624},{""x"":1031,""y"":640,""t"":4734},{""x"":1067,""y"":635,""t"":4892},{""x"":1061,""y"":659,""t"":4928},{""x"":1056,""y"":679,""t"":5037},{""x"":1072,""y"":679,""t"":5226},{""x"":938,""y"":654,""t"":5332},{""x"":717,""y"":591,""t"":5455},{""x"":542,""y"":521,""t"":5500},{""x"":476,""y"":472,""t"":5670},{""x"":506,""y"":456,""t"":5707},{""x"":612,""y"":476,""t"":5815},{""x"":685,""y"":449,""t"":5915},{""x"":753,""y"":467,""t"":6018},{""x"":766,""y"":467,""t"":6135},{""x"":630,""y"":447,""t"":6238}]",0,0.8741047807502845,0.12589521924971556,wa_b-last,0
19,0,55,catch_8,1.0,607.0,0.22,0.32,3.7,5.0,dominated,dominant,1,1,alternatives,0.0,False,0.8140000000000001,1.6,-0.786,-0.5516849732965937,0.5,0.5,0.5,0.5,,1.0,,dominant,True,"{""durations"":[1250,1250,1250,1250],""attributes"":[""all"",""all"",""all"",""all""],""alternatives"":[0,1,0,1]}","[{""x"":293,""y"":321,""t"":-104},{""x"":278,""y"":326,""t"":3},{""x"":311,""y"":300,""t"":115},{""x"":226,""y"":312,""t"":239},{""x"":214,""y"":319,""t"":341},{""x"":189,""y"":333,""t"":438},{""x"":161,""y"":368,""t"":537},{""x"":156,""y"":398,""t"":639},{""x"":163,""y"":429,""t"":767},{""x"":119,""y"":417,""t"":858},{""x"":108,""y"":397,""t"":959},{""x"":106,""y"":388,""t"":1082},{""x"":96,""y"":382,""t"":1178},{""x"":129,""y"":387,""t"":1296},{""x"":127,""y"":411,""t"":1396},{""x"":184,""y"":424,""t"":1500},{""x"":178,""y"":450,""t"":1598},{""x"":372,""y"":479,""t"":1797},{""x"":534,""y"":515,""t"":1908},{""x"":690,""y"":575,""t"":1943},{""x"":868,""y"":520,""t"":2037},{""x"":964,""y"":477,""t"":2168},{""x"":1073,""y"":453,""t"":2286},{""x"":1133,""y"":490,""t"":2382},{""x"":1221,""y"":519,""t"":2507},{""x"":1239,""y"":561,""t"":2604},{""x"":1250,""y"":601,""t"":2703},{""x"":1249,""y"":601,""t"":2812},{""x"":1223,""y"":619,""t"":2991},{""x"":1012,""y"":587,""t"":3118},{""x"":817,""y"":561,""t"":3225},{""x"":643,""y"":536,""t"":3331},{""x"":461,""y"":487,""t"":3439},{""x"":366,""y"":456,""t"":3471},{""x"":224,""y"":458,""t"":3581},{""x"":121,""y"":416,""t"":3681},{""x"":92,""y"":435,""t"":3779},{""x"":50,""y"":447,""t"":3875},{""x"":241,""y"":425,""t"":3975},{""x"":421,""y"":406,""t"":4088},{""x"":498,""y"":464,""t"":4188},{""x"":594,""y"":518,""t"":4305},{""x"":676,""y"":577,""t"":4403},{""x"":795,""y"":593,""t"":4516},{""x"":896,""y"":541,""t"":4619},{""x"":985,""y"":484,""t"":4724},{""x"":1024,""y"":441,""t"":4827},{""x"":1047,""y"":374,""t"":4942},{""x"":1086,""y"":351,""t"":5052},{""x"":1092,""y"":304,""t"":5163},{""x"":1141,""y"":287,""t"":5281},{""x"":1055,""y"":238,""t"":5376},{""x"":961,""y"":207,""t"":5472},{""x"":875,""y"":196,""t"":5569},{""x"":787,""y"":178,""t"":5674},{""x"":683,""y"":171,""t"":5784},{""x"":611,""y"":192,""t"":5953},{""x"":506,""y"":238,""t"":6070},{""x"":575,""y"":264,""t"":6176},{""x"":628,""y"":270,""t"":6217},{""x"":649,""y"":327,""t"":6336},{""x"":634,""y"":360,""t"":6437},{""x"":608,""y"":383,""t"":6535}]",1,0.11185510509581605,0.888144894904184,wa_b-last,0
19,0,56,exp_101,0.0,448.0,0.58,0.38,4.9,6.9,higher_p,higher_m,0,1,attributes,1.0,True,2.842,2.6220000000000003,0.2199999999999997,0.4837536146444009,0.5,0.5,0.4,0.6,1.0,0.0,higher_m,higher_p,True,"{""durations"":[1500,1000,1500,1000],""alternatives"":[""all"",""all"",""all"",""all""],""attributes"":[""m"",""p"",""m"",""p""]}","[{""x"":521,""y"":619,""t"":-114},{""x"":464,""y"":570,""t"":2},{""x"":416,""y"":526,""t"":127},{""x"":327,""y"":488,""t"":289},{""x"":252,""y"":439,""t"":336},{""x"":345,""y"":358,""t"":435},{""x"":494,""y"":306,""t"":531},{""x"":690,""y"":225,""t"":646},{""x"":860,""y"":112,""t"":745},{""x"":892,""y"":82,""t"":916},{""x"":872,""y"":80,""t"":1024},{""x"":701,""y"":143,""t"":1069},{""x"":604,""y"":179,""t"":1181},{""x"":499,""y"":184,""t"":1309},{""x"":551,""y"":266,""t"":1466},{""x"":520,""y"":284,""t"":1565},{""x"":580,""y"":322,""t"":1611},{""x"":687,""y"":381,""t"":1719},{""x"":801,""y"":430,""t"":1826},{""x"":907,""y"":487,""t"":1924},{""x"":723,""y"":543,""t"":2023},{""x"":609,""y"":569,""t"":2126},{""x"":481,""y"":597,""t"":2224},{""x"":416,""y"":601,""t"":2339},{""x"":355,""y"":593,""t"":2449},{""x"":264,""y"":625,""t"":2559},{""x"":217,""y"":541,""t"":2671},{""x"":161,""y"":496,""t"":2784},{""x"":118,""y"":466,""t"":2897},{""x"":109,""y"":443,""t"":3066},{""x"":289,""y"":367,""t"":3167},{""x"":471,""y"":296,""t"":3211},{""x"":591,""y"":234,""t"":3309},{""x"":512,""y"":208,""t"":3424},{""x"":456,""y"":178,""t"":3542},{""x"":594,""y"":136,""t"":3641},{""x"":693,""y"":114,""t"":3742},{""x"":887,""y"":60,""t"":3838},{""x"":738,""y"":138,""t"":3999},{""x"":653,""y"":197,""t"":4037},{""x"":568,""y"":254,""t"":4156},{""x"":525,""y"":299,""t"":4259},{""x"":456,""y"":322,""t"":4354},{""x"":406,""y"":341,""t"":4462},{""x"":362,""y"":372,""t"":4560},{""x"":282,""y"":417,""t"":4676},{""x"":251,""y"":461,""t"":4813},{""x"":429,""y"":477,""t"":4922},{""x"":662,""y"":531,""t"":5018},{""x"":789,""y"":572,""t"":5127},{""x"":641,""y"":604,""t"":5241},{""x"":569,""y"":593,""t"":5338},{""x"":521,""y"":501,""t"":5468},{""x"":462,""y"":429,""t"":5577},{""x"":445,""y"":378,""t"":5687},{""x"":452,""y"":348,""t"":5782},{""x"":409,""y"":358,""t"":5884},{""x"":384,""y"":338,""t"":6033},{""x"":384,""y"":334,""t"":6143},{""x"":323,""y"":339,""t"":6261},{""x"":352,""y"":388,""t"":6357}]",1,0.9324287580973843,0.06757124190261579,wa_b-last,0
19,0,57,exp_82,0.0,577.0,0.61,0.29,2.2,8.1,higher_p,higher_m,0,1,alternatives,0.0,False,1.342,2.349,-1.0069999999999997,-0.7791520984804501,0.6,0.4,0.5,0.5,0.0,0.0,higher_p,higher_p,True,"{""durations"":[1000,1500,1000,1500],""alternatives"":[1,0,1,0],""attributes"":[""all"",""all"",""all"",""all""]}","[{""x"":541,""y"":449,""t"":-116},{""x"":504,""y"":428,""t"":3},{""x"":495,""y"":410,""t"":117},{""x"":464,""y"":404,""t"":211},{""x"":367,""y"":365,""t"":326},{""x"":333,""y"":395,""t"":437},{""x"":288,""y"":448,""t"":544},{""x"":270,""y"":466,""t"":643},{""x"":232,""y"":506,""t"":801},{""x"":226,""y"":517,""t"":907},{""x"":174,""y"":467,""t"":1029},{""x"":148,""y"":437,""t"":1065},{""x"":128,""y"":411,""t"":1185},{""x"":124,""y"":401,""t"":1350},{""x"":290,""y"":421,""t"":1449},{""x"":554,""y"":434,""t"":1483},{""x"":690,""y"":474,""t"":1596},{""x"":810,""y"":518,""t"":1708},{""x"":875,""y"":478,""t"":1811},{""x"":922,""y"":440,""t"":1914},{""x"":975,""y"":390,""t"":2024},{""x"":1061,""y"":364,""t"":2134},{""x"":1118,""y"":333,""t"":2250},{""x"":1148,""y"":309,""t"":2348},{""x"":968,""y"":285,""t"":2505},{""x"":814,""y"":266,""t"":2612},{""x"":777,""y"":301,""t"":2723},{""x"":836,""y"":340,""t"":2763},{""x"":895,""y"":423,""t"":2884},{""x"":746,""y"":470,""t"":2996},{""x"":621,""y"":528,""t"":3091},{""x"":519,""y"":563,""t"":3193},{""x"":415,""y"":541,""t"":3380},{""x"":317,""y"":467,""t"":3505},{""x"":254,""y"":500,""t"":3613},{""x"":218,""y"":516,""t"":3655},{""x"":187,""y"":540,""t"":3831},{""x"":367,""y"":573,""t"":3868},{""x"":548,""y"":591,""t"":3965},{""x"":708,""y"":632,""t"":4069},{""x"":831,""y"":631,""t"":4184},{""x"":893,""y"":545,""t"":4421},{""x"":910,""y"":511,""t"":4447},{""x"":954,""y"":425,""t"":4544},{""x"":988,""y"":390,""t"":4661},{""x"":1042,""y"":418,""t"":4767},{""x"":1041,""y"":432,""t"":4867},{""x"":1066,""y"":479,""t"":4986},{""x"":1049,""y"":524,""t"":5147},{""x"":1055,""y"":561,""t"":5177},{""x"":977,""y"":543,""t"":5304},{""x"":916,""y"":532,""t"":5414},{""x"":818,""y"":501,""t"":5512},{""x"":791,""y"":521,""t"":5618},{""x"":790,""y"":534,""t"":5751},{""x"":826,""y"":529,""t"":5865},{""x"":811,""y"":542,""t"":5965},{""x"":794,""y"":484,""t"":6155},{""x"":750,""y"":479,""t"":6192}]",0,0.9645998541255162,0.03540014587448394,wa_b-last,0
19,0,58,catch_4,1.0,642.0,0.19,0.31,4.0,7.3,dominated,dominant,1,1,alternatives,0.0,False,0.76,2.263,-1.503,-1.2896665513817758,0.5,0.5,0.5,0.5,,1.0,,dominant,True,"{""durations"":[1250,1250,1250,1250],""attributes"":[""all"",""all"",""all"",""all""],""alternatives"":[0,1,0,1]}","[{""x"":415,""y"":377,""t"":-123},{""x"":370,""y"":374,""t"":2},{""x"":341,""y"":397,""t"":124},{""x"":308,""y"":389,""t"":223},{""x"":274,""y"":413,""t"":401},{""x"":349,""y"":460,""t"":506},{""x"":486,""y"":508,""t"":649},{""x"":646,""y"":540,""t"":755},{""x"":781,""y"":488,""t"":867},{""x"":878,""y"":434,""t"":969},{""x"":850,""y"":459,""t"":1082},{""x"":782,""y"":460,""t"":1124},{""x"":665,""y"":491,""t"":1321},{""x"":554,""y"":553,""t"":1439},{""x"":361,""y"":588,""t"":1486},{""x"":283,""y"":631,""t"":1581},{""x"":235,""y"":645,""t"":1691},{""x"":198,""y"":686,""t"":1796},{""x"":192,""y"":697,""t"":1902},{""x"":181,""y"":698,""t"":2000},{""x"":275,""y"":680,""t"":2108},{""x"":412,""y"":606,""t"":2231},{""x"":593,""y"":608,""t"":2325},{""x"":755,""y"":596,""t"":2443},{""x"":859,""y"":618,""t"":2551},{""x"":989,""y"":615,""t"":2655},{""x"":843,""y"":616,""t"":2771},{""x"":686,""y"":613,""t"":2885},{""x"":698,""y"":624,""t"":3043},{""x"":791,""y"":608,""t"":3079},{""x"":929,""y"":573,""t"":3195},{""x"":1031,""y"":578,""t"":3297},{""x"":1104,""y"":575,""t"":3416},{""x"":1206,""y"":586,""t"":3530},{""x"":1233,""y"":613,""t"":3628},{""x"":1269,""y"":614,""t"":3733},{""x"":1077,""y"":623,""t"":3922},{""x"":937,""y"":631,""t"":3975},{""x"":759,""y"":595,""t"":4092},{""x"":613,""y"":558,""t"":4195},{""x"":527,""y"":545,""t"":4297},{""x"":454,""y"":535,""t"":4393},{""x"":397,""y"":534,""t"":4490},{""x"":223,""y"":465,""t"":4594},{""x"":160,""y"":418,""t"":4700},{""x"":95,""y"":392,""t"":4855},{""x"":88,""y"":359,""t"":4970},{""x"":90,""y"":333,""t"":5016},{""x"":71,""y"":370,""t"":5198},{""x"":72,""y"":417,""t"":5233},{""x"":120,""y"":434,""t"":5342},{""x"":268,""y"":442,""t"":5443},{""x"":490,""y"":437,""t"":5551},{""x"":669,""y"":454,""t"":5649},{""x"":719,""y"":396,""t"":5805},{""x"":715,""y"":373,""t"":5840},{""x"":686,""y"":388,""t"":5991},{""x"":673,""y"":381,""t"":6090},{""x"":670,""y"":392,""t"":6193},{""x"":588,""y"":363,""t"":6349},{""x"":512,""y"":358,""t"":6394},{""x"":435,""y"":358,""t"":6510}]",1,0.05003338646802763,0.9499666135319724,wa_b-last,0
19,0,59,exp_29,0.0,450.0,0.3,0.17,2.0,3.0,higher_p,higher_m,0,1,attributes,1.0,True,0.6,0.51,0.0899999999999999,0.3499494233597795,0.5,0.5,0.4,0.6,1.0,0.0,higher_m,higher_p,True,"{""durations"":[1500,1000,1500,1000],""alternatives"":[""all"",""all"",""all"",""all""],""attributes"":[""m"",""p"",""m"",""p""]}","[{""x"":503,""y"":383,""t"":-37},{""x"":546,""y"":400,""t"":2},{""x"":577,""y"":403,""t"":116},{""x"":522,""y"":401,""t"":296},{""x"":556,""y"":402,""t"":339},{""x"":682,""y"":365,""t"":512},{""x"":806,""y"":322,""t"":558},{""x"":881,""y"":302,""t"":668},{""x"":768,""y"":293,""t"":771},{""x"":641,""y"":298,""t"":874},{""x"":536,""y"":298,""t"":994},{""x"":483,""y"":297,""t"":1100},{""x"":467,""y"":309,""t"":1283},{""x"":387,""y"":337,""t"":1318},{""x"":393,""y"":355,""t"":1417},{""x"":368,""y"":366,""t"":1510},{""x"":510,""y"":343,""t"":1604},{""x"":629,""y"":327,""t"":1719},{""x"":763,""y"":346,""t"":1889},{""x"":868,""y"":402,""t"":1994},{""x"":815,""y"":426,""t"":2106},{""x"":715,""y"":445,""t"":2213},{""x"":706,""y"":498,""t"":2320},{""x"":838,""y"":485,""t"":2354},{""x"":928,""y"":491,""t"":2466},{""x"":1008,""y"":529,""t"":2634},{""x"":1066,""y"":525,""t"":2749},{""x"":1108,""y"":444,""t"":2858},{""x"":1118,""y"":379,""t"":2961},{""x"":1145,""y"":343,""t"":3006},{""x"":899,""y"":341,""t"":3114},{""x"":718,""y"":321,""t"":3228},{""x"":561,""y"":324,""t"":3338},{""x"":576,""y"":283,""t"":3434},{""x"":637,""y"":247,""t"":3529},{""x"":745,""y"":264,""t"":3626},{""x"":838,""y"":260,""t"":3723},{""x"":739,""y"":285,""t"":3838},{""x"":660,""y"":301,""t"":3947},{""x"":557,""y"":293,""t"":4106},{""x"":481,""y"":276,""t"":4219},{""x"":624,""y"":252,""t"":4256},{""x"":714,""y"":231,""t"":4364},{""x"":832,""y"":273,""t"":4484},{""x"":938,""y"":351,""t"":4592},{""x"":776,""y"":394,""t"":4689},{""x"":636,""y"":426,""t"":4789},{""x"":573,""y"":462,""t"":4899},{""x"":402,""y"":447,""t"":5003},{""x"":412,""y"":509,""t"":5130},{""x"":374,""y"":520,""t"":5235},{""x"":490,""y"":527,""t"":5398},{""x"":611,""y"":548,""t"":5431},{""x"":638,""y"":528,""t"":5540},{""x"":631,""y"":489,""t"":5654},{""x"":654,""y"":472,""t"":5757},{""x"":660,""y"":476,""t"":5944},{""x"":663,""y"":458,""t"":6048},{""x"":744,""y"":441,""t"":6144}]",0,0.8656256996662607,0.13437430033373932,wa_b-last,0
19,0,60,exp_23,0.0,544.0,0.28,0.17,4.3,8.3,higher_p,higher_m,0,1,attributes,1.0,True,1.204,1.4110000000000005,-0.2070000000000003,0.0442583094249129,0.5,0.5,0.4,0.6,1.0,1.0,higher_m,higher_m,True,"{""durations"":[1000,1500,1000,1500],""alternatives"":[""all"",""all"",""all"",""all""],""attributes"":[""p"",""m"",""p"",""m""]}","[{""x"":879,""y"":510,""t"":-42},{""x"":798,""y"":500,""t"":2},{""x"":707,""y"":478,""t"":116},{""x"":623,""y"":461,""t"":288},{""x"":508,""y"":467,""t"":402},{""x"":667,""y"":482,""t"":501},{""x"":775,""y"":506,""t"":546},{""x"":872,""y"":518,""t"":666},{""x"":756,""y"":505,""t"":777},{""x"":612,""y"":507,""t"":875},{""x"":516,""y"":521,""t"":976},{""x"":313,""y"":474,""t"":1070},{""x"":227,""y"":421,""t"":1194},{""x"":193,""y"":403,""t"":1292},{""x"":168,""y"":384,""t"":1391},{""x"":149,""y"":370,""t"":1499},{""x"":353,""y"":317,""t"":1677},{""x"":473,""y"":262,""t"":1712},{""x"":447,""y"":232,""t"":1844},{""x"":408,""y"":201,""t"":1941},{""x"":395,""y"":180,""t"":2038},{""x"":408,""y"":166,""t"":2132},{""x"":574,""y"":183,""t"":2230},{""x"":686,""y"":185,""t"":2345},{""x"":646,""y"":159,""t"":2443},{""x"":620,""y"":162,""t"":2538},{""x"":524,""y"":169,""t"":2638},{""x"":504,""y"":175,""t"":2752},{""x"":503,""y"":211,""t"":2883},{""x"":528,""y"":252,""t"":2991},{""x"":542,""y"":271,""t"":3100},{""x"":658,""y"":346,""t"":3269},{""x"":803,""y"":397,""t"":3408},{""x"":712,""y"":443,""t"":3452},{""x"":622,""y"":476,""t"":3566},{""x"":531,""y"":511,""t"":3723},{""x"":453,""y"":520,""t"":3765},{""x"":390,""y"":501,""t"":3890},{""x"":341,""y"":429,""t"":4008},{""x"":386,""y"":377,""t"":4107},{""x"":343,""y"":359,""t"":4201},{""x"":492,""y"":317,""t"":4303},{""x"":604,""y"":265,""t"":4422},{""x"":745,""y"":236,""t"":4541},{""x"":801,""y"":204,""t"":4709},{""x"":855,""y"":186,""t"":4815},{""x"":871,""y"":192,""t"":4928},{""x"":904,""y"":186,""t"":4967},{""x"":853,""y"":186,""t"":5067},{""x"":752,""y"":218,""t"":5188},{""x"":636,""y"":241,""t"":5294},{""x"":532,""y"":270,""t"":5401},{""x"":462,""y"":286,""t"":5501},{""x"":487,""y"":282,""t"":5610},{""x"":543,""y"":286,""t"":5736},{""x"":547,""y"":301,""t"":5839},{""x"":504,""y"":307,""t"":5947},{""x"":519,""y"":306,""t"":6057},{""x"":499,""y"":311,""t"":6169},{""x"":481,""y"":364,""t"":6288},{""x"":485,""y"":411,""t"":6384}]",1,0.5742683382865367,0.42573166171346344,wa_b-last,0
19,0,61,exp_1,0.0,444.0,0.79,0.49,5.300000000000001,8.3,higher_p,higher_m,0,1,attributes,1.0,True,4.187000000000001,4.067,0.120000000000001,0.3808273136562317,0.5,0.5,0.6,0.4,0.0,1.0,higher_p,higher_m,True,"{""durations"":[1500,1000,1500,1000],""alternatives"":[""all"",""all"",""all"",""all""],""attributes"":[""p"",""m"",""p"",""m""]}","[{""x"":519,""y"":583,""t"":-106},{""x"":545,""y"":541,""t"":2},{""x"":540,""y"":499,""t"":150},{""x"":580,""y"":484,""t"":260},{""x"":598,""y"":481,""t"":441},{""x"":540,""y"":542,""t"":553},{""x"":753,""y"":569,""t"":678},{""x"":907,""y"":598,""t"":788},{""x"":1012,""y"":609,""t"":895},{""x"":1146,""y"":645,""t"":1000},{""x"":1206,""y"":661,""t"":1045},{""x"":1025,""y"":643,""t"":1151},{""x"":846,""y"":643,""t"":1264},{""x"":692,""y"":645,""t"":1365},{""x"":577,""y"":638,""t"":1466},{""x"":431,""y"":565,""t"":1569},{""x"":364,""y"":499,""t"":1672},{""x"":340,""y"":449,""t"":1800},{""x"":267,""y"":416,""t"":1899},{""x"":405,""y"":356,""t"":1997},{""x"":517,""y"":292,""t"":2092},{""x"":651,""y"":273,""t"":2198},{""x"":762,""y"":206,""t"":2299},{""x"":825,""y"":178,""t"":2411},{""x"":901,""y"":147,""t"":2515},{""x"":976,""y"":148,""t"":2610},{""x"":851,""y"":151,""t"":2766},{""x"":732,""y"":160,""t"":2887},{""x"":682,""y"":177,""t"":2933},{""x"":605,""y"":181,""t"":3034},{""x"":489,""y"":249,""t"":3199},{""x"":401,""y"":354,""t"":3250},{""x"":327,""y"":439,""t"":3368},{""x"":331,""y"":511,""t"":3464},{""x"":278,""y"":578,""t"":3576},{""x"":227,""y"":585,""t"":3686},{""x"":208,""y"":617,""t"":3842},{""x"":126,""y"":585,""t"":3874},{""x"":147,""y"":544,""t"":3989},{""x"":166,""y"":516,""t"":4099},{""x"":162,""y"":475,""t"":4203},{""x"":220,""y"":423,""t"":4299},{""x"":201,""y"":391,""t"":4395},{""x"":248,""y"":353,""t"":4505},{""x"":276,""y"":322,""t"":4610},{""x"":494,""y"":276,""t"":4731},{""x"":651,""y"":257,""t"":4833},{""x"":772,""y"":239,""t"":4929},{""x"":915,""y"":224,""t"":5024},{""x"":997,""y"":231,""t"":5134},{""x"":1056,""y"":263,""t"":5472},{""x"":929,""y"":293,""t"":5642},{""x"":782,""y"":318,""t"":5686},{""x"":721,""y"":333,""t"":5795},{""x"":720,""y"":356,""t"":5893},{""x"":628,""y"":383,""t"":5991},{""x"":550,""y"":410,""t"":6120},{""x"":522,""y"":413,""t"":6231},{""x"":484,""y"":414,""t"":6404}]",0,0.9686288349205197,0.031371165079480276,wa_b-last,0
19,0,62,exp_74,0.0,502.0,0.8,0.2,4.0,6.799999999999999,higher_p,higher_m,0,1,alternatives,0.0,False,3.2,1.36,1.8400000000000003,2.151159690652763,0.6,0.4,0.5,0.5,0.0,0.0,higher_p,higher_p,True,"{""durations"":[1000,1500,1000,1500],""alternatives"":[1,0,1,0],""attributes"":[""all"",""all"",""all"",""all""]}","[{""x"":514,""y"":326,""t"":-149},{""x"":523,""y"":313,""t"":2},{""x"":543,""y"":278,""t"":117},{""x"":545,""y"":299,""t"":217},{""x"":474,""y"":330,""t"":317},{""x"":427,""y"":360,""t"":430},{""x"":397,""y"":420,""t"":541},{""x"":384,""y"":399,""t"":652},{""x"":341,""y"":388,""t"":752},{""x"":330,""y"":411,""t"":848},{""x"":490,""y"":420,""t"":975},{""x"":649,""y"":464,""t"":1094},{""x"":764,""y"":489,""t"":1212},{""x"":677,""y"":488,""t"":1385},{""x"":784,""y"":515,""t"":1490},{""x"":929,""y"":539,""t"":1595},{""x"":1015,""y"":556,""t"":1630},{""x"":999,""y"":553,""t"":1740},{""x"":1083,""y"":581,""t"":1848},{""x"":1098,""y"":581,""t"":1948},{""x"":933,""y"":546,""t"":2049},{""x"":796,""y"":503,""t"":2147},{""x"":678,""y"":466,""t"":2260},{""x"":558,""y"":449,""t"":2435},{""x"":511,""y"":373,""t"":2538},{""x"":680,""y"":315,""t"":2663},{""x"":814,""y"":264,""t"":2784},{""x"":924,""y"":235,""t"":2831},{""x"":839,""y"":209,""t"":2951},{""x"":722,""y"":198,""t"":3044},{""x"":608,""y"":180,""t"":3144},{""x"":528,""y"":184,""t"":3250},{""x"":450,""y"":256,""t"":3427},{""x"":389,""y"":250,""t"":3474},{""x"":348,""y"":256,""t"":3571},{""x"":313,""y"":258,""t"":3665},{""x"":244,""y"":268,""t"":3771},{""x"":412,""y"":246,""t"":3885},{""x"":590,""y"":255,""t"":3992},{""x"":750,""y"":332,""t"":4098},{""x"":856,""y"":381,""t"":4200},{""x"":944,""y"":439,""t"":4363},{""x"":1025,""y"":492,""t"":4397},{""x"":1099,""y"":506,""t"":4512},{""x"":1167,""y"":534,""t"":4610},{""x"":1221,""y"":571,""t"":4707},{""x"":1236,""y"":599,""t"":4820},{""x"":1216,""y"":581,""t"":4995},{""x"":1235,""y"":581,""t"":5103},{""x"":1184,""y"":597,""t"":5211},{""x"":1098,""y"":521,""t"":5250},{""x"":1101,""y"":551,""t"":5365},{""x"":1090,""y"":571,""t"":5475},{""x"":945,""y"":540,""t"":5575},{""x"":855,""y"":513,""t"":5706},{""x"":859,""y"":543,""t"":5830},{""x"":892,""y"":526,""t"":5952},{""x"":908,""y"":511,""t"":6053},{""x"":927,""y"":515,""t"":6213}]",0,0.9997715821931041,0.00022841780689581106,wa_b-last,0
19,0,63,exp_117,0.0,537.0,0.49,0.22,4.2,7.9,higher_p,higher_m,0,1,attributes,1.0,True,2.058,1.738,0.3199999999999998,0.5866799156325715,0.5,0.5,0.4,0.6,1.0,0.0,higher_m,higher_p,True,"{""durations"":[1500,1000,1500,1000],""alternatives"":[""all"",""all"",""all"",""all""],""attributes"":[""m"",""p"",""m"",""p""]}","[{""x"":553,""y"":398,""t"":-122},{""x"":523,""y"":372,""t"":2},{""x"":484,""y"":372,""t"":126},{""x"":445,""y"":352,""t"":289},{""x"":381,""y"":326,""t"":336},{""x"":331,""y"":314,""t"":463},{""x"":520,""y"":263,""t"":565},{""x"":640,""y"":220,""t"":661},{""x"":751,""y"":198,""t"":758},{""x"":698,""y"":168,""t"":854},{""x"":653,""y"":152,""t"":959},{""x"":581,""y"":144,""t"":1129},{""x"":542,""y"":154,""t"":1163},{""x"":666,""y"":149,""t"":1258},{""x"":770,""y"":159,""t"":1355},{""x"":892,""y"":156,""t"":1462},{""x"":937,""y"":146,""t"":1578},{""x"":861,""y"":126,""t"":1682},{""x"":818,""y"":124,""t"":1786},{""x"":650,""y"":187,""t"":1890},{""x"":529,""y"":216,""t"":1990},{""x"":466,""y"":267,""t"":2093},{""x"":440,""y"":302,""t"":2199},{""x"":623,""y"":318,""t"":2308},{""x"":792,""y"":329,""t"":2407},{""x"":880,""y"":371,""t"":2504},{""x"":741,""y"":410,""t"":2601},{""x"":678,""y"":375,""t"":2894},{""x"":596,""y"":342,""t"":2997},{""x"":551,""y"":299,""t"":3168},{""x"":494,""y"":268,""t"":3214},{""x"":630,""y"":242,""t"":3369},{""x"":720,""y"":208,""t"":3417},{""x"":806,""y"":178,""t"":3527},{""x"":752,""y"":282,""t"":3688},{""x"":852,""y"":400,""t"":3792},{""x"":892,""y"":464,""t"":3828},{""x"":917,""y"":556,""t"":3926},{""x"":994,""y"":580,""t"":4040},{""x"":1029,""y"":601,""t"":4144},{""x"":1075,""y"":594,""t"":4237},{""x"":1108,""y"":596,""t"":4360},{""x"":1091,""y"":576,""t"":4527},{""x"":1107,""y"":525,""t"":4649},{""x"":1114,""y"":512,""t"":4686},{""x"":1072,""y"":514,""t"":4863},{""x"":1097,""y"":534,""t"":4971},{""x"":1062,""y"":495,""t"":5003},{""x"":1089,""y"":510,""t"":5118},{""x"":1099,""y"":510,""t"":5214},{""x"":1131,""y"":491,""t"":5386},{""x"":1118,""y"":464,""t"":5420},{""x"":1106,""y"":425,""t"":5514},{""x"":1090,""y"":410,""t"":5614},{""x"":1075,""y"":407,""t"":5710},{""x"":1064,""y"":433,""t"":5842},{""x"":974,""y"":414,""t"":5951},{""x"":885,""y"":406,""t"":6053},{""x"":806,""y"":413,""t"":6151},{""x"":806,""y"":404,""t"":6247},{""x"":803,""y"":377,""t"":6348},{""x"":784,""y"":385,""t"":6450},{""x"":777,""y"":403,""t"":6618}]",0,0.960306420701549,0.03969357929845093,wa_b-last,0
19,0,64,exp_91,0.0,639.0,0.5,0.38,3.0,4.0,higher_p,higher_m,0,1,attributes,1.0,True,1.5,1.52,-0.02,0.236730492272792,0.5,0.5,0.6,0.4,0.0,0.0,higher_p,higher_p,True,"{""durations"":[1000,1500,1000,1500],""alternatives"":[""all"",""all"",""all"",""all""],""attributes"":[""m"",""p"",""m"",""p""]}","[{""x"":658,""y"":295,""t"":-108},{""x"":657,""y"":301,""t"":1},{""x"":611,""y"":280,""t"":133},{""x"":601,""y"":261,""t"":231},{""x"":504,""y"":257,""t"":390},{""x"":435,""y"":264,""t"":423},{""x"":575,""y"":225,""t"":585},{""x"":723,""y"":213,""t"":621},{""x"":813,""y"":210,""t"":731},{""x"":883,""y"":191,""t"":918},{""x"":932,""y"":195,""t"":1031},{""x"":982,""y"":181,""t"":1148},{""x"":837,""y"":224,""t"":1264},{""x"":703,""y"":281,""t"":1371},{""x"":572,""y"":340,""t"":1418},{""x"":697,""y"":354,""t"":1580},{""x"":779,""y"":387,""t"":1619},{""x"":756,""y"":392,""t"":1753},{""x"":763,""y"":386,""t"":1868},{""x"":643,""y"":419,""t"":2030},{""x"":534,""y"":455,""t"":2146},{""x"":435,""y"":405,""t"":2182},{""x"":373,""y"":364,""t"":2280},{""x"":394,""y"":311,""t"":2390},{""x"":391,""y"":299,""t"":2504},{""x"":417,""y"":275,""t"":2598},{""x"":410,""y"":242,""t"":2757},{""x"":403,""y"":229,""t"":2793},{""x"":394,""y"":243,""t"":2915},{""x"":401,""y"":229,""t"":3087},{""x"":579,""y"":207,""t"":3207},{""x"":719,""y"":181,""t"":3249},{""x"":861,""y"":156,""t"":3378},{""x"":810,""y"":150,""t"":3484},{""x"":768,""y"":148,""t"":3581},{""x"":674,""y"":182,""t"":3753},{""x"":635,""y"":208,""t"":3861},{""x"":580,""y"":271,""t"":3967},{""x"":500,""y"":302,""t"":4073},{""x"":464,""y"":362,""t"":4180},{""x"":643,""y"":390,""t"":4214},{""x"":759,""y"":423,""t"":4331},{""x"":865,""y"":425,""t"":4426},{""x"":961,""y"":464,""t"":4586},{""x"":926,""y"":499,""t"":4704},{""x"":852,""y"":502,""t"":4809},{""x"":734,""y"":538,""t"":4916},{""x"":620,""y"":500,""t"":4958},{""x"":556,""y"":471,""t"":5058},{""x"":498,""y"":424,""t"":5174},{""x"":469,""y"":406,""t"":5346},{""x"":433,""y"":333,""t"":5454},{""x"":412,""y"":288,""t"":5488},{""x"":397,""y"":269,""t"":5589},{""x"":436,""y"":229,""t"":5701},{""x"":516,""y"":193,""t"":5841},{""x"":488,""y"":195,""t"":6017},{""x"":478,""y"":186,""t"":6060},{""x"":534,""y"":177,""t"":6158},{""x"":569,""y"":152,""t"":6256},{""x"":565,""y"":203,""t"":6353}]",0,0.8472395136421833,0.15276048635781667,wa_b-last,0
19,0,65,exp_84,0.0,550.0,0.61,0.29,2.2,8.1,higher_p,higher_m,0,1,alternatives,0.0,False,1.342,2.349,-1.0069999999999997,-0.7791520984804501,0.4,0.6,0.5,0.5,1.0,0.0,higher_m,higher_p,True,"{""durations"":[1500,1000,1500,1000],""alternatives"":[1,0,1,0],""attributes"":[""all"",""all"",""all"",""all""]}","[{""x"":492,""y"":422,""t"":-37},{""x"":479,""y"":425,""t"":2},{""x"":486,""y"":429,""t"":114},{""x"":499,""y"":417,""t"":240},{""x"":496,""y"":411,""t"":344},{""x"":696,""y"":409,""t"":447},{""x"":858,""y"":434,""t"":547},{""x"":946,""y"":450,""t"":655},{""x"":1059,""y"":344,""t"":760},{""x"":1140,""y"":291,""t"":862},{""x"":1086,""y"":276,""t"":978},{""x"":957,""y"":314,""t"":1080},{""x"":826,""y"":347,""t"":1182},{""x"":690,""y"":382,""t"":1277},{""x"":573,""y"":412,""t"":1396},{""x"":472,""y"":433,""t"":1499},{""x"":463,""y"":455,""t"":1657},{""x"":419,""y"":495,""t"":1693},{""x"":414,""y"":510,""t"":1794},{""x"":390,""y"":541,""t"":1912},{""x"":378,""y"":568,""t"":2011},{""x"":360,""y"":594,""t"":2177},{""x"":318,""y"":625,""t"":2289},{""x"":307,""y"":566,""t"":2328},{""x"":277,""y"":495,""t"":2444},{""x"":288,""y"":460,""t"":2568},{""x"":284,""y"":468,""t"":2668},{""x"":249,""y"":462,""t"":2784},{""x"":244,""y"":481,""t"":2943},{""x"":460,""y"":468,""t"":3057},{""x"":632,""y"":467,""t"":3091},{""x"":768,""y"":498,""t"":3264},{""x"":861,""y"":444,""t"":3375},{""x"":941,""y"":368,""t"":3417},{""x"":976,""y"":282,""t"":3524},{""x"":999,""y"":205,""t"":3635},{""x"":1042,""y"":173,""t"":3747},{""x"":1064,""y"":133,""t"":3861},{""x"":1060,""y"":99,""t"":4031},{""x"":945,""y"":110,""t"":4139},{""x"":880,""y"":118,""t"":4184},{""x"":890,""y"":92,""t"":4304},{""x"":881,""y"":69,""t"":4402},{""x"":712,""y"":103,""t"":4577},{""x"":594,""y"":186,""t"":4624},{""x"":484,""y"":272,""t"":4737},{""x"":385,""y"":346,""t"":4850},{""x"":318,""y"":420,""t"":4962},{""x"":300,""y"":469,""t"":5058},{""x"":277,""y"":437,""t"":5218},{""x"":263,""y"":408,""t"":5267},{""x"":392,""y"":347,""t"":5373},{""x"":518,""y"":307,""t"":5485},{""x"":625,""y"":271,""t"":5591},{""x"":646,""y"":257,""t"":5756},{""x"":623,""y"":245,""t"":5876},{""x"":618,""y"":237,""t"":5915},{""x"":629,""y"":233,""t"":6023},{""x"":610,""y"":267,""t"":6204},{""x"":605,""y"":315,""t"":6237}]",0,0.9645998541255162,0.03540014587448394,wa_b-last,0
19,0,66,exp_43,0.0,482.0,0.81,0.48,1.6999999999999995,7.9,higher_p,higher_m,0,1,attributes,1.0,True,1.3769999999999998,3.792,-2.415,-2.2283544163938904,0.5,0.5,0.6,0.4,0.0,0.0,higher_p,higher_p,True,"{""durations"":[1000,1500,1000,1500],""alternatives"":[""all"",""all"",""all"",""all""],""attributes"":[""m"",""p"",""m"",""p""]}","[{""x"":576,""y"":443,""t"":-110},{""x"":585,""y"":414,""t"":2},{""x"":569,""y"":385,""t"":122},{""x"":582,""y"":366,""t"":220},{""x"":496,""y"":374,""t"":396},{""x"":476,""y"":350,""t"":509},{""x"":418,""y"":333,""t"":557},{""x"":389,""y"":324,""t"":679},{""x"":579,""y"":297,""t"":776},{""x"":692,""y"":250,""t"":888},{""x"":677,""y"":222,""t"":993},{""x"":623,""y"":198,""t"":1093},{""x"":549,""y"":215,""t"":1209},{""x"":537,""y"":230,""t"":1305},{""x"":479,""y"":277,""t"":1419},{""x"":591,""y"":320,""t"":1518},{""x"":704,""y"":351,""t"":1632},{""x"":770,""y"":393,""t"":1741},{""x"":854,""y"":437,""t"":1848},{""x"":880,""y"":480,""t"":1954},{""x"":742,""y"":512,""t"":2061},{""x"":860,""y"":490,""t"":2173},{""x"":950,""y"":479,""t"":2273},{""x"":1015,""y"":457,""t"":2383},{""x"":1054,""y"":461,""t"":2480},{""x"":1084,""y"":464,""t"":2592},{""x"":1117,""y"":481,""t"":2768},{""x"":1118,""y"":487,""t"":2813},{""x"":1138,""y"":498,""t"":2930},{""x"":1134,""y"":423,""t"":3033},{""x"":1081,""y"":346,""t"":3130},{""x"":897,""y"":300,""t"":3246},{""x"":717,""y"":262,""t"":3351},{""x"":607,""y"":270,""t"":3520},{""x"":520,""y"":219,""t"":3635},{""x"":425,""y"":216,""t"":3671},{""x"":346,""y"":173,""t"":3800},{""x"":306,""y"":175,""t"":3942},{""x"":283,""y"":238,""t"":4140},{""x"":308,""y"":300,""t"":4174},{""x"":434,""y"":320,""t"":4290},{""x"":535,""y"":339,""t"":4389},{""x"":607,""y"":348,""t"":4493},{""x"":675,""y"":357,""t"":4617},{""x"":564,""y"":371,""t"":4716},{""x"":565,""y"":409,""t"":4812},{""x"":528,""y"":411,""t"":4912},{""x"":492,""y"":418,""t"":5009},{""x"":471,""y"":387,""t"":5143},{""x"":610,""y"":334,""t"":5245},{""x"":715,""y"":296,""t"":5352},{""x"":876,""y"":267,""t"":5452},{""x"":947,""y"":250,""t"":5559},{""x"":963,""y"":242,""t"":5711},{""x"":840,""y"":289,""t"":5827},{""x"":794,""y"":369,""t"":5937},{""x"":766,""y"":411,""t"":6038},{""x"":762,""y"":464,""t"":6200},{""x"":778,""y"":462,""t"":6302},{""x"":799,""y"":450,""t"":6398}]",0,0.9667167457118023,0.03328325428819758,wa_b-last,0
19,0,67,exp_36,0.0,533.0,0.79,0.7,2.0,3.2,higher_p,higher_m,0,1,alternatives,0.0,False,1.58,2.24,-0.6599999999999997,-0.4219978340514986,0.4,0.6,0.5,0.5,1.0,0.0,higher_m,higher_p,True,"{""durations"":[1500,1000,1500,1000],""alternatives"":[1,0,1,0],""attributes"":[""all"",""all"",""all"",""all""]}","[{""x"":638,""y"":499,""t"":-123},{""x"":563,""y"":437,""t"":50},{""x"":536,""y"":444,""t"":159},{""x"":562,""y"":434,""t"":264},{""x"":466,""y"":440,""t"":455},{""x"":429,""y"":448,""t"":610},{""x"":397,""y"":457,""t"":714},{""x"":338,""y"":482,""t"":760},{""x"":307,""y"":424,""t"":929},{""x"":281,""y"":402,""t"":979},{""x"":228,""y"":397,""t"":1134},{""x"":206,""y"":390,""t"":1245},{""x"":181,""y"":433,""t"":1408},{""x"":167,""y"":439,""t"":1440},{""x"":153,""y"":476,""t"":1555},{""x"":128,""y"":502,""t"":1667},{""x"":166,""y"":534,""t"":1769},{""x"":188,""y"":565,""t"":1870},{""x"":428,""y"":538,""t"":2028},{""x"":614,""y"":525,""t"":2063},{""x"":728,""y"":539,""t"":2163},{""x"":878,""y"":461,""t"":2281},{""x"":987,""y"":378,""t"":2381},{""x"":1074,""y"":350,""t"":2488},{""x"":1179,""y"":366,""t"":2584},{""x"":1224,""y"":342,""t"":2682},{""x"":1247,""y"":359,""t"":2794},{""x"":1260,""y"":367,""t"":2903},{""x"":1293,""y"":383,""t"":2995},{""x"":1140,""y"":383,""t"":3151},{""x"":968,""y"":384,""t"":3252},{""x"":790,""y"":412,""t"":3298},{""x"":624,""y"":429,""t"":3470},{""x"":505,""y"":467,""t"":3503},{""x"":417,""y"":479,""t"":3619},{""x"":318,""y"":493,""t"":3715},{""x"":244,""y"":514,""t"":3808},{""x"":204,""y"":525,""t"":3917},{""x"":227,""y"":534,""t"":4035},{""x"":195,""y"":531,""t"":4133},{""x"":176,""y"":473,""t"":4232},{""x"":207,""y"":409,""t"":4327},{""x"":206,""y"":389,""t"":4436},{""x"":214,""y"":373,""t"":4679},{""x"":447,""y"":320,""t"":4856},{""x"":621,""y"":276,""t"":4892},{""x"":755,""y"":273,""t"":4985},{""x"":895,""y"":296,""t"":5162},{""x"":984,""y"":249,""t"":5200},{""x"":1057,""y"":209,""t"":5314},{""x"":1131,""y"":170,""t"":5410},{""x"":1195,""y"":141,""t"":5570},{""x"":1215,""y"":177,""t"":5604},{""x"":1224,""y"":185,""t"":5700},{""x"":1143,""y"":177,""t"":5816},{""x"":1098,""y"":167,""t"":5915},{""x"":1040,""y"":163,""t"":6039},{""x"":1001,""y"":158,""t"":6142},{""x"":938,""y"":154,""t"":6238},{""x"":890,""y"":161,""t"":6341}]",0,0.7697216569005515,0.23027834309944858,wa_b-last,0
19,0,68,exp_80,0.0,693.0,0.61,0.29,2.2,8.1,higher_p,higher_m,0,1,alternatives,0.0,False,1.342,2.349,-1.0069999999999997,-0.7791520984804501,0.6,0.4,0.5,0.5,0.0,1.0,higher_p,higher_m,True,"{""durations"":[1500,1000,1500,1000],""alternatives"":[0,1,0,1],""attributes"":[""all"",""all"",""all"",""all""]}","[{""x"":712,""y"":193,""t"":-38},{""x"":680,""y"":196,""t"":2},{""x"":635,""y"":198,""t"":113},{""x"":627,""y"":196,""t"":216},{""x"":714,""y"":210,""t"":322},{""x"":800,""y"":259,""t"":419},{""x"":899,""y"":292,""t"":517},{""x"":970,""y"":339,""t"":615},{""x"":1053,""y"":374,""t"":776},{""x"":1085,""y"":418,""t"":810},{""x"":1127,""y"":453,""t"":922},{""x"":1141,""y"":440,""t"":1033},{""x"":1149,""y"":415,""t"":1129},{""x"":1167,""y"":350,""t"":1312},{""x"":1002,""y"":368,""t"":1375},{""x"":847,""y"":364,""t"":1534},{""x"":704,""y"":390,""t"":1669},{""x"":570,""y"":369,""t"":1806},{""x"":495,""y"":403,""t"":1945},{""x"":408,""y"":418,""t"":2071},{""x"":333,""y"":446,""t"":2188},{""x"":246,""y"":449,""t"":2305},{""x"":259,""y"":418,""t"":2419},{""x"":228,""y"":352,""t"":2566},{""x"":255,""y"":317,""t"":2675},{""x"":295,""y"":325,""t"":2799},{""x"":299,""y"":340,""t"":2922},{""x"":438,""y"":335,""t"":3036},{""x"":623,""y"":344,""t"":3166},{""x"":815,""y"":308,""t"":3288},{""x"":917,""y"":260,""t"":3401},{""x"":1010,""y"":211,""t"":3519},{""x"":1082,""y"":180,""t"":3645},{""x"":1146,""y"":230,""t"":3745},{""x"":1176,""y"":270,""t"":3858},{""x"":1022,""y"":231,""t"":3976},{""x"":914,""y"":228,""t"":4091},{""x"":862,""y"":227,""t"":4213},{""x"":768,""y"":219,""t"":4315},{""x"":674,""y"":215,""t"":4433},{""x"":580,""y"":198,""t"":4554},{""x"":479,""y"":189,""t"":4664},{""x"":431,""y"":243,""t"":4775},{""x"":328,""y"":300,""t"":4904},{""x"":276,""y"":337,""t"":5009},{""x"":287,""y"":314,""t"":5123},{""x"":306,""y"":259,""t"":5229},{""x"":313,""y"":277,""t"":5336},{""x"":308,""y"":255,""t"":5447},{""x"":284,""y"":303,""t"":5553},{""x"":290,""y"":310,""t"":5693},{""x"":371,""y"":280,""t"":5801},{""x"":447,""y"":264,""t"":5911},{""x"":547,""y"":238,""t"":6016},{""x"":730,""y"":218,""t"":6134},{""x"":834,""y"":200,""t"":6247},{""x"":944,""y"":200,""t"":6358},{""x"":994,""y"":239,""t"":6491},{""x"":1030,""y"":273,""t"":6602}]",0,0.9478196848173036,0.052180315182696245,wa_b-last,0
19,0,69,exp_19,0.0,520.0,0.28,0.17,4.3,8.3,higher_p,higher_m,0,1,attributes,1.0,True,1.204,1.4110000000000005,-0.2070000000000003,0.0442583094249129,0.5,0.5,0.6,0.4,0.0,0.0,higher_p,higher_p,True,"{""durations"":[1000,1500,1000,1500],""alternatives"":[""all"",""all"",""all"",""all""],""attributes"":[""m"",""p"",""m"",""p""]}","[{""x"":756,""y"":405,""t"":-136},{""x"":748,""y"":425,""t"":2},{""x"":677,""y"":432,""t"":124},{""x"":651,""y"":424,""t"":230},{""x"":585,""y"":408,""t"":338},{""x"":703,""y"":359,""t"":452},{""x"":793,""y"":303,""t"":570},{""x"":871,""y"":250,""t"":688},{""x"":902,""y"":209,""t"":789},{""x"":911,""y"":174,""t"":913},{""x"":809,""y"":192,""t"":1020},{""x"":722,""y"":220,""t"":1325},{""x"":678,""y"":277,""t"":1458},{""x"":585,""y"":322,""t"":1582},{""x"":512,""y"":371,""t"":1707},{""x"":469,""y"":405,""t"":1811},{""x"":422,""y"":437,""t"":1927},{""x"":413,""y"":453,""t"":2029},{""x"":585,""y"":421,""t"":2220},{""x"":710,""y"":398,""t"":2263},{""x"":836,""y"":389,""t"":2369},{""x"":749,""y"":395,""t"":2501},{""x"":645,""y"":395,""t"":2610},{""x"":564,""y"":407,""t"":2713},{""x"":521,""y"":417,""t"":2821},{""x"":423,""y"":430,""t"":2930},{""x"":375,""y"":442,""t"":3062},{""x"":311,""y"":457,""t"":3177},{""x"":277,""y"":411,""t"":3282},{""x"":251,""y"":377,""t"":3382},{""x"":289,""y"":332,""t"":3481},{""x"":466,""y"":267,""t"":3598},{""x"":640,""y"":224,""t"":3711},{""x"":775,""y"":191,""t"":3821},{""x"":844,""y"":182,""t"":3924},{""x"":892,""y"":221,""t"":4032},{""x"":768,""y"":257,""t"":4146},{""x"":633,""y"":298,""t"":4259},{""x"":561,""y"":321,""t"":4374},{""x"":511,""y"":367,""t"":4479},{""x"":690,""y"":339,""t"":4594},{""x"":828,""y"":339,""t"":4696},{""x"":949,""y"":342,""t"":4798},{""x"":825,""y"":346,""t"":4907},{""x"":706,""y"":369,""t"":5019},{""x"":621,""y"":378,""t"":5123},{""x"":578,""y"":348,""t"":5228},{""x"":531,""y"":311,""t"":5333},{""x"":509,""y"":273,""t"":5446},{""x"":442,""y"":261,""t"":5562},{""x"":441,""y"":259,""t"":5670},{""x"":441,""y"":252,""t"":5786},{""x"":532,""y"":225,""t"":5889},{""x"":595,""y"":203,""t"":5998},{""x"":628,""y"":205,""t"":6191},{""x"":637,""y"":215,""t"":6308},{""x"":636,""y"":233,""t"":6493},{""x"":617,""y"":236,""t"":6609}]",0,0.669256885747614,0.330743114252386,wa_b-last,0
19,1,70,exp_76,0.0,426.0,0.8,0.2,4.0,6.799999999999999,higher_p,higher_m,0,1,alternatives,0.0,False,3.2,1.36,1.8400000000000003,2.151159690652763,0.4,0.6,0.5,0.5,1.0,0.0,higher_m,higher_p,True,"{""durations"":[1500,1000,1500,1000],""alternatives"":[1,0,1,0],""attributes"":[""all"",""all"",""all"",""all""]}","[{""x"":684,""y"":327,""t"":-100},{""x"":704,""y"":297,""t"":2},{""x"":724,""y"":263,""t"":188},{""x"":692,""y"":265,""t"":300},{""x"":648,""y"":278,""t"":341},{""x"":591,""y"":263,""t"":447},{""x"":498,""y"":243,""t"":545},{""x"":427,""y"":307,""t"":663},{""x"":432,""y"":339,""t"":759},{""x"":382,""y"":376,""t"":920},{""x"":361,""y"":397,""t"":1020},{""x"":325,""y"":353,""t"":1066},{""x"":294,""y"":296,""t"":1183},{""x"":204,""y"":262,""t"":1301},{""x"":220,""y"":300,""t"":1411},{""x"":242,""y"":320,""t"":1521},{""x"":265,""y"":344,""t"":1627},{""x"":350,""y"":332,""t"":1735},{""x"":524,""y"":286,""t"":1863},{""x"":648,""y"":263,""t"":1966},{""x"":756,""y"":268,""t"":2075},{""x"":918,""y"":263,""t"":2250},{""x"":954,""y"":255,""t"":2369},{""x"":990,""y"":268,""t"":2417},{""x"":1083,""y"":272,""t"":2604},{""x"":1132,""y"":268,""t"":2650},{""x"":961,""y"":388,""t"":2841},{""x"":803,""y"":502,""t"":2875},{""x"":688,""y"":585,""t"":2985},{""x"":571,""y"":697,""t"":3170},{""x"":548,""y"":605,""t"":3280},{""x"":489,""y"":597,""t"":3324},{""x"":394,""y"":511,""t"":3426},{""x"":360,""y"":441,""t"":3535},{""x"":321,""y"":403,""t"":3656},{""x"":283,""y"":344,""t"":3774},{""x"":252,""y"":276,""t"":3870},{""x"":189,""y"":211,""t"":3969},{""x"":140,""y"":185,""t"":4071},{""x"":178,""y"":209,""t"":4176},{""x"":397,""y"":167,""t"":4354},{""x"":534,""y"":150,""t"":4468},{""x"":686,""y"":183,""t"":4641},{""x"":852,""y"":144,""t"":4680},{""x"":952,""y"":157,""t"":4778},{""x"":1005,""y"":210,""t"":4888},{""x"":1093,""y"":233,""t"":5064},{""x"":1148,""y"":296,""t"":5170},{""x"":1175,""y"":296,""t"":5213},{""x"":1157,""y"":240,""t"":5385},{""x"":1090,""y"":230,""t"":5420},{""x"":1038,""y"":222,""t"":5553},{""x"":970,""y"":206,""t"":5651},{""x"":912,""y"":226,""t"":5751},{""x"":867,""y"":233,""t"":5850},{""x"":845,""y"":221,""t"":5958},{""x"":794,""y"":242,""t"":6071},{""x"":794,""y"":257,""t"":6184}]",0,0.9997715821931041,0.00022841780689581106,wa_b-last,0
19,1,71,exp_95,0.0,633.0,0.5,0.38,3.0,4.0,higher_p,higher_m,0,1,attributes,1.0,True,1.5,1.52,-0.02,0.236730492272792,0.5,0.5,0.4,0.6,1.0,1.0,higher_m,higher_m,True,"{""durations"":[1000,1500,1000,1500],""alternatives"":[""all"",""all"",""all"",""all""],""attributes"":[""p"",""m"",""p"",""m""]}","[{""x"":287,""y"":430,""t"":-42},{""x"":311,""y"":402,""t"":3},{""x"":365,""y"":404,""t"":138},{""x"":404,""y"":342,""t"":299},{""x"":390,""y"":341,""t"":408},{""x"":350,""y"":368,""t"":519},{""x"":554,""y"":310,""t"":633},{""x"":730,""y"":260,""t"":668},{""x"":883,""y"":271,""t"":828},{""x"":1032,""y"":307,""t"":872},{""x"":944,""y"":313,""t"":974},{""x"":843,""y"":334,""t"":1076},{""x"":928,""y"":306,""t"":1194},{""x"":958,""y"":289,""t"":1291},{""x"":873,""y"":296,""t"":1390},{""x"":970,""y"":218,""t"":1487},{""x"":993,""y"":198,""t"":1596},{""x"":1023,""y"":181,""t"":1701},{""x"":1058,""y"":154,""t"":1806},{""x"":903,""y"":158,""t"":1969},{""x"":899,""y"":165,""t"":2078},{""x"":921,""y"":135,""t"":2124},{""x"":951,""y"":147,""t"":2221},{""x"":971,""y"":155,""t"":2343},{""x"":986,""y"":147,""t"":2511},{""x"":997,""y"":141,""t"":2543},{""x"":939,""y"":207,""t"":2719},{""x"":832,""y"":261,""t"":2751},{""x"":703,""y"":317,""t"":2892},{""x"":759,""y"":382,""t"":3069},{""x"":880,""y"":403,""t"":3175},{""x"":977,""y"":432,""t"":3286},{""x"":1017,""y"":478,""t"":3405},{""x"":1066,""y"":490,""t"":3438},{""x"":1124,""y"":501,""t"":3541},{""x"":1176,""y"":419,""t"":3705},{""x"":1162,""y"":356,""t"":3821},{""x"":1119,""y"":273,""t"":3871},{""x"":1090,""y"":205,""t"":3975},{""x"":902,""y"":188,""t"":4157},{""x"":738,""y"":203,""t"":4197},{""x"":814,""y"":218,""t"":4326},{""x"":855,""y"":198,""t"":4429},{""x"":981,""y"":169,""t"":4538},{""x"":1063,""y"":204,""t"":4651},{""x"":1096,""y"":253,""t"":4767},{""x"":1138,""y"":318,""t"":4957},{""x"":1104,""y"":312,""t"":4989},{""x"":1100,""y"":306,""t"":5096},{""x"":1077,""y"":322,""t"":5209},{""x"":1093,""y"":310,""t"":5330},{""x"":1041,""y"":286,""t"":5441},{""x"":984,""y"":286,""t"":5630},{""x"":902,""y"":287,""t"":5738},{""x"":861,""y"":281,""t"":5838},{""x"":898,""y"":241,""t"":5941},{""x"":871,""y"":223,""t"":6061},{""x"":871,""y"":215,""t"":6184},{""x"":820,""y"":200,""t"":6420}]",0,0.7871068699053105,0.2128931300946895,wa_b-last,0
19,1,72,exp_16,0.0,495.0,0.28,0.17,4.3,8.3,higher_p,higher_m,0,1,alternatives,0.0,False,1.204,1.4110000000000005,-0.2070000000000003,0.0442583094249129,0.6,0.4,0.5,0.5,0.0,1.0,higher_p,higher_m,True,"{""durations"":[1500,1000,1500,1000],""alternatives"":[0,1,0,1],""attributes"":[""all"",""all"",""all"",""all""]}","[{""x"":660,""y"":169,""t"":-49},{""x"":703,""y"":160,""t"":2},{""x"":722,""y"":172,""t"":120},{""x"":755,""y"":172,""t"":282},{""x"":656,""y"":206,""t"":384},{""x"":550,""y"":239,""t"":491},{""x"":473,""y"":292,""t"":536},{""x"":399,""y"":335,""t"":667},{""x"":373,""y"":395,""t"":840},{""x"":348,""y"":371,""t"":946},{""x"":325,""y"":339,""t"":990},{""x"":355,""y"":352,""t"":1105},{""x"":391,""y"":356,""t"":1216},{""x"":421,""y"":388,""t"":1317},{""x"":545,""y"":409,""t"":1480},{""x"":675,""y"":396,""t"":1591},{""x"":769,""y"":429,""t"":1632},{""x"":884,""y"":415,""t"":1800},{""x"":994,""y"":414,""t"":1900},{""x"":1098,""y"":392,""t"":1940},{""x"":1134,""y"":322,""t"":2039},{""x"":1185,""y"":253,""t"":2142},{""x"":1138,""y"":208,""t"":2272},{""x"":1109,""y"":152,""t"":2373},{""x"":1092,""y"":95,""t"":2551},{""x"":1149,""y"":158,""t"":2598},{""x"":1094,""y"":223,""t"":2731},{""x"":1157,""y"":198,""t"":2839},{""x"":1000,""y"":221,""t"":2999},{""x"":843,""y"":213,""t"":3102},{""x"":711,""y"":198,""t"":3213},{""x"":639,""y"":202,""t"":3254},{""x"":589,""y"":227,""t"":3366},{""x"":519,""y"":292,""t"":3466},{""x"":522,""y"":285,""t"":3583},{""x"":487,""y"":302,""t"":3679},{""x"":416,""y"":318,""t"":3842},{""x"":352,""y"":309,""t"":3878},{""x"":324,""y"":257,""t"":4011},{""x"":324,""y"":229,""t"":4109},{""x"":355,""y"":213,""t"":4274},{""x"":344,""y"":237,""t"":4307},{""x"":516,""y"":203,""t"":4406},{""x"":670,""y"":188,""t"":4519},{""x"":793,""y"":157,""t"":4618},{""x"":890,""y"":120,""t"":4714},{""x"":991,""y"":99,""t"":4812},{""x"":1064,""y"":111,""t"":4912},{""x"":1068,""y"":107,""t"":5026},{""x"":1028,""y"":127,""t"":5144},{""x"":985,""y"":148,""t"":5243},{""x"":875,""y"":169,""t"":5408},{""x"":799,""y"":186,""t"":5438},{""x"":731,""y"":197,""t"":5561},{""x"":702,""y"":218,""t"":5730},{""x"":694,""y"":213,""t"":5838},{""x"":649,""y"":210,""t"":5948},{""x"":701,""y"":201,""t"":5987},{""x"":659,""y"":216,""t"":6091},{""x"":567,""y"":209,""t"":6206}]",1,0.5742683382865367,0.42573166171346344,wa_b-last,0
19,1,73,exp_14,0.0,580.0,0.7,0.29,1.7999999999999998,5.0,higher_p,higher_m,0,1,alternatives,0.0,False,1.2599999999999998,1.45,-0.1900000000000001,0.0617557805929021,0.4,0.6,0.5,0.5,1.0,1.0,higher_m,higher_m,True,"{""durations"":[1000,1500,1000,1500],""alternatives"":[0,1,0,1],""attributes"":[""all"",""all"",""all"",""all""]}","[{""x"":438,""y"":190,""t"":-26},{""x"":469,""y"":190,""t"":3},{""x"":528,""y"":175,""t"":123},{""x"":585,""y"":157,""t"":252},{""x"":599,""y"":162,""t"":371},{""x"":697,""y"":196,""t"":532},{""x"":793,""y"":182,""t"":634},{""x"":936,""y"":256,""t"":678},{""x"":1050,""y"":289,""t"":797},{""x"":1080,""y"":240,""t"":959},{""x"":1125,""y"":214,""t"":994},{""x"":1167,""y"":238,""t"":1098},{""x"":1182,""y"":241,""t"":1215},{""x"":1091,""y"":283,""t"":1330},{""x"":941,""y"":337,""t"":1429},{""x"":822,""y"":364,""t"":1529},{""x"":710,""y"":302,""t"":1685},{""x"":574,""y"":279,""t"":1732},{""x"":481,""y"":259,""t"":1830},{""x"":367,""y"":247,""t"":2006},{""x"":347,""y"":267,""t"":2112},{""x"":325,""y"":265,""t"":2224},{""x"":360,""y"":255,""t"":2258},{""x"":491,""y"":218,""t"":2372},{""x"":638,""y"":202,""t"":2477},{""x"":743,""y"":235,""t"":2577},{""x"":834,""y"":263,""t"":2713},{""x"":898,""y"":309,""t"":2819},{""x"":949,""y"":359,""t"":2942},{""x"":1004,""y"":336,""t"":3070},{""x"":992,""y"":316,""t"":3186},{""x"":1011,""y"":261,""t"":3303},{""x"":1040,""y"":219,""t"":3406},{""x"":1052,""y"":176,""t"":3577},{""x"":1072,""y"":158,""t"":3714},{""x"":1079,""y"":131,""t"":3740},{""x"":1085,""y"":125,""t"":3856},{""x"":1064,""y"":108,""t"":4018},{""x"":918,""y"":100,""t"":4131},{""x"":786,""y"":143,""t"":4178},{""x"":656,""y"":152,""t"":4319},{""x"":570,""y"":215,""t"":4496},{""x"":469,""y"":239,""t"":4604},{""x"":423,""y"":290,""t"":4649},{""x"":404,""y"":323,""t"":4753},{""x"":402,""y"":316,""t"":4968},{""x"":537,""y"":311,""t"":5087},{""x"":657,""y"":304,""t"":5133},{""x"":731,""y"":321,""t"":5335},{""x"":792,""y"":321,""t"":5362},{""x"":830,""y"":324,""t"":5477},{""x"":813,""y"":304,""t"":5581},{""x"":800,""y"":286,""t"":5677},{""x"":809,""y"":269,""t"":5904},{""x"":851,""y"":273,""t"":5944},{""x"":886,""y"":302,""t"":6064},{""x"":927,""y"":266,""t"":6193},{""x"":886,""y"":294,""t"":6288},{""x"":708,""y"":338,""t"":6409}]",0,0.9934360517679754,0.006563948232024501,wa_b-last,0
19,1,74,exp_85,0.0,548.0,0.61,0.29,2.2,8.1,higher_p,higher_m,0,1,attributes,1.0,True,1.342,2.349,-1.0069999999999997,-0.7791520984804501,0.5,0.5,0.4,0.6,1.0,0.0,higher_m,higher_p,True,"{""durations"":[1500,1000,1500,1000],""alternatives"":[""all"",""all"",""all"",""all""],""attributes"":[""m"",""p"",""m"",""p""]}","[{""x"":588,""y"":478,""t"":-96},{""x"":621,""y"":435,""t"":1},{""x"":616,""y"":405,""t"":113},{""x"":605,""y"":405,""t"":237},{""x"":574,""y"":347,""t"":428},{""x"":526,""y"":306,""t"":537},{""x"":390,""y"":259,""t"":648},{""x"":308,""y"":214,""t"":754},{""x"":468,""y"":169,""t"":794},{""x"":628,""y"":125,""t"":915},{""x"":763,""y"":87,""t"":1084},{""x"":876,""y"":58,""t"":1131},{""x"":927,""y"":87,""t"":1306},{""x"":961,""y"":118,""t"":1418},{""x"":830,""y"":180,""t"":1523},{""x"":753,""y"":261,""t"":1566},{""x"":686,""y"":299,""t"":1665},{""x"":652,""y"":336,""t"":1783},{""x"":722,""y"":371,""t"":1957},{""x"":848,""y"":382,""t"":2002},{""x"":918,""y"":407,""t"":2105},{""x"":977,""y"":410,""t"":2263},{""x"":1038,""y"":439,""t"":2373},{""x"":1086,""y"":462,""t"":2409},{""x"":1100,""y"":408,""t"":2589},{""x"":1103,""y"":353,""t"":2695},{""x"":1099,""y"":315,""t"":2737},{""x"":1068,""y"":317,""t"":2915},{""x"":1041,""y"":289,""t"":3044},{""x"":866,""y"":250,""t"":3152},{""x"":727,""y"":237,""t"":3262},{""x"":585,""y"":199,""t"":3370},{""x"":655,""y"":144,""t"":3414},{""x"":745,""y"":100,""t"":3517},{""x"":652,""y"":189,""t"":3624},{""x"":533,""y"":262,""t"":3734},{""x"":618,""y"":266,""t"":3907},{""x"":697,""y"":318,""t"":4020},{""x"":804,""y"":349,""t"":4147},{""x"":895,""y"":374,""t"":4185},{""x"":968,""y"":426,""t"":4364},{""x"":1002,""y"":456,""t"":4402},{""x"":873,""y"":446,""t"":4568},{""x"":738,""y"":473,""t"":4604},{""x"":762,""y"":458,""t"":4725},{""x"":877,""y"":451,""t"":4849},{""x"":1005,""y"":450,""t"":4958},{""x"":1087,""y"":436,""t"":5078},{""x"":1127,""y"":407,""t"":5260},{""x"":1174,""y"":386,""t"":5295},{""x"":1217,""y"":395,""t"":5406},{""x"":1100,""y"":357,""t"":5611},{""x"":1001,""y"":322,""t"":5639},{""x"":947,""y"":358,""t"":5748},{""x"":955,""y"":336,""t"":5845},{""x"":911,""y"":334,""t"":5954},{""x"":869,""y"":327,""t"":6073},{""x"":828,""y"":313,""t"":6196}]",0,0.9645998541255162,0.03540014587448394,wa_b-last,0
19,1,75,exp_86,0.0,429.0,0.61,0.29,2.2,8.1,higher_p,higher_m,0,1,alternatives,0.0,False,1.342,2.349,-1.0069999999999997,-0.7791520984804501,0.4,0.6,0.5,0.5,1.0,1.0,higher_m,higher_m,True,"{""durations"":[1000,1500,1000,1500],""alternatives"":[0,1,0,1],""attributes"":[""all"",""all"",""all"",""all""]}","[{""x"":562,""y"":412,""t"":-114},{""x"":614,""y"":425,""t"":1},{""x"":617,""y"":393,""t"":180},{""x"":643,""y"":388,""t"":282},{""x"":544,""y"":400,""t"":385},{""x"":479,""y"":449,""t"":432},{""x"":438,""y"":470,""t"":535},{""x"":360,""y"":486,""t"":645},{""x"":279,""y"":518,""t"":813},{""x"":261,""y"":476,""t"":918},{""x"":252,""y"":441,""t"":1030},{""x"":235,""y"":387,""t"":1073},{""x"":216,""y"":341,""t"":1187},{""x"":380,""y"":291,""t"":1289},{""x"":543,""y"":263,""t"":1396},{""x"":680,""y"":240,""t"":1571},{""x"":814,""y"":252,""t"":1617},{""x"":949,""y"":253,""t"":1808},{""x"":964,""y"":248,""t"":1916},{""x"":1032,""y"":178,""t"":2025},{""x"":1033,""y"":143,""t"":2060},{""x"":1031,""y"":93,""t"":2173},{""x"":964,""y"":98,""t"":2294},{""x"":833,""y"":196,""t"":2394},{""x"":732,""y"":254,""t"":2505},{""x"":621,""y"":324,""t"":2681},{""x"":500,""y"":311,""t"":2716},{""x"":429,""y"":330,""t"":2832},{""x"":371,""y"":309,""t"":3038},{""x"":303,""y"":342,""t"":3066},{""x"":243,""y"":344,""t"":3228},{""x"":202,""y"":350,""t"":3261},{""x"":244,""y"":322,""t"":3363},{""x"":316,""y"":316,""t"":3529},{""x"":365,""y"":322,""t"":3660},{""x"":387,""y"":369,""t"":3765},{""x"":408,""y"":370,""t"":3811},{""x"":430,""y"":378,""t"":3914},{""x"":498,""y"":322,""t"":4018},{""x"":573,""y"":290,""t"":4166},{""x"":736,""y"":270,""t"":4329},{""x"":877,""y"":263,""t"":4371},{""x"":968,""y"":284,""t"":4483},{""x"":966,""y"":246,""t"":4648},{""x"":988,""y"":198,""t"":4683},{""x"":1005,""y"":154,""t"":4808},{""x"":1023,""y"":123,""t"":4905},{""x"":918,""y"":119,""t"":5089},{""x"":777,""y"":172,""t"":5196},{""x"":674,""y"":217,""t"":5326},{""x"":589,""y"":231,""t"":5362},{""x"":538,""y"":224,""t"":5469},{""x"":506,""y"":227,""t"":5628},{""x"":553,""y"":221,""t"":5740},{""x"":576,""y"":230,""t"":5788},{""x"":617,""y"":206,""t"":5908},{""x"":636,""y"":210,""t"":6078},{""x"":639,""y"":181,""t"":6125}]",0,0.9478196848173036,0.052180315182696245,wa_b-last,0
19,1,76,exp_33,0.0,644.0,0.79,0.7,2.0,3.2,higher_p,higher_m,0,1,attributes,1.0,True,1.58,2.24,-0.6599999999999997,-0.4219978340514986,0.5,0.5,0.6,0.4,0.0,1.0,higher_p,higher_m,True,"{""durations"":[1500,1000,1500,1000],""alternatives"":[""all"",""all"",""all"",""all""],""attributes"":[""p"",""m"",""p"",""m""]}","[{""x"":609,""y"":208,""t"":-129},{""x"":624,""y"":215,""t"":2},{""x"":615,""y"":204,""t"":114},{""x"":571,""y"":212,""t"":221},{""x"":555,""y"":205,""t"":316},{""x"":534,""y"":226,""t"":521},{""x"":488,""y"":225,""t"":558},{""x"":615,""y"":261,""t"":737},{""x"":738,""y"":268,""t"":763},{""x"":724,""y"":332,""t"":863},{""x"":722,""y"":357,""t"":980},{""x"":637,""y"":416,""t"":1143},{""x"":778,""y"":360,""t"":1178},{""x"":895,""y"":338,""t"":1276},{""x"":963,""y"":332,""t"":1477},{""x"":1010,""y"":320,""t"":1509},{""x"":1063,""y"":264,""t"":1639},{""x"":1066,""y"":249,""t"":1743},{""x"":924,""y"":275,""t"":1857},{""x"":819,""y"":257,""t"":1970},{""x"":701,""y"":209,""t"":2070},{""x"":603,""y"":224,""t"":2185},{""x"":529,""y"":239,""t"":2282},{""x"":642,""y"":203,""t"":2441},{""x"":741,""y"":175,""t"":2544},{""x"":831,""y"":159,""t"":2589},{""x"":905,""y"":122,""t"":2713},{""x"":745,""y"":127,""t"":2919},{""x"":578,""y"":143,""t"":3033},{""x"":520,""y"":177,""t"":3138},{""x"":454,""y"":238,""t"":3250},{""x"":579,""y"":247,""t"":3370},{""x"":692,""y"":268,""t"":3403},{""x"":781,""y"":274,""t"":3577},{""x"":931,""y"":246,""t"":3697},{""x"":988,""y"":270,""t"":3741},{""x"":989,""y"":239,""t"":3861},{""x"":992,""y"":212,""t"":3979},{""x"":1018,""y"":190,""t"":4076},{""x"":954,""y"":178,""t"":4201},{""x"":899,""y"":172,""t"":4329},{""x"":752,""y"":181,""t"":4510},{""x"":646,""y"":180,""t"":4544},{""x"":557,""y"":191,""t"":4652},{""x"":612,""y"":181,""t"":4843},{""x"":674,""y"":168,""t"":4888},{""x"":757,""y"":145,""t"":5052},{""x"":652,""y"":159,""t"":5172},{""x"":687,""y"":196,""t"":5217},{""x"":846,""y"":166,""t"":5337},{""x"":899,""y"":210,""t"":5435},{""x"":871,""y"":204,""t"":5542},{""x"":797,""y"":209,""t"":5656},{""x"":622,""y"":297,""t"":5833},{""x"":647,""y"":372,""t"":5879},{""x"":678,""y"":438,""t"":5981},{""x"":759,""y"":440,""t"":6149},{""x"":830,""y"":411,""t"":6196},{""x"":892,""y"":390,""t"":6327}]",1,0.69023148692093,0.3097685130790701,wa_b-last,0
19,1,77,catch_15,1.0,453.0,0.22,0.49,3.0,4.9,dominated,dominant,1,1,attributes,1.0,True,0.66,2.401,-1.741,-1.5346311477336216,0.5,0.5,0.5,0.5,,1.0,,dominant,True,"{""durations"":[1250,1250,1250,1250],""attributes"":[""p"",""m"",""p"",""m""],""alternatives"":[""all"",""all"",""all"",""all""]}","[{""x"":749,""y"":345,""t"":-102},{""x"":727,""y"":343,""t"":2},{""x"":710,""y"":322,""t"":112},{""x"":658,""y"":343,""t"":218},{""x"":543,""y"":407,""t"":326},{""x"":487,""y"":414,""t"":426},{""x"":565,""y"":393,""t"":537},{""x"":674,""y"":348,""t"":637},{""x"":816,""y"":302,""t"":753},{""x"":883,""y"":341,""t"":875},{""x"":825,""y"":361,""t"":992},{""x"":813,""y"":387,""t"":1095},{""x"":767,""y"":393,""t"":1197},{""x"":690,""y"":411,""t"":1307},{""x"":630,""y"":353,""t"":1410},{""x"":592,""y"":318,""t"":1535},{""x"":545,""y"":317,""t"":1708},{""x"":508,""y"":291,""t"":1755},{""x"":407,""y"":267,""t"":1964},{""x"":347,""y"":243,""t"":2082},{""x"":314,""y"":254,""t"":2128},{""x"":299,""y"":247,""t"":2296},{""x"":406,""y"":198,""t"":2401},{""x"":544,""y"":150,""t"":2506},{""x"":662,""y"":133,""t"":2548},{""x"":783,""y"":98,""t"":2733},{""x"":868,""y"":87,""t"":2768},{""x"":998,""y"":47,""t"":2891},{""x"":1103,""y"":-8,""t"":2994},{""x"":1000,""y"":45,""t"":3155},{""x"":924,""y"":108,""t"":3189},{""x"":854,""y"":163,""t"":3314},{""x"":948,""y"":164,""t"":3415},{""x"":997,""y"":160,""t"":3515},{""x"":1055,""y"":140,""t"":3621},{""x"":1123,""y"":146,""t"":3724},{""x"":1110,""y"":175,""t"":3834},{""x"":959,""y"":220,""t"":3955},{""x"":847,""y"":241,""t"":4076},{""x"":665,""y"":251,""t"":4237},{""x"":526,""y"":269,""t"":4361},{""x"":429,""y"":290,""t"":4488},{""x"":324,""y"":295,""t"":4600},{""x"":312,""y"":302,""t"":4704},{""x"":470,""y"":259,""t"":4814},{""x"":606,""y"":194,""t"":4938},{""x"":624,""y"":231,""t"":4971},{""x"":656,""y"":259,""t"":5086},{""x"":619,""y"":284,""t"":5277},{""x"":621,""y"":324,""t"":5389},{""x"":544,""y"":312,""t"":5499},{""x"":520,""y"":315,""t"":5624},{""x"":503,""y"":357,""t"":5741},{""x"":570,""y"":352,""t"":5851},{""x"":619,""y"":346,""t"":5884},{""x"":658,""y"":327,""t"":6056},{""x"":671,""y"":291,""t"":6092},{""x"":626,""y"":295,""t"":6201},{""x"":503,""y"":438,""t"":6310},{""x"":347,""y"":563,""t"":6447}]",1,0.008254268641247809,0.9917457313587521,wa_b-last,0
19,1,78,exp_119,0.0,826.0,0.49,0.22,4.2,7.9,higher_p,higher_m,0,1,attributes,1.0,True,2.058,1.738,0.3199999999999998,0.5866799156325715,0.5,0.5,0.4,0.6,1.0,1.0,higher_m,higher_m,True,"{""durations"":[1000,1500,1000,1500],""alternatives"":[""all"",""all"",""all"",""all""],""attributes"":[""p"",""m"",""p"",""m""]}","[{""x"":619,""y"":352,""t"":-97},{""x"":630,""y"":305,""t"":2},{""x"":645,""y"":271,""t"":110},{""x"":646,""y"":242,""t"":275},{""x"":592,""y"":282,""t"":443},{""x"":751,""y"":237,""t"":550},{""x"":833,""y"":213,""t"":667},{""x"":976,""y"":190,""t"":769},{""x"":919,""y"":222,""t"":873},{""x"":803,""y"":276,""t"":985},{""x"":753,""y"":265,""t"":1105},{""x"":635,""y"":248,""t"":1222},{""x"":545,""y"":216,""t"":1340},{""x"":505,""y"":201,""t"":1449},{""x"":606,""y"":159,""t"":1551},{""x"":704,""y"":123,""t"":1668},{""x"":776,""y"":90,""t"":1770},{""x"":856,""y"":40,""t"":1871},{""x"":885,""y"":22,""t"":1972},{""x"":789,""y"":65,""t"":2078},{""x"":874,""y"":106,""t"":2189},{""x"":931,""y"":124,""t"":2306},{""x"":986,""y"":182,""t"":2427},{""x"":1052,""y"":208,""t"":2536},{""x"":1060,""y"":238,""t"":2719},{""x"":1013,""y"":290,""t"":2839},{""x"":944,""y"":327,""t"":2957},{""x"":1002,""y"":342,""t"":3060},{""x"":1093,""y"":342,""t"":3099},{""x"":1124,""y"":346,""t"":3204},{""x"":1010,""y"":372,""t"":3312},{""x"":878,""y"":395,""t"":3434},{""x"":731,""y"":465,""t"":3553},{""x"":654,""y"":462,""t"":3665},{""x"":604,""y"":430,""t"":3775},{""x"":620,""y"":383,""t"":3878},{""x"":630,""y"":352,""t"":3992},{""x"":650,""y"":314,""t"":4111},{""x"":660,""y"":266,""t"":4339},{""x"":634,""y"":253,""t"":4367},{""x"":596,""y"":255,""t"":4476},{""x"":604,""y"":235,""t"":4579},{""x"":536,""y"":268,""t"":4687},{""x"":531,""y"":271,""t"":4810},{""x"":490,""y"":287,""t"":4931},{""x"":462,""y"":277,""t"":5100},{""x"":488,""y"":273,""t"":5137},{""x"":486,""y"":268,""t"":5250},{""x"":452,""y"":252,""t"":5381},{""x"":401,""y"":244,""t"":5485},{""x"":380,""y"":225,""t"":5602},{""x"":436,""y"":221,""t"":5702},{""x"":519,""y"":230,""t"":5806},{""x"":609,""y"":205,""t"":5917},{""x"":598,""y"":213,""t"":6020},{""x"":609,""y"":232,""t"":6139},{""x"":626,""y"":247,""t"":6311},{""x"":576,""y"":247,""t"":6440},{""x"":562,""y"":245,""t"":6565},{""x"":529,""y"":247,""t"":6676},{""x"":435,""y"":299,""t"":6710}]",0,0.9416142876036634,0.0583857123963365,wa_b-last,0
19,1,79,catch_16,1.0,561.0,0.32,0.37,6.799999999999999,7.800000000000001,dominated,dominant,1,1,alternatives,0.0,False,2.176,2.886,-0.7100000000000004,-0.4734609845455845,0.5,0.5,0.5,0.5,,1.0,,dominant,True,"{""durations"":[1250,1250,1250,1250],""attributes"":[""all"",""all"",""all"",""all""],""alternatives"":[0,1,0,1]}","[{""x"":596,""y"":450,""t"":-116},{""x"":628,""y"":433,""t"":2},{""x"":571,""y"":400,""t"":114},{""x"":566,""y"":360,""t"":212},{""x"":574,""y"":368,""t"":335},{""x"":530,""y"":419,""t"":513},{""x"":540,""y"":466,""t"":623},{""x"":516,""y"":494,""t"":732},{""x"":540,""y"":479,""t"":861},{""x"":580,""y"":475,""t"":966},{""x"":671,""y"":439,""t"":1080},{""x"":642,""y"":374,""t"":1185},{""x"":610,""y"":313,""t"":1297},{""x"":518,""y"":280,""t"":1331},{""x"":396,""y"":233,""t"":1460},{""x"":379,""y"":187,""t"":1563},{""x"":549,""y"":184,""t"":1743},{""x"":739,""y"":192,""t"":1857},{""x"":907,""y"":235,""t"":1894},{""x"":1027,""y"":255,""t"":2034},{""x"":1150,""y"":285,""t"":2211},{""x"":1263,""y"":335,""t"":2245},{""x"":1325,""y"":394,""t"":2349},{""x"":1355,""y"":429,""t"":2448},{""x"":1378,""y"":474,""t"":2586},{""x"":1282,""y"":425,""t"":2696},{""x"":1157,""y"":396,""t"":2815},{""x"":1012,""y"":397,""t"":2921},{""x"":919,""y"":369,""t"":3036},{""x"":803,""y"":383,""t"":3153},{""x"":723,""y"":394,""t"":3256},{""x"":649,""y"":384,""t"":3361},{""x"":569,""y"":431,""t"":3462},{""x"":471,""y"":393,""t"":3564},{""x"":368,""y"":339,""t"":3668},{""x"":312,""y"":293,""t"":3779},{""x"":358,""y"":245,""t"":3903},{""x"":428,""y"":195,""t"":4016},{""x"":612,""y"":128,""t"":4193},{""x"":745,""y"":89,""t"":4229},{""x"":893,""y"":28,""t"":4363},{""x"":993,""y"":15,""t"":4470},{""x"":1104,""y"":83,""t"":4577},{""x"":1199,""y"":168,""t"":4677},{""x"":1259,""y"":219,""t"":4806},{""x"":1279,""y"":298,""t"":4923},{""x"":1270,""y"":261,""t"":5033},{""x"":1295,""y"":218,""t"":5133},{""x"":1227,""y"":190,""t"":5232},{""x"":1218,""y"":172,""t"":5342},{""x"":1193,""y"":152,""t"":5447},{""x"":1197,""y"":111,""t"":5581},{""x"":1123,""y"":118,""t"":5685},{""x"":1078,""y"":196,""t"":5786},{""x"":866,""y"":305,""t"":5905},{""x"":857,""y"":329,""t"":6009},{""x"":742,""y"":308,""t"":6124},{""x"":772,""y"":314,""t"":6234},{""x"":769,""y"":294,""t"":6337},{""x"":539,""y"":426,""t"":6471}]",1,0.22486848687910582,0.7751315131208941,wa_b-last,0
19,1,80,exp_66,0.0,492.0,0.72,0.51,4.2,5.2,higher_p,higher_m,0,1,alternatives,0.0,False,3.024,2.652,0.3719999999999999,0.6402015921464201,0.6,0.4,0.5,0.5,0.0,0.0,higher_p,higher_p,True,"{""durations"":[1000,1500,1000,1500],""alternatives"":[1,0,1,0],""attributes"":[""all"",""all"",""all"",""all""]}","[{""x"":543,""y"":229,""t"":-122},{""x"":518,""y"":232,""t"":4},{""x"":507,""y"":235,""t"":125},{""x"":490,""y"":229,""t"":229},{""x"":651,""y"":201,""t"":360},{""x"":829,""y"":186,""t"":469},{""x"":960,""y"":244,""t"":592},{""x"":1059,""y"":261,""t"":721},{""x"":1111,""y"":213,""t"":819},{""x"":1139,""y"":176,""t"":942},{""x"":1227,""y"":263,""t"":1050},{""x"":1212,""y"":361,""t"":1154},{""x"":1240,""y"":377,""t"":1289},{""x"":1192,""y"":341,""t"":1391},{""x"":1128,""y"":345,""t"":1508},{""x"":968,""y"":361,""t"":1709},{""x"":808,""y"":378,""t"":1749},{""x"":669,""y"":346,""t"":1854},{""x"":498,""y"":323,""t"":1973},{""x"":428,""y"":277,""t"":2090},{""x"":351,""y"":229,""t"":2195},{""x"":314,""y"":205,""t"":2309},{""x"":381,""y"":186,""t"":2436},{""x"":530,""y"":145,""t"":2558},{""x"":668,""y"":113,""t"":2661},{""x"":748,""y"":86,""t"":2778},{""x"":748,""y"":91,""t"":2901},{""x"":737,""y"":109,""t"":3004},{""x"":850,""y"":118,""t"":3126},{""x"":947,""y"":117,""t"":3243},{""x"":1009,""y"":107,""t"":3347},{""x"":1110,""y"":108,""t"":3477},{""x"":1214,""y"":119,""t"":3593},{""x"":1310,""y"":141,""t"":3696},{""x"":1330,""y"":222,""t"":3815},{""x"":1247,""y"":262,""t"":3921},{""x"":1120,""y"":281,""t"":4034},{""x"":974,""y"":317,""t"":4141},{""x"":822,""y"":302,""t"":4257},{""x"":707,""y"":295,""t"":4373},{""x"":607,""y"":285,""t"":4507},{""x"":499,""y"":257,""t"":4612},{""x"":465,""y"":219,""t"":4721},{""x"":394,""y"":213,""t"":4825},{""x"":377,""y"":215,""t"":4928},{""x"":390,""y"":218,""t"":5056},{""x"":432,""y"":185,""t"":5163},{""x"":485,""y"":170,""t"":5265},{""x"":522,""y"":193,""t"":5372},{""x"":497,""y"":191,""t"":5480},{""x"":433,""y"":239,""t"":5602},{""x"":420,""y"":233,""t"":5737},{""x"":516,""y"":235,""t"":5837},{""x"":550,""y"":211,""t"":5942},{""x"":577,""y"":239,""t"":6071},{""x"":606,""y"":204,""t"":6177},{""x"":634,""y"":231,""t"":6303},{""x"":637,""y"":238,""t"":6406},{""x"":642,""y"":238,""t"":6516}]",0,0.9552342453656083,0.04476575463439158,wa_b-last,0
19,1,81,exp_103,0.0,377.0,0.58,0.38,4.9,6.9,higher_p,higher_m,0,1,attributes,1.0,True,2.842,2.6220000000000003,0.2199999999999997,0.4837536146444009,0.5,0.5,0.4,0.6,1.0,1.0,higher_m,higher_m,True,"{""durations"":[1000,1500,1000,1500],""alternatives"":[""all"",""all"",""all"",""all""],""attributes"":[""p"",""m"",""p"",""m""]}","[{""x"":705,""y"":312,""t"":-108},{""x"":751,""y"":296,""t"":1},{""x"":746,""y"":268,""t"":119},{""x"":694,""y"":271,""t"":224},{""x"":645,""y"":307,""t"":339},{""x"":740,""y"":288,""t"":455},{""x"":884,""y"":269,""t"":570},{""x"":1029,""y"":254,""t"":683},{""x"":1164,""y"":286,""t"":785},{""x"":1008,""y"":313,""t"":896},{""x"":882,""y"":332,""t"":1062},{""x"":779,""y"":306,""t"":1171},{""x"":706,""y"":294,""t"":1283},{""x"":650,""y"":296,""t"":1385},{""x"":579,""y"":293,""t"":1486},{""x"":685,""y"":237,""t"":1655},{""x"":772,""y"":170,""t"":1767},{""x"":825,""y"":133,""t"":1885},{""x"":798,""y"":132,""t"":2005},{""x"":803,""y"":128,""t"":2188},{""x"":862,""y"":117,""t"":2306},{""x"":927,""y"":131,""t"":2424},{""x"":992,""y"":188,""t"":2528},{""x"":1024,""y"":184,""t"":2748},{""x"":1048,""y"":170,""t"":2816},{""x"":1055,""y"":186,""t"":2977},{""x"":994,""y"":226,""t"":3105},{""x"":882,""y"":282,""t"":3227},{""x"":751,""y"":304,""t"":3355},{""x"":878,""y"":286,""t"":3485},{""x"":981,""y"":302,""t"":3605},{""x"":1075,""y"":355,""t"":3723},{""x"":960,""y"":361,""t"":3833},{""x"":850,""y"":365,""t"":3968},{""x"":736,""y"":338,""t"":4102},{""x"":612,""y"":316,""t"":4236},{""x"":713,""y"":268,""t"":4343},{""x"":783,""y"":220,""t"":4461},{""x"":770,""y"":174,""t"":4577},{""x"":777,""y"":154,""t"":4684},{""x"":672,""y"":313,""t"":4804},{""x"":473,""y"":457,""t"":4909},{""x"":543,""y"":506,""t"":5018},{""x"":543,""y"":537,""t"":5132},{""x"":625,""y"":499,""t"":5236},{""x"":637,""y"":502,""t"":5347},{""x"":637,""y"":474,""t"":5464},{""x"":672,""y"":433,""t"":5573},{""x"":692,""y"":386,""t"":5698},{""x"":721,""y"":354,""t"":5809},{""x"":744,""y"":349,""t"":5919},{""x"":739,""y"":288,""t"":6048},{""x"":725,""y"":295,""t"":6164},{""x"":740,""y"":247,""t"":6269},{""x"":709,""y"":209,""t"":6377}]",0,0.9019491405853937,0.0980508594146063,wa_b-last,0
19,1,82,exp_5,0.0,476.0,0.79,0.49,5.300000000000001,8.3,higher_p,higher_m,0,1,attributes,1.0,True,4.187000000000001,4.067,0.120000000000001,0.3808273136562317,0.5,0.5,0.4,0.6,1.0,0.0,higher_m,higher_p,True,"{""durations"":[1500,1000,1500,1000],""alternatives"":[""all"",""all"",""all"",""all""],""attributes"":[""m"",""p"",""m"",""p""]}","[{""x"":517,""y"":298,""t"":-114},{""x"":581,""y"":353,""t"":2},{""x"":520,""y"":358,""t"":136},{""x"":491,""y"":360,""t"":245},{""x"":449,""y"":359,""t"":362},{""x"":569,""y"":323,""t"":469},{""x"":707,""y"":236,""t"":632},{""x"":786,""y"":165,""t"":746},{""x"":883,""y"":84,""t"":857},{""x"":748,""y"":93,""t"":963},{""x"":633,""y"":109,""t"":1080},{""x"":586,""y"":169,""t"":1185},{""x"":519,""y"":237,""t"":1311},{""x"":485,""y"":304,""t"":1429},{""x"":498,""y"":345,""t"":1533},{""x"":477,""y"":398,""t"":1645},{""x"":440,""y"":406,""t"":1760},{""x"":442,""y"":451,""t"":1881},{""x"":433,""y"":455,""t"":1981},{""x"":629,""y"":381,""t"":2098},{""x"":772,""y"":358,""t"":2201},{""x"":880,""y"":321,""t"":2310},{""x"":982,""y"":282,""t"":2432},{""x"":896,""y"":333,""t"":2546},{""x"":797,""y"":336,""t"":2648},{""x"":684,""y"":343,""t"":2752},{""x"":640,""y"":377,""t"":2864},{""x"":569,""y"":336,""t"":2983},{""x"":582,""y"":286,""t"":3099},{""x"":711,""y"":236,""t"":3225},{""x"":754,""y"":188,""t"":3407},{""x"":823,""y"":127,""t"":3511},{""x"":669,""y"":138,""t"":3703},{""x"":576,""y"":143,""t"":3745},{""x"":541,""y"":184,""t"":3864},{""x"":545,""y"":220,""t"":3974},{""x"":519,""y"":292,""t"":4078},{""x"":484,""y"":404,""t"":4187},{""x"":460,""y"":487,""t"":4293},{""x"":467,""y"":541,""t"":4394},{""x"":460,""y"":551,""t"":4524},{""x"":434,""y"":544,""t"":4626},{""x"":455,""y"":528,""t"":4741},{""x"":613,""y"":458,""t"":4847},{""x"":778,""y"":436,""t"":4962},{""x"":888,""y"":396,""t"":5071},{""x"":1008,""y"":371,""t"":5182},{""x"":900,""y"":322,""t"":5302},{""x"":834,""y"":344,""t"":5409},{""x"":753,""y"":332,""t"":5535},{""x"":686,""y"":333,""t"":5650},{""x"":673,""y"":308,""t"":5783},{""x"":700,""y"":259,""t"":5896},{""x"":674,""y"":302,""t"":6015},{""x"":682,""y"":314,""t"":6128},{""x"":685,""y"":322,""t"":6229},{""x"":639,""y"":367,""t"":6342},{""x"":466,""y"":469,""t"":6452}]",0,0.9788663962467867,0.021133603753213215,wa_b-last,0
19,1,83,catch_19,1.0,442.0,0.48,0.59,3.1,4.8,dominated,dominant,1,1,attributes,1.0,True,1.488,2.832,-1.344,-1.1260137328105846,0.5,0.5,0.5,0.5,,1.0,,dominant,True,"{""durations"":[1250,1250,1250,1250],""attributes"":[""p"",""m"",""p"",""m""],""alternatives"":[""all"",""all"",""all"",""all""]}","[{""x"":616,""y"":363,""t"":-130},{""x"":621,""y"":361,""t"":-24},{""x"":578,""y"":327,""t"":0},{""x"":565,""y"":339,""t"":214},{""x"":528,""y"":360,""t"":320},{""x"":488,""y"":413,""t"":429},{""x"":435,""y"":430,""t"":536},{""x"":617,""y"":390,""t"":642},{""x"":793,""y"":375,""t"":766},{""x"":843,""y"":409,""t"":870},{""x"":795,""y"":442,""t"":973},{""x"":725,""y"":462,""t"":1079},{""x"":734,""y"":416,""t"":1182},{""x"":659,""y"":379,""t"":1301},{""x"":640,""y"":339,""t"":1413},{""x"":630,""y"":303,""t"":1529},{""x"":584,""y"":282,""t"":1641},{""x"":689,""y"":235,""t"":1742},{""x"":755,""y"":179,""t"":1861},{""x"":826,""y"":155,""t"":1963},{""x"":745,""y"":163,""t"":2069},{""x"":653,""y"":163,""t"":2172},{""x"":581,""y"":184,""t"":2275},{""x"":477,""y"":195,""t"":2392},{""x"":581,""y"":173,""t"":2493},{""x"":726,""y"":124,""t"":2599},{""x"":818,""y"":110,""t"":2706},{""x"":762,""y"":179,""t"":2823},{""x"":712,""y"":276,""t"":2975},{""x"":738,""y"":307,""t"":3092},{""x"":847,""y"":318,""t"":3192},{""x"":941,""y"":342,""t"":3293},{""x"":1030,""y"":357,""t"":3395},{""x"":962,""y"":373,""t"":3505},{""x"":942,""y"":364,""t"":3644},{""x"":857,""y"":392,""t"":3746},{""x"":746,""y"":346,""t"":3849},{""x"":648,""y"":306,""t"":3961},{""x"":502,""y"":323,""t"":4060},{""x"":422,""y"":285,""t"":4175},{""x"":527,""y"":235,""t"":4295},{""x"":654,""y"":187,""t"":4397},{""x"":736,""y"":141,""t"":4510},{""x"":815,""y"":126,""t"":4612},{""x"":798,""y"":128,""t"":4734},{""x"":678,""y"":155,""t"":4846},{""x"":584,""y"":168,""t"":4960},{""x"":492,""y"":173,""t"":5066},{""x"":481,""y"":160,""t"":5169},{""x"":403,""y"":213,""t"":5280},{""x"":403,""y"":204,""t"":5391},{""x"":372,""y"":237,""t"":5505},{""x"":366,""y"":239,""t"":5619},{""x"":425,""y"":247,""t"":5722},{""x"":511,""y"":220,""t"":5823},{""x"":526,""y"":221,""t"":5949},{""x"":497,""y"":274,""t"":6068},{""x"":511,""y"":275,""t"":6180},{""x"":447,""y"":292,""t"":6283},{""x"":468,""y"":307,""t"":6380}]",1,0.08817549499485366,0.9118245050051463,wa_b-last,0
19,1,84,exp_63,0.0,657.0,0.41,0.21,1.7999999999999998,6.2,higher_p,higher_m,0,1,attributes,1.0,True,0.7379999999999999,1.302,-0.5640000000000002,-0.3231885851028554,0.5,0.5,0.4,0.6,1.0,1.0,higher_m,higher_m,True,"{""durations"":[1000,1500,1000,1500],""alternatives"":[""all"",""all"",""all"",""all""],""attributes"":[""p"",""m"",""p"",""m""]}","[{""x"":488,""y"":218,""t"":-117},{""x"":506,""y"":218,""t"":3},{""x"":463,""y"":224,""t"":131},{""x"":443,""y"":230,""t"":250},{""x"":426,""y"":278,""t"":359},{""x"":400,""y"":334,""t"":484},{""x"":620,""y"":333,""t"":598},{""x"":794,""y"":311,""t"":703},{""x"":969,""y"":326,""t"":807},{""x"":1068,""y"":328,""t"":908},{""x"":1154,""y"":303,""t"":1012},{""x"":1233,""y"":323,""t"":1135},{""x"":1332,""y"":329,""t"":1254},{""x"":1342,""y"":321,""t"":1372},{""x"":1343,""y"":278,""t"":1476},{""x"":1158,""y"":261,""t"":1592},{""x"":939,""y"":259,""t"":1711},{""x"":776,""y"":244,""t"":1838},{""x"":650,""y"":216,""t"":1943},{""x"":497,""y"":222,""t"":2056},{""x"":513,""y"":206,""t"":2161},{""x"":669,""y"":148,""t"":2274},{""x"":750,""y"":121,""t"":2389},{""x"":841,""y"":112,""t"":2511},{""x"":910,""y"":85,""t"":2625},{""x"":978,""y"":76,""t"":2729},{""x"":853,""y"":147,""t"":2842},{""x"":788,""y"":234,""t"":2950},{""x"":903,""y"":281,""t"":3079},{""x"":1026,""y"":309,""t"":3192},{""x"":1073,""y"":346,""t"":3300},{""x"":1107,""y"":333,""t"":3409},{""x"":999,""y"":353,""t"":3523},{""x"":894,""y"":376,""t"":3851},{""x"":809,""y"":344,""t"":4045},{""x"":706,""y"":297,""t"":4080},{""x"":625,""y"":262,""t"":4188},{""x"":607,""y"":224,""t"":4291},{""x"":573,""y"":246,""t"":4391},{""x"":640,""y"":267,""t"":4511},{""x"":713,""y"":266,""t"":4629},{""x"":820,""y"":251,""t"":4734},{""x"":624,""y"":405,""t"":4838},{""x"":533,""y"":527,""t"":4943},{""x"":554,""y"":573,""t"":5059},{""x"":611,""y"":598,""t"":5165},{""x"":675,""y"":626,""t"":5268},{""x"":686,""y"":666,""t"":5371},{""x"":824,""y"":524,""t"":5479},{""x"":895,""y"":431,""t"":5586},{""x"":981,""y"":354,""t"":5715},{""x"":992,""y"":329,""t"":5818},{""x"":970,""y"":317,""t"":5922},{""x"":979,""y"":291,""t"":6026},{""x"":771,""y"":350,""t"":6131},{""x"":845,""y"":390,""t"":6246},{""x"":910,""y"":413,""t"":6353},{""x"":977,""y"":367,""t"":6474},{""x"":961,""y"":382,""t"":6575},{""x"":982,""y"":392,""t"":6681}]",1,0.8223297008740171,0.17767029912598287,wa_b-last,0
19,1,85,exp_11,0.0,441.0,0.7,0.29,1.7999999999999998,5.0,higher_p,higher_m,0,1,attributes,1.0,True,1.2599999999999998,1.45,-0.1900000000000001,0.0617557805929021,0.5,0.5,0.6,0.4,0.0,0.0,higher_p,higher_p,True,"{""durations"":[1000,1500,1000,1500],""alternatives"":[""all"",""all"",""all"",""all""],""attributes"":[""m"",""p"",""m"",""p""]}","[{""x"":701,""y"":368,""t"":-114},{""x"":631,""y"":364,""t"":1},{""x"":594,""y"":363,""t"":129},{""x"":574,""y"":362,""t"":232},{""x"":530,""y"":401,""t"":349},{""x"":678,""y"":355,""t"":451},{""x"":777,""y"":280,""t"":555},{""x"":850,""y"":246,""t"":676},{""x"":945,""y"":215,""t"":780},{""x"":977,""y"":201,""t"":902},{""x"":1048,""y"":178,""t"":1011},{""x"":1054,""y"":176,""t"":1124},{""x"":946,""y"":189,""t"":1248},{""x"":790,""y"":203,""t"":1353},{""x"":722,""y"":271,""t"":1472},{""x"":669,""y"":308,""t"":1576},{""x"":600,""y"":376,""t"":1708},{""x"":557,""y"":394,""t"":1886},{""x"":677,""y"":379,""t"":2012},{""x"":773,""y"":342,""t"":2048},{""x"":916,""y"":336,""t"":2250},{""x"":856,""y"":349,""t"":2284},{""x"":784,""y"":331,""t"":2387},{""x"":698,""y"":321,""t"":2522},{""x"":645,""y"":297,""t"":2624},{""x"":628,""y"":282,""t"":2749},{""x"":574,""y"":288,""t"":2861},{""x"":514,""y"":309,""t"":2973},{""x"":486,""y"":292,""t"":3072},{""x"":544,""y"":247,""t"":3198},{""x"":672,""y"":193,""t"":3310},{""x"":776,""y"":168,""t"":3430},{""x"":890,""y"":146,""t"":3532},{""x"":963,""y"":163,""t"":3748},{""x"":1054,""y"":132,""t"":3776},{""x"":1088,""y"":106,""t"":3901},{""x"":1185,""y"":176,""t"":4011},{""x"":1249,""y"":267,""t"":4116},{""x"":1257,""y"":303,""t"":4219},{""x"":1190,""y"":342,""t"":4330},{""x"":1043,""y"":366,""t"":4432},{""x"":883,""y"":407,""t"":4535},{""x"":746,""y"":407,""t"":4637},{""x"":644,""y"":350,""t"":4737},{""x"":521,""y"":348,""t"":4859},{""x"":449,""y"":322,""t"":4973},{""x"":399,""y"":308,""t"":5072},{""x"":392,""y"":342,""t"":5174},{""x"":402,""y"":322,""t"":5282},{""x"":454,""y"":354,""t"":5408},{""x"":496,""y"":334,""t"":5529},{""x"":526,""y"":329,""t"":5642},{""x"":589,""y"":316,""t"":5748},{""x"":595,""y"":331,""t"":5853},{""x"":583,""y"":335,""t"":5961},{""x"":541,""y"":360,""t"":6065},{""x"":551,""y"":329,""t"":6189},{""x"":516,""y"":345,""t"":6299}]",0,0.9956147592348669,0.0043852407651332,wa_b-last,0
19,1,86,catch_17,1.0,334.0,0.4,0.68,2.2,3.0,dominated,dominant,1,1,attributes,1.0,True,0.8800000000000001,2.04,-1.16,-0.9366293389923512,0.5,0.5,0.5,0.5,,1.0,,dominant,True,"{""durations"":[1250,1250,1250,1250],""attributes"":[""p"",""m"",""p"",""m""],""alternatives"":[""all"",""all"",""all"",""all""]}","[{""x"":460,""y"":290,""t"":-100},{""x"":515,""y"":237,""t"":2},{""x"":518,""y"":266,""t"":113},{""x"":518,""y"":269,""t"":227},{""x"":519,""y"":300,""t"":333},{""x"":493,""y"":346,""t"":439},{""x"":539,""y"":356,""t"":547},{""x"":737,""y"":351,""t"":653},{""x"":885,""y"":382,""t"":766},{""x"":1061,""y"":403,""t"":891},{""x"":1120,""y"":408,""t"":990},{""x"":1089,""y"":429,""t"":1110},{""x"":1009,""y"":436,""t"":1213},{""x"":898,""y"":386,""t"":1315},{""x"":804,""y"":378,""t"":1433},{""x"":705,""y"":363,""t"":1548},{""x"":664,""y"":342,""t"":1717},{""x"":578,""y"":354,""t"":1828},{""x"":706,""y"":267,""t"":1950},{""x"":816,""y"":231,""t"":2076},{""x"":872,""y"":198,""t"":2202},{""x"":891,""y"":151,""t"":2312},{""x"":834,""y"":154,""t"":2420},{""x"":784,""y"":214,""t"":2456},{""x"":698,""y"":255,""t"":2575},{""x"":726,""y"":296,""t"":2680},{""x"":610,""y"":311,""t"":2784},{""x"":579,""y"":372,""t"":2915},{""x"":613,""y"":416,""t"":3016},{""x"":600,""y"":455,""t"":3123},{""x"":756,""y"":443,""t"":3232},{""x"":887,""y"":440,""t"":3341},{""x"":972,""y"":447,""t"":3444},{""x"":1008,""y"":445,""t"":3547},{""x"":954,""y"":388,""t"":3649},{""x"":838,""y"":380,""t"":3771},{""x"":803,""y"":315,""t"":3872},{""x"":846,""y"":248,""t"":3977},{""x"":708,""y"":223,""t"":4094},{""x"":573,""y"":230,""t"":4199},{""x"":469,""y"":229,""t"":4320},{""x"":390,""y"":217,""t"":4431},{""x"":328,""y"":221,""t"":4592},{""x"":471,""y"":152,""t"":4708},{""x"":646,""y"":122,""t"":4747},{""x"":641,""y"":129,""t"":4925},{""x"":618,""y"":258,""t"":5038},{""x"":606,""y"":376,""t"":5076},{""x"":628,""y"":400,""t"":5181},{""x"":646,""y"":415,""t"":5283},{""x"":586,""y"":439,""t"":5408},{""x"":555,""y"":409,""t"":5513},{""x"":549,""y"":406,""t"":5633},{""x"":599,""y"":382,""t"":5766},{""x"":624,""y"":352,""t"":5867},{""x"":698,""y"":311,""t"":5971},{""x"":650,""y"":312,""t"":6085},{""x"":564,""y"":310,""t"":6210},{""x"":566,""y"":311,""t"":6317},{""x"":551,""y"":282,""t"":6422}]",1,0.009721592612126998,0.9902784073878731,wa_b-last,0
19,1,87,exp_72,0.0,548.0,0.8,0.2,4.0,6.799999999999999,higher_p,higher_m,0,1,alternatives,0.0,False,3.2,1.36,1.8400000000000003,2.151159690652763,0.6,0.4,0.5,0.5,0.0,1.0,higher_p,higher_m,True,"{""durations"":[1500,1000,1500,1000],""alternatives"":[0,1,0,1],""attributes"":[""all"",""all"",""all"",""all""]}","[{""x"":611,""y"":299,""t"":-102},{""x"":591,""y"":302,""t"":1},{""x"":553,""y"":306,""t"":137},{""x"":543,""y"":323,""t"":240},{""x"":492,""y"":311,""t"":340},{""x"":450,""y"":361,""t"":446},{""x"":432,""y"":397,""t"":554},{""x"":434,""y"":430,""t"":677},{""x"":423,""y"":388,""t"":791},{""x"":419,""y"":387,""t"":901},{""x"":453,""y"":383,""t"":1022},{""x"":468,""y"":365,""t"":1127},{""x"":460,""y"":366,""t"":1233},{""x"":473,""y"":363,""t"":1351},{""x"":492,""y"":356,""t"":1498},{""x"":515,""y"":356,""t"":1606},{""x"":503,""y"":394,""t"":1725},{""x"":636,""y"":317,""t"":1828},{""x"":765,""y"":268,""t"":1939},{""x"":831,""y"":250,""t"":2066},{""x"":984,""y"":223,""t"":2181},{""x"":1098,""y"":234,""t"":2303},{""x"":1230,""y"":244,""t"":2407},{""x"":1197,""y"":206,""t"":2666},{""x"":1267,""y"":166,""t"":2694},{""x"":1200,""y"":138,""t"":2816},{""x"":1113,""y"":130,""t"":2917},{""x"":981,""y"":144,""t"":3040},{""x"":835,""y"":133,""t"":3140},{""x"":722,""y"":164,""t"":3245},{""x"":642,""y"":243,""t"":3349},{""x"":584,""y"":343,""t"":3454},{""x"":584,""y"":436,""t"":3565},{""x"":575,""y"":489,""t"":3673},{""x"":547,""y"":505,""t"":3775},{""x"":520,""y"":549,""t"":3879},{""x"":565,""y"":573,""t"":3977},{""x"":577,""y"":581,""t"":4081},{""x"":613,""y"":568,""t"":4190},{""x"":691,""y"":473,""t"":4305},{""x"":813,""y"":393,""t"":4433},{""x"":880,""y"":308,""t"":4541},{""x"":1007,""y"":289,""t"":4651},{""x"":1061,""y"":277,""t"":4751},{""x"":1125,""y"":336,""t"":4881},{""x"":881,""y"":420,""t"":4989},{""x"":809,""y"":459,""t"":5090},{""x"":743,""y"":475,""t"":5195},{""x"":690,""y"":467,""t"":5309},{""x"":622,""y"":425,""t"":5500},{""x"":567,""y"":410,""t"":5535},{""x"":585,""y"":396,""t"":5651},{""x"":632,""y"":393,""t"":5756},{""x"":689,""y"":381,""t"":5860},{""x"":674,""y"":353,""t"":5970},{""x"":650,""y"":353,""t"":6080},{""x"":646,""y"":341,""t"":6259},{""x"":477,""y"":450,""t"":6391},{""x"":554,""y"":464,""t"":6427}]",0,0.9996573872953948,0.0003426127046052885,wa_b-last,0
19,1,88,exp_61,0.0,680.0,0.41,0.21,1.7999999999999998,6.2,higher_p,higher_m,0,1,attributes,1.0,True,0.7379999999999999,1.302,-0.5640000000000002,-0.3231885851028554,0.5,0.5,0.4,0.6,1.0,0.0,higher_m,higher_p,True,"{""durations"":[1500,1000,1500,1000],""alternatives"":[""all"",""all"",""all"",""all""],""attributes"":[""m"",""p"",""m"",""p""]}","[{""x"":712,""y"":400,""t"":-112},{""x"":690,""y"":382,""t"":2},{""x"":646,""y"":345,""t"":141},{""x"":615,""y"":338,""t"":246},{""x"":557,""y"":326,""t"":345},{""x"":549,""y"":302,""t"":459},{""x"":559,""y"":295,""t"":562},{""x"":494,""y"":296,""t"":674},{""x"":465,""y"":277,""t"":785},{""x"":620,""y"":217,""t"":899},{""x"":706,""y"":191,""t"":1001},{""x"":842,""y"":188,""t"":1104},{""x"":832,""y"":208,""t"":1209},{""x"":826,""y"":240,""t"":1336},{""x"":729,""y"":269,""t"":1435},{""x"":688,""y"":258,""t"":1535},{""x"":619,""y"":278,""t"":1646},{""x"":595,""y"":267,""t"":1781},{""x"":556,""y"":309,""t"":1900},{""x"":590,""y"":356,""t"":2020},{""x"":755,""y"":355,""t"":2130},{""x"":907,""y"":365,""t"":2236},{""x"":1064,""y"":379,""t"":2360},{""x"":1162,""y"":420,""t"":2478},{""x"":1211,""y"":446,""t"":2594},{""x"":1283,""y"":427,""t"":2698},{""x"":1319,""y"":417,""t"":2801},{""x"":1365,""y"":402,""t"":2926},{""x"":1440,""y"":301,""t"":3030},{""x"":1465,""y"":247,""t"":3150},{""x"":1253,""y"":234,""t"":3255},{""x"":1055,""y"":202,""t"":3359},{""x"":893,""y"":184,""t"":3463},{""x"":842,""y"":227,""t"":3566},{""x"":887,""y"":223,""t"":3674},{""x"":931,""y"":196,""t"":3797},{""x"":984,""y"":197,""t"":3904},{""x"":811,""y"":308,""t"":4068},{""x"":933,""y"":304,""t"":4189},{""x"":1005,""y"":281,""t"":4236},{""x"":998,""y"":286,""t"":4377},{""x"":1039,""y"":310,""t"":4487},{""x"":1062,""y"":357,""t"":4625},{""x"":959,""y"":399,""t"":4774},{""x"":812,""y"":459,""t"":4875},{""x"":739,""y"":479,""t"":5001},{""x"":818,""y"":471,""t"":5125},{""x"":933,""y"":460,""t"":5274},{""x"":1053,""y"":463,""t"":5378},{""x"":1065,""y"":438,""t"":5476},{""x"":1025,""y"":396,""t"":5577},{""x"":1000,""y"":308,""t"":5704},{""x"":910,""y"":276,""t"":5812},{""x"":921,""y"":255,""t"":5928},{""x"":849,""y"":327,""t"":6051},{""x"":784,""y"":396,""t"":6154},{""x"":852,""y"":381,""t"":6259},{""x"":836,""y"":364,""t"":6367},{""x"":847,""y"":372,""t"":6507},{""x"":896,""y"":350,""t"":6617},{""x"":728,""y"":396,""t"":6717}]",0,0.8741047807502845,0.12589521924971556,wa_b-last,0
19,1,89,exp_2,0.0,381.0,0.79,0.49,5.300000000000001,8.3,higher_p,higher_m,0,1,alternatives,0.0,False,4.187000000000001,4.067,0.120000000000001,0.3808273136562317,0.6,0.4,0.5,0.5,0.0,0.0,higher_p,higher_p,True,"{""durations"":[1000,1500,1000,1500],""alternatives"":[1,0,1,0],""attributes"":[""all"",""all"",""all"",""all""]}","[{""x"":679,""y"":366,""t"":-34},{""x"":679,""y"":350,""t"":2},{""x"":681,""y"":335,""t"":127},{""x"":646,""y"":305,""t"":226},{""x"":599,""y"":311,""t"":329},{""x"":571,""y"":342,""t"":428},{""x"":566,""y"":391,""t"":531},{""x"":532,""y"":425,""t"":644},{""x"":493,""y"":484,""t"":752},{""x"":482,""y"":436,""t"":859},{""x"":455,""y"":379,""t"":961},{""x"":482,""y"":326,""t"":1069},{""x"":450,""y"":295,""t"":1173},{""x"":478,""y"":302,""t"":1290},{""x"":536,""y"":366,""t"":1393},{""x"":737,""y"":347,""t"":1495},{""x"":912,""y"":365,""t"":1599},{""x"":1068,""y"":373,""t"":1705},{""x"":1197,""y"":365,""t"":1826},{""x"":1236,""y"":322,""t"":2037},{""x"":1250,""y"":269,""t"":2084},{""x"":1241,""y"":240,""t"":2196},{""x"":1298,""y"":174,""t"":2297},{""x"":1278,""y"":132,""t"":2397},{""x"":1264,""y"":109,""t"":2504},{""x"":1304,""y"":128,""t"":2630},{""x"":1360,""y"":169,""t"":2744},{""x"":1136,""y"":216,""t"":2853},{""x"":961,""y"":190,""t"":2969},{""x"":830,""y"":226,""t"":3074},{""x"":701,""y"":218,""t"":3202},{""x"":597,""y"":228,""t"":3309},{""x"":453,""y"":257,""t"":3407},{""x"":427,""y"":334,""t"":3512},{""x"":422,""y"":421,""t"":3620},{""x"":390,""y"":495,""t"":3744},{""x"":531,""y"":491,""t"":3869},{""x"":606,""y"":447,""t"":3998},{""x"":765,""y"":389,""t"":4106},{""x"":825,""y"":357,""t"":4210},{""x"":865,""y"":291,""t"":4314},{""x"":717,""y"":322,""t"":4441},{""x"":690,""y"":422,""t"":4577},{""x"":803,""y"":479,""t"":4689},{""x"":906,""y"":493,""t"":4790},{""x"":956,""y"":519,""t"":4894},{""x"":980,""y"":544,""t"":5021},{""x"":1035,""y"":561,""t"":5263},{""x"":1090,""y"":500,""t"":5306},{""x"":1124,""y"":426,""t"":5411},{""x"":1198,""y"":353,""t"":5512},{""x"":1161,""y"":311,""t"":5662},{""x"":1160,""y"":276,""t"":5784},{""x"":1149,""y"":265,""t"":5896},{""x"":1084,""y"":277,""t"":6019},{""x"":1003,""y"":301,""t"":6127},{""x"":877,""y"":326,""t"":6229},{""x"":795,""y"":360,""t"":6334}]",0,0.9788663962467867,0.021133603753213215,wa_b-last,0
19,1,90,exp_6,0.0,576.0,0.79,0.49,5.300000000000001,8.3,higher_p,higher_m,0,1,alternatives,0.0,False,4.187000000000001,4.067,0.120000000000001,0.3808273136562317,0.4,0.6,0.5,0.5,1.0,1.0,higher_m,higher_m,True,"{""durations"":[1000,1500,1000,1500],""alternatives"":[0,1,0,1],""attributes"":[""all"",""all"",""all"",""all""]}","[{""x"":532,""y"":485,""t"":-101},{""x"":512,""y"":477,""t"":1},{""x"":554,""y"":442,""t"":122},{""x"":566,""y"":399,""t"":255},{""x"":638,""y"":378,""t"":379},{""x"":670,""y"":331,""t"":543},{""x"":836,""y"":322,""t"":645},{""x"":965,""y"":317,""t"":757},{""x"":1037,""y"":333,""t"":792},{""x"":1100,""y"":288,""t"":925},{""x"":1102,""y"":271,""t"":1028},{""x"":1171,""y"":251,""t"":1128},{""x"":1258,""y"":288,""t"":1237},{""x"":1251,""y"":354,""t"":1341},{""x"":1177,""y"":361,""t"":1449},{""x"":1030,""y"":364,""t"":1577},{""x"":882,""y"":427,""t"":1678},{""x"":766,""y"":404,""t"":1804},{""x"":658,""y"":357,""t"":1901},{""x"":616,""y"":357,""t"":2008},{""x"":517,""y"":315,""t"":2130},{""x"":461,""y"":305,""t"":2231},{""x"":447,""y"":288,""t"":2336},{""x"":463,""y"":311,""t"":2451},{""x"":458,""y"":369,""t"":2554},{""x"":481,""y"":397,""t"":2661},{""x"":456,""y"":445,""t"":2784},{""x"":487,""y"":463,""t"":2901},{""x"":679,""y"":405,""t"":3004},{""x"":827,""y"":369,""t"":3108},{""x"":984,""y"":341,""t"":3208},{""x"":1050,""y"":265,""t"":3340},{""x"":1060,""y"":213,""t"":3442},{""x"":1040,""y"":170,""t"":3546},{""x"":1034,""y"":139,""t"":3647},{""x"":1074,""y"":151,""t"":3753},{""x"":1141,""y"":176,""t"":3860},{""x"":1188,""y"":205,""t"":3979},{""x"":1212,""y"":229,""t"":4088},{""x"":1103,""y"":219,""t"":4193},{""x"":1003,""y"":240,""t"":4293},{""x"":884,""y"":239,""t"":4394},{""x"":749,""y"":218,""t"":4518},{""x"":607,""y"":210,""t"":4624},{""x"":488,""y"":180,""t"":4728},{""x"":411,""y"":185,""t"":4834},{""x"":507,""y"":198,""t"":4938},{""x"":556,""y"":208,""t"":5045},{""x"":549,""y"":343,""t"":5161},{""x"":676,""y"":403,""t"":5268},{""x"":791,""y"":421,""t"":5371},{""x"":935,""y"":438,""t"":5482},{""x"":977,""y"":429,""t"":5602},{""x"":962,""y"":397,""t"":5736},{""x"":918,""y"":397,""t"":5846},{""x"":941,""y"":386,""t"":5951},{""x"":904,""y"":389,""t"":6061},{""x"":932,""y"":391,""t"":6164},{""x"":940,""y"":390,""t"":6268},{""x"":902,""y"":374,""t"":6385},{""x"":898,""y"":406,""t"":6494}]",0,0.9686288349205197,0.031371165079480276,wa_b-last,0
19,1,91,exp_51,0.0,598.0,0.49,0.32,6.9,8.2,higher_p,higher_m,0,1,attributes,1.0,True,3.381,2.624,0.7570000000000006,1.0364678509508771,0.5,0.5,0.6,0.4,0.0,0.0,higher_p,higher_p,True,"{""durations"":[1000,1500,1000,1500],""alternatives"":[""all"",""all"",""all"",""all""],""attributes"":[""m"",""p"",""m"",""p""]}","[{""x"":749,""y"":369,""t"":-26},{""x"":762,""y"":305,""t"":1},{""x"":699,""y"":327,""t"":137},{""x"":669,""y"":293,""t"":250},{""x"":627,""y"":288,""t"":380},{""x"":659,""y"":261,""t"":488},{""x"":783,""y"":209,""t"":609},{""x"":765,""y"":229,""t"":735},{""x"":648,""y"":241,""t"":842},{""x"":519,""y"":242,""t"":961},{""x"":442,""y"":242,""t"":1075},{""x"":510,""y"":299,""t"":1191},{""x"":626,""y"":291,""t"":1333},{""x"":678,""y"":301,""t"":1436},{""x"":660,""y"":353,""t"":1570},{""x"":757,""y"":383,""t"":1672},{""x"":860,""y"":390,""t"":1783},{""x"":1006,""y"":372,""t"":1913},{""x"":930,""y"":393,""t"":2031},{""x"":830,""y"":420,""t"":2133},{""x"":774,""y"":445,""t"":2238},{""x"":720,""y"":462,""t"":2366},{""x"":703,""y"":492,""t"":2477},{""x"":642,""y"":456,""t"":2609},{""x"":603,""y"":427,""t"":2710},{""x"":523,""y"":395,""t"":2851},{""x"":546,""y"":358,""t"":2973},{""x"":522,""y"":335,""t"":3079},{""x"":620,""y"":254,""t"":3207},{""x"":673,""y"":195,""t"":3313},{""x"":717,""y"":150,""t"":3422},{""x"":629,""y"":272,""t"":3531},{""x"":656,""y"":365,""t"":3655},{""x"":685,""y"":378,""t"":3785},{""x"":641,""y"":426,""t"":3907},{""x"":626,""y"":440,""t"":4032},{""x"":611,""y"":464,""t"":4144},{""x"":649,""y"":468,""t"":4250},{""x"":620,""y"":527,""t"":4360},{""x"":615,""y"":530,""t"":4501},{""x"":627,""y"":555,""t"":4605},{""x"":626,""y"":544,""t"":4722},{""x"":604,""y"":541,""t"":4831},{""x"":587,""y"":495,""t"":4946},{""x"":583,""y"":446,""t"":5081},{""x"":547,""y"":453,""t"":5192},{""x"":569,""y"":414,""t"":5297},{""x"":510,""y"":392,""t"":5405},{""x"":466,""y"":405,""t"":5507},{""x"":430,""y"":407,""t"":5655},{""x"":589,""y"":387,""t"":5759},{""x"":653,""y"":397,""t"":5861},{""x"":634,""y"":397,""t"":5984},{""x"":626,""y"":423,""t"":6107},{""x"":630,""y"":421,""t"":6237},{""x"":602,""y"":425,""t"":6343},{""x"":533,""y"":496,""t"":6446},{""x"":369,""y"":592,""t"":6564}]",0,0.9149640588615277,0.08503594113847233,wa_b-last,0
19,1,92,exp_100,0.0,459.0,0.58,0.38,4.9,6.9,higher_p,higher_m,0,1,alternatives,0.0,False,2.842,2.6220000000000003,0.2199999999999997,0.4837536146444009,0.4,0.6,0.5,0.5,1.0,0.0,higher_m,higher_p,True,"{""durations"":[1500,1000,1500,1000],""alternatives"":[1,0,1,0],""attributes"":[""all"",""all"",""all"",""all""]}","[{""x"":622,""y"":427,""t"":-106},{""x"":612,""y"":394,""t"":2},{""x"":603,""y"":371,""t"":133},{""x"":618,""y"":350,""t"":234},{""x"":595,""y"":303,""t"":353},{""x"":582,""y"":350,""t"":455},{""x"":604,""y"":403,""t"":577},{""x"":592,""y"":451,""t"":714},{""x"":577,""y"":391,""t"":821},{""x"":613,""y"":362,""t"":940},{""x"":607,""y"":351,""t"":1060},{""x"":605,""y"":305,""t"":1236},{""x"":698,""y"":249,""t"":1360},{""x"":857,""y"":214,""t"":1400},{""x"":953,""y"":205,""t"":1522},{""x"":1024,""y"":208,""t"":1631},{""x"":1068,""y"":226,""t"":1756},{""x"":1131,""y"":219,""t"":1863},{""x"":1207,""y"":241,""t"":1983},{""x"":1240,""y"":305,""t"":2114},{""x"":1225,""y"":253,""t"":2237},{""x"":1224,""y"":237,""t"":2355},{""x"":1197,""y"":209,""t"":2477},{""x"":1169,""y"":187,""t"":2585},{""x"":1186,""y"":231,""t"":2707},{""x"":1185,""y"":296,""t"":2838},{""x"":1191,""y"":342,""t"":2948},{""x"":1057,""y"":355,""t"":3056},{""x"":884,""y"":423,""t"":3163},{""x"":805,""y"":440,""t"":3269},{""x"":708,""y"":449,""t"":3381},{""x"":582,""y"":398,""t"":3556},{""x"":513,""y"":393,""t"":3680},{""x"":452,""y"":386,""t"":3725},{""x"":437,""y"":419,""t"":3830},{""x"":450,""y"":404,""t"":3936},{""x"":454,""y"":408,""t"":4059},{""x"":633,""y"":362,""t"":4180},{""x"":797,""y"":323,""t"":4283},{""x"":907,""y"":311,""t"":4389},{""x"":954,""y"":267,""t"":4522},{""x"":1024,""y"":244,""t"":4647},{""x"":1076,""y"":270,""t"":4848},{""x"":1164,""y"":254,""t"":4886},{""x"":1175,""y"":210,""t"":5001},{""x"":1192,""y"":224,""t"":5107},{""x"":1133,""y"":235,""t"":5216},{""x"":958,""y"":256,""t"":5365},{""x"":875,""y"":267,""t"":5486},{""x"":771,""y"":313,""t"":5599},{""x"":744,""y"":300,""t"":5706},{""x"":749,""y"":331,""t"":5826},{""x"":735,""y"":325,""t"":5948},{""x"":775,""y"":317,""t"":6050},{""x"":788,""y"":354,""t"":6168},{""x"":572,""y"":460,""t"":6274}]",0,0.9324287580973843,0.06757124190261579,wa_b-last,0
19,1,93,exp_93,0.0,458.0,0.5,0.38,3.0,4.0,higher_p,higher_m,0,1,attributes,1.0,True,1.5,1.52,-0.02,0.236730492272792,0.5,0.5,0.4,0.6,1.0,0.0,higher_m,higher_p,True,"{""durations"":[1500,1000,1500,1000],""alternatives"":[""all"",""all"",""all"",""all""],""attributes"":[""m"",""p"",""m"",""p""]}","[{""x"":620,""y"":408,""t"":-97},{""x"":629,""y"":379,""t"":2},{""x"":636,""y"":361,""t"":120},{""x"":636,""y"":341,""t"":218},{""x"":618,""y"":311,""t"":319},{""x"":743,""y"":269,""t"":474},{""x"":847,""y"":239,""t"":595},{""x"":911,""y"":220,""t"":713},{""x"":839,""y"":222,""t"":817},{""x"":742,""y"":210,""t"":923},{""x"":708,""y"":230,""t"":1081},{""x"":672,""y"":235,""t"":1181},{""x"":607,""y"":293,""t"":1289},{""x"":556,""y"":324,""t"":1398},{""x"":490,""y"":357,""t"":1501},{""x"":474,""y"":383,""t"":1642},{""x"":488,""y"":372,""t"":1762},{""x"":489,""y"":397,""t"":1869},{""x"":470,""y"":387,""t"":1984},{""x"":656,""y"":351,""t"":2103},{""x"":845,""y"":348,""t"":2240},{""x"":1018,""y"":370,""t"":2423},{""x"":1176,""y"":366,""t"":2470},{""x"":1126,""y"":377,""t"":2581},{""x"":1010,""y"":363,""t"":2695},{""x"":887,""y"":358,""t"":2828},{""x"":824,""y"":313,""t"":2943},{""x"":711,""y"":289,""t"":3048},{""x"":767,""y"":245,""t"":3222},{""x"":851,""y"":188,""t"":3280},{""x"":910,""y"":171,""t"":3392},{""x"":855,""y"":178,""t"":3498},{""x"":737,""y"":176,""t"":3601},{""x"":628,""y"":195,""t"":3702},{""x"":685,""y"":217,""t"":3897},{""x"":621,""y"":276,""t"":3929},{""x"":617,""y"":291,""t"":4043},{""x"":651,""y"":294,""t"":4152},{""x"":598,""y"":325,""t"":4251},{""x"":612,""y"":327,""t"":4360},{""x"":634,""y"":350,""t"":4465},{""x"":630,""y"":404,""t"":4589},{""x"":665,""y"":442,""t"":4713},{""x"":694,""y"":469,""t"":4824},{""x"":780,""y"":504,""t"":5005},{""x"":939,""y"":490,""t"":5124},{""x"":998,""y"":476,""t"":5235},{""x"":1081,""y"":473,""t"":5269},{""x"":1029,""y"":452,""t"":5385},{""x"":926,""y"":461,""t"":5506},{""x"":855,""y"":477,""t"":5613},{""x"":741,""y"":477,""t"":5733},{""x"":744,""y"":431,""t"":5849},{""x"":725,""y"":385,""t"":5966},{""x"":707,""y"":372,""t"":6072},{""x"":614,""y"":395,""t"":6179},{""x"":561,""y"":404,""t"":6294},{""x"":580,""y"":409,""t"":6393},{""x"":615,""y"":391,""t"":6521}]",0,0.8472395136421833,0.15276048635781667,wa_b-last,0
19,1,94,exp_49,0.0,489.0,0.49,0.32,6.9,8.2,higher_p,higher_m,0,1,attributes,1.0,True,3.381,2.624,0.7570000000000006,1.0364678509508771,0.5,0.5,0.6,0.4,0.0,1.0,higher_p,higher_m,True,"{""durations"":[1500,1000,1500,1000],""alternatives"":[""all"",""all"",""all"",""all""],""attributes"":[""p"",""m"",""p"",""m""]}","[{""x"":523,""y"":347,""t"":-101},{""x"":559,""y"":315,""t"":2},{""x"":618,""y"":262,""t"":131},{""x"":677,""y"":262,""t"":243},{""x"":649,""y"":288,""t"":358},{""x"":784,""y"":326,""t"":477},{""x"":945,""y"":339,""t"":593},{""x"":1080,""y"":350,""t"":692},{""x"":1162,""y"":387,""t"":799},{""x"":1250,""y"":390,""t"":906},{""x"":1340,""y"":395,""t"":1034},{""x"":1321,""y"":386,""t"":1135},{""x"":1170,""y"":416,""t"":1237},{""x"":1028,""y"":429,""t"":1339},{""x"":889,""y"":384,""t"":1444},{""x"":993,""y"":354,""t"":1558},{""x"":1050,""y"":365,""t"":1698},{""x"":1134,""y"":367,""t"":1826},{""x"":1167,""y"":397,""t"":1927},{""x"":1124,""y"":329,""t"":2034},{""x"":990,""y"":296,""t"":2137},{""x"":751,""y"":306,""t"":2247},{""x"":630,""y"":272,""t"":2361},{""x"":504,""y"":274,""t"":2463},{""x"":570,""y"":218,""t"":2571},{""x"":567,""y"":215,""t"":2676},{""x"":618,""y"":186,""t"":2794},{""x"":582,""y"":181,""t"":2932},{""x"":640,""y"":148,""t"":3037},{""x"":657,""y"":230,""t"":3153},{""x"":771,""y"":254,""t"":3252},{""x"":916,""y"":305,""t"":3353},{""x"":996,""y"":353,""t"":3461},{""x"":1061,""y"":397,""t"":3572},{""x"":1108,""y"":431,""t"":3674},{""x"":1010,""y"":448,""t"":3788},{""x"":959,""y"":471,""t"":3897},{""x"":973,""y"":465,""t"":4000},{""x"":1021,""y"":475,""t"":4121},{""x"":1024,""y"":465,""t"":4235},{""x"":1087,""y"":418,""t"":4333},{""x"":1035,""y"":418,""t"":4434},{""x"":941,""y"":434,""t"":4542},{""x"":910,""y"":417,""t"":4648},{""x"":885,""y"":403,""t"":4779},{""x"":785,""y"":370,""t"":4955},{""x"":815,""y"":292,""t"":5074},{""x"":838,""y"":214,""t"":5217},{""x"":863,""y"":190,""t"":5337},{""x"":864,""y"":175,""t"":5384},{""x"":931,""y"":115,""t"":5491},{""x"":982,""y"":121,""t"":5594},{""x"":998,""y"":173,""t"":5709},{""x"":989,""y"":210,""t"":5818},{""x"":930,""y"":242,""t"":5930},{""x"":748,""y"":364,""t"":6058},{""x"":734,""y"":421,""t"":6169},{""x"":718,""y"":456,""t"":6289},{""x"":756,""y"":449,""t"":6463}]",0,0.8776403603719604,0.12235963962803958,wa_b-last,0
19,1,95,exp_38,1.0,1452.0,0.79,0.7,2.0,3.2,higher_p,higher_m,0,1,alternatives,0.0,False,1.58,2.24,-0.6599999999999997,-0.4219978340514986,0.4,0.6,0.5,0.5,1.0,1.0,higher_m,higher_m,False,"{""durations"":[1000,1500,1000,1500],""alternatives"":[0,1,0,1],""attributes"":[""all"",""all"",""all"",""all""]}","[{""x"":771,""y"":275,""t"":-115},{""x"":729,""y"":324,""t"":1},{""x"":768,""y"":310,""t"":126},{""x"":759,""y"":311,""t"":225},{""x"":759,""y"":319,""t"":324},{""x"":670,""y"":327,""t"":440},{""x"":617,""y"":366,""t"":547},{""x"":518,""y"":390,""t"":668},{""x"":450,""y"":421,""t"":775},{""x"":408,""y"":396,""t"":879},{""x"":366,""y"":429,""t"":1000},{""x"":403,""y"":455,""t"":1110},{""x"":416,""y"":489,""t"":1234},{""x"":486,""y"":490,""t"":1349},{""x"":621,""y"":452,""t"":1451},{""x"":798,""y"":441,""t"":1560},{""x"":945,""y"":420,""t"":1672},{""x"":1076,""y"":426,""t"":1795},{""x"":1125,""y"":412,""t"":1897},{""x"":1152,""y"":339,""t"":2006},{""x"":1198,""y"":312,""t"":2131},{""x"":1133,""y"":289,""t"":2255},{""x"":1164,""y"":270,""t"":2365},{""x"":1160,""y"":252,""t"":2477},{""x"":1162,""y"":241,""t"":2582},{""x"":1137,""y"":220,""t"":2684},{""x"":1154,""y"":242,""t"":2814},{""x"":1024,""y"":262,""t"":2924},{""x"":853,""y"":294,""t"":3040},{""x"":769,""y"":328,""t"":3147},{""x"":703,""y"":335,""t"":3257},{""x"":647,""y"":377,""t"":3380},{""x"":597,""y"":383,""t"":3484},{""x"":492,""y"":448,""t"":3587},{""x"":445,""y"":472,""t"":3692},{""x"":432,""y"":453,""t"":3812},{""x"":489,""y"":417,""t"":3939},{""x"":635,""y"":349,""t"":4052},{""x"":789,""y"":309,""t"":4170},{""x"":900,""y"":259,""t"":4298},{""x"":1008,""y"":244,""t"":4404},{""x"":1123,""y"":260,""t"":4510},{""x"":1192,""y"":310,""t"":4633},{""x"":1238,""y"":358,""t"":4738},{""x"":1315,""y"":405,""t"":4846},{""x"":1331,""y"":403,""t"":4956},{""x"":1265,""y"":431,""t"":5059},{""x"":1246,""y"":387,""t"":5178},{""x"":1180,""y"":311,""t"":5285},{""x"":1179,""y"":272,""t"":5391},{""x"":1069,""y"":210,""t"":5535},{""x"":1103,""y"":190,""t"":5642},{""x"":1096,""y"":167,""t"":5765},{""x"":1043,""y"":168,""t"":5867},{""x"":975,""y"":188,""t"":5977},{""x"":870,""y"":217,""t"":6074},{""x"":877,""y"":214,""t"":6173},{""x"":897,""y"":250,""t"":6295},{""x"":847,""y"":267,""t"":6478},{""x"":894,""y"":304,""t"":6513},{""x"":908,""y"":309,""t"":6626},{""x"":793,""y"":354,""t"":6730},{""x"":752,""y"":380,""t"":6845},{""x"":840,""y"":351,""t"":6979},{""x"":853,""y"":339,""t"":7086},{""x"":836,""y"":350,""t"":7204}]",0,0.69023148692093,0.3097685130790701,wa_b-last,0
19,1,96,exp_54,0.0,721.0,0.49,0.32,6.9,8.2,higher_p,higher_m,0,1,alternatives,0.0,False,3.381,2.624,0.7570000000000006,1.0364678509508771,0.4,0.6,0.5,0.5,1.0,1.0,higher_m,higher_m,True,"{""durations"":[1000,1500,1000,1500],""alternatives"":[0,1,0,1],""attributes"":[""all"",""all"",""all"",""all""]}","[{""x"":484,""y"":495,""t"":-105},{""x"":581,""y"":471,""t"":3},{""x"":544,""y"":464,""t"":143},{""x"":581,""y"":448,""t"":263},{""x"":757,""y"":453,""t"":388},{""x"":921,""y"":395,""t"":497},{""x"":1032,""y"":419,""t"":612},{""x"":1102,""y"":427,""t"":722},{""x"":1154,""y"":349,""t"":833},{""x"":1172,""y"":264,""t"":953},{""x"":1158,""y"":247,""t"":1058},{""x"":1194,""y"":177,""t"":1176},{""x"":1094,""y"":182,""t"":1299},{""x"":978,""y"":206,""t"":1407},{""x"":877,""y"":258,""t"":1542},{""x"":765,""y"":307,""t"":1655},{""x"":689,""y"":381,""t"":1766},{""x"":661,""y"":389,""t"":1875},{""x"":661,""y"":436,""t"":1985},{""x"":661,""y"":380,""t"":2113},{""x"":602,""y"":366,""t"":2228},{""x"":549,""y"":338,""t"":2337},{""x"":483,""y"":310,""t"":2442},{""x"":472,""y"":326,""t"":2547},{""x"":500,""y"":351,""t"":2680},{""x"":514,""y"":357,""t"":2804},{""x"":563,""y"":375,""t"":2929},{""x"":698,""y"":336,""t"":3042},{""x"":855,""y"":358,""t"":3140},{""x"":965,""y"":362,""t"":3244},{""x"":1013,""y"":293,""t"":3388},{""x"":1061,""y"":218,""t"":3494},{""x"":1090,""y"":195,""t"":3602},{""x"":1018,""y"":361,""t"":3706},{""x"":856,""y"":487,""t"":3812},{""x"":714,""y"":688,""t"":3937},{""x"":598,""y"":814,""t"":4054},{""x"":468,""y"":948,""t"":4159},{""x"":319,""y"":979,""t"":4266},{""x"":246,""y"":952,""t"":4370},{""x"":286,""y"":806,""t"":4482},{""x"":316,""y"":729,""t"":4612},{""x"":360,""y"":600,""t"":4720},{""x"":358,""y"":499,""t"":4843},{""x"":276,""y"":433,""t"":4948},{""x"":311,""y"":321,""t"":5054},{""x"":320,""y"":347,""t"":5173},{""x"":302,""y"":318,""t"":5282},{""x"":280,""y"":302,""t"":5475},{""x"":313,""y"":289,""t"":5521},{""x"":339,""y"":282,""t"":5645},{""x"":465,""y"":252,""t"":5768},{""x"":619,""y"":262,""t"":5874},{""x"":677,""y"":246,""t"":5995},{""x"":783,""y"":273,""t"":6102},{""x"":788,""y"":310,""t"":6231},{""x"":862,""y"":278,""t"":6363},{""x"":935,""y"":251,""t"":6472},{""x"":844,""y"":362,""t"":6573},{""x"":835,""y"":443,""t"":6678}]",0,0.8776403603719604,0.12235963962803958,wa_b-last,0
19,1,97,exp_17,0.0,577.0,0.28,0.17,4.3,8.3,higher_p,higher_m,0,1,attributes,1.0,True,1.204,1.4110000000000005,-0.2070000000000003,0.0442583094249129,0.5,0.5,0.6,0.4,0.0,1.0,higher_p,higher_m,True,"{""durations"":[1500,1000,1500,1000],""alternatives"":[""all"",""all"",""all"",""all""],""attributes"":[""p"",""m"",""p"",""m""]}","[{""x"":638,""y"":378,""t"":-101},{""x"":608,""y"":354,""t"":4},{""x"":638,""y"":330,""t"":136},{""x"":598,""y"":346,""t"":241},{""x"":589,""y"":392,""t"":374},{""x"":594,""y"":437,""t"":484},{""x"":729,""y"":445,""t"":692},{""x"":869,""y"":497,""t"":826},{""x"":951,""y"":496,""t"":867},{""x"":951,""y"":460,""t"":973},{""x"":836,""y"":475,""t"":1084},{""x"":973,""y"":480,""t"":1192},{""x"":1043,""y"":445,""t"":1303},{""x"":1072,""y"":402,""t"":1412},{""x"":1088,""y"":351,""t"":1522},{""x"":1076,""y"":269,""t"":1641},{""x"":996,""y"":214,""t"":1756},{""x"":892,""y"":199,""t"":1871},{""x"":774,""y"":212,""t"":1987},{""x"":849,""y"":166,""t"":2105},{""x"":909,""y"":148,""t"":2223},{""x"":800,""y"":153,""t"":2345},{""x"":656,""y"":145,""t"":2456},{""x"":554,""y"":266,""t"":2595},{""x"":543,""y"":313,""t"":2714},{""x"":550,""y"":326,""t"":2817},{""x"":637,""y"":301,""t"":2935},{""x"":631,""y"":300,""t"":3057},{""x"":574,""y"":343,""t"":3182},{""x"":518,""y"":386,""t"":3288},{""x"":686,""y"":347,""t"":3398},{""x"":830,""y"":349,""t"":3501},{""x"":939,""y"":359,""t"":3647},{""x"":1097,""y"":392,""t"":3753},{""x"":1124,""y"":374,""t"":3852},{""x"":1018,""y"":411,""t"":3969},{""x"":831,""y"":485,""t"":4072},{""x"":811,""y"":509,""t"":4202},{""x"":744,""y"":435,""t"":4373},{""x"":741,""y"":404,""t"":4485},{""x"":781,""y"":307,""t"":4528},{""x"":853,""y"":244,""t"":4629},{""x"":821,""y"":214,""t"":4833},{""x"":787,""y"":229,""t"":4863},{""x"":655,""y"":260,""t"":5032},{""x"":515,""y"":265,""t"":5069},{""x"":631,""y"":256,""t"":5171},{""x"":526,""y"":378,""t"":5335},{""x"":638,""y"":423,""t"":5447},{""x"":696,""y"":416,""t"":5553},{""x"":792,""y"":409,""t"":5666},{""x"":809,""y"":385,""t"":5776},{""x"":856,""y"":361,""t"":5927},{""x"":875,""y"":369,""t"":6029},{""x"":910,""y"":331,""t"":6133},{""x"":813,""y"":328,""t"":6238},{""x"":788,""y"":334,""t"":6342},{""x"":813,""y"":323,""t"":6480},{""x"":833,""y"":302,""t"":6577}]",0,0.5742683382865367,0.42573166171346344,wa_b-last,0
19,1,98,exp_79,0.0,568.0,0.8,0.2,4.0,6.799999999999999,higher_p,higher_m,0,1,attributes,1.0,True,3.2,1.36,1.8400000000000003,2.151159690652763,0.5,0.5,0.4,0.6,1.0,1.0,higher_m,higher_m,True,"{""durations"":[1000,1500,1000,1500],""alternatives"":[""all"",""all"",""all"",""all""],""attributes"":[""p"",""m"",""p"",""m""]}","[{""x"":599,""y"":352,""t"":-124},{""x"":591,""y"":349,""t"":21},{""x"":613,""y"":328,""t"":145},{""x"":560,""y"":389,""t"":315},{""x"":551,""y"":434,""t"":433},{""x"":614,""y"":441,""t"":612},{""x"":789,""y"":448,""t"":641},{""x"":970,""y"":445,""t"":765},{""x"":1046,""y"":450,""t"":954},{""x"":1111,""y"":428,""t"":987},{""x"":1197,""y"":395,""t"":1101},{""x"":1230,""y"":419,""t"":1282},{""x"":1274,""y"":419,""t"":1315},{""x"":1246,""y"":374,""t"":1426},{""x"":1078,""y"":367,""t"":1540},{""x"":1070,""y"":281,""t"":1904},{""x"":829,""y"":419,""t"":2020},{""x"":848,""y"":487,""t"":2129},{""x"":887,""y"":511,""t"":2229},{""x"":926,""y"":502,""t"":2330},{""x"":915,""y"":484,""t"":2630},{""x"":946,""y"":455,""t"":2678},{""x"":963,""y"":474,""t"":2799},{""x"":980,""y"":475,""t"":2903},{""x"":1020,""y"":463,""t"":3012},{""x"":1071,""y"":481,""t"":3120},{""x"":1100,""y"":502,""t"":3230},{""x"":1099,""y"":539,""t"":3359},{""x"":951,""y"":573,""t"":3528},{""x"":843,""y"":581,""t"":3637},{""x"":808,""y"":551,""t"":3676},{""x"":758,""y"":501,""t"":3796},{""x"":782,""y"":409,""t"":3918},{""x"":808,""y"":352,""t"":4026},{""x"":799,""y"":276,""t"":4129},{""x"":728,""y"":237,""t"":4232},{""x"":687,""y"":186,""t"":4337},{""x"":625,""y"":154,""t"":4448},{""x"":579,""y"":164,""t"":4580},{""x"":530,""y"":154,""t"":4766},{""x"":489,""y"":168,""t"":4805},{""x"":432,""y"":205,""t"":4913},{""x"":439,""y"":190,""t"":5019},{""x"":524,""y"":224,""t"":5119},{""x"":593,""y"":261,""t"":5226},{""x"":705,""y"":230,""t"":5338},{""x"":854,""y"":227,""t"":5452},{""x"":798,""y"":229,""t"":5563},{""x"":834,""y"":233,""t"":5662},{""x"":896,""y"":269,""t"":5766},{""x"":865,""y"":303,""t"":5884},{""x"":889,""y"":334,""t"":5988},{""x"":821,""y"":376,""t"":6107},{""x"":918,""y"":372,""t"":6211},{""x"":982,""y"":441,""t"":6314}]",0,0.9996573872953948,0.0003426127046052885,wa_b-last,0
19,1,99,exp_28,0.0,469.0,0.3,0.17,2.0,3.0,higher_p,higher_m,0,1,alternatives,0.0,False,0.6,0.51,0.0899999999999999,0.3499494233597795,0.4,0.6,0.5,0.5,1.0,0.0,higher_m,higher_p,True,"{""durations"":[1500,1000,1500,1000],""alternatives"":[1,0,1,0],""attributes"":[""all"",""all"",""all"",""all""]}","[{""x"":610,""y"":373,""t"":-105},{""x"":620,""y"":378,""t"":1},{""x"":592,""y"":361,""t"":177},{""x"":596,""y"":321,""t"":219},{""x"":740,""y"":253,""t"":319},{""x"":847,""y"":229,""t"":444},{""x"":971,""y"":228,""t"":547},{""x"":1048,""y"":255,""t"":647},{""x"":1033,""y"":209,""t"":749},{""x"":715,""y"":441,""t"":850},{""x"":541,""y"":531,""t"":979},{""x"":403,""y"":573,""t"":1083},{""x"":501,""y"":537,""t"":1266},{""x"":531,""y"":530,""t"":1310},{""x"":536,""y"":480,""t"":1417},{""x"":550,""y"":453,""t"":1561},{""x"":520,""y"":396,""t"":1666},{""x"":566,""y"":371,""t"":1792},{""x"":528,""y"":358,""t"":1901},{""x"":560,""y"":352,""t"":1998},{""x"":504,""y"":408,""t"":2142},{""x"":495,""y"":441,""t"":2271},{""x"":501,""y"":456,""t"":2390},{""x"":444,""y"":447,""t"":2502},{""x"":493,""y"":442,""t"":2618},{""x"":486,""y"":454,""t"":2736},{""x"":473,""y"":493,""t"":2857},{""x"":520,""y"":494,""t"":2968},{""x"":556,""y"":502,""t"":3069},{""x"":779,""y"":442,""t"":3167},{""x"":982,""y"":394,""t"":3274},{""x"":1121,""y"":314,""t"":3406},{""x"":1232,""y"":267,""t"":3508},{""x"":1216,""y"":214,""t"":3679},{""x"":1197,""y"":186,""t"":3722},{""x"":1217,""y"":175,""t"":3822},{""x"":1267,""y"":174,""t"":3943},{""x"":1317,""y"":190,""t"":4056},{""x"":1123,""y"":203,""t"":4223},{""x"":941,""y"":243,""t"":4269},{""x"":849,""y"":256,""t"":4395},{""x"":774,""y"":294,""t"":4513},{""x"":714,""y"":308,""t"":4626},{""x"":649,""y"":335,""t"":4737},{""x"":671,""y"":343,""t"":4839},{""x"":630,""y"":351,""t"":4943},{""x"":538,""y"":406,""t"":5134},{""x"":516,""y"":442,""t"":5248},{""x"":482,""y"":490,""t"":5284},{""x"":456,""y"":567,""t"":5456},{""x"":459,""y"":561,""t"":5569},{""x"":476,""y"":550,""t"":5607},{""x"":459,""y"":534,""t"":5750},{""x"":467,""y"":529,""t"":5864},{""x"":470,""y"":498,""t"":5970},{""x"":568,""y"":504,""t"":6079},{""x"":638,""y"":506,""t"":6202},{""x"":676,""y"":475,""t"":6324},{""x"":694,""y"":438,""t"":6439}]",0,0.8656256996662607,0.13437430033373932,wa_b-last,0
19,1,100,exp_87,0.0,526.0,0.61,0.29,2.2,8.1,higher_p,higher_m,0,1,attributes,1.0,True,1.342,2.349,-1.0069999999999997,-0.7791520984804501,0.5,0.5,0.4,0.6,1.0,1.0,higher_m,higher_m,True,"{""durations"":[1000,1500,1000,1500],""alternatives"":[""all"",""all"",""all"",""all""],""attributes"":[""p"",""m"",""p"",""m""]}","[{""x"":657,""y"":458,""t"":-110},{""x"":678,""y"":421,""t"":3},{""x"":700,""y"":428,""t"":146},{""x"":617,""y"":457,""t"":253},{""x"":557,""y"":447,""t"":354},{""x"":515,""y"":450,""t"":465},{""x"":685,""y"":461,""t"":653},{""x"":825,""y"":476,""t"":683},{""x"":954,""y"":489,""t"":790},{""x"":1072,""y"":478,""t"":892},{""x"":1219,""y"":454,""t"":995},{""x"":1218,""y"":421,""t"":1123},{""x"":1156,""y"":391,""t"":1245},{""x"":1050,""y"":370,""t"":1346},{""x"":1056,""y"":263,""t"":1452},{""x"":1093,""y"":220,""t"":1553},{""x"":1061,""y"":228,""t"":1657},{""x"":898,""y"":207,""t"":1773},{""x"":755,""y"":180,""t"":1879},{""x"":818,""y"":169,""t"":1977},{""x"":850,""y"":160,""t"":2082},{""x"":815,""y"":134,""t"":2202},{""x"":852,""y"":125,""t"":2324},{""x"":809,""y"":150,""t"":2431},{""x"":770,""y"":192,""t"":2533},{""x"":753,""y"":192,""t"":2633},{""x"":689,""y"":242,""t"":2738},{""x"":687,""y"":254,""t"":2857},{""x"":616,""y"":274,""t"":2975},{""x"":604,""y"":282,""t"":3087},{""x"":609,""y"":331,""t"":3263},{""x"":749,""y"":381,""t"":3312},{""x"":847,""y"":393,""t"":3428},{""x"":936,""y"":442,""t"":3595},{""x"":1038,""y"":508,""t"":3697},{""x"":1072,""y"":544,""t"":3799},{""x"":1071,""y"":532,""t"":3902},{""x"":1127,""y"":498,""t"":4021},{""x"":1139,""y"":479,""t"":4132},{""x"":1073,""y"":444,""t"":4257},{""x"":939,""y"":438,""t"":4370},{""x"":841,""y"":377,""t"":4471},{""x"":744,""y"":354,""t"":4577},{""x"":667,""y"":363,""t"":4677},{""x"":750,""y"":289,""t"":4883},{""x"":826,""y"":220,""t"":4918},{""x"":857,""y"":221,""t"":5024},{""x"":925,""y"":205,""t"":5149},{""x"":967,""y"":185,""t"":5253},{""x"":1023,""y"":154,""t"":5382},{""x"":1002,""y"":182,""t"":5483},{""x"":1019,""y"":206,""t"":5608},{""x"":908,""y"":224,""t"":5716},{""x"":911,""y"":287,""t"":5983},{""x"":876,""y"":317,""t"":6021},{""x"":873,""y"":304,""t"":6137},{""x"":891,""y"":315,""t"":6280},{""x"":644,""y"":510,""t"":6399}]",0,0.9478196848173036,0.052180315182696245,wa_b-last,0
19,1,101,catch_11,1.0,354.0,0.18,0.58,1.6999999999999995,5.0,dominated,dominant,1,1,attributes,1.0,True,0.3059999999999999,2.9,-2.594,-2.412592495162716,0.5,0.5,0.5,0.5,,1.0,,dominant,True,"{""durations"":[1250,1250,1250,1250],""attributes"":[""p"",""m"",""p"",""m""],""alternatives"":[""all"",""all"",""all"",""all""]}","[{""x"":586,""y"":497,""t"":-114},{""x"":677,""y"":391,""t"":2},{""x"":703,""y"":360,""t"":129},{""x"":755,""y"":294,""t"":234},{""x"":860,""y"":293,""t"":350},{""x"":907,""y"":306,""t"":452},{""x"":1019,""y"":298,""t"":630},{""x"":1137,""y"":291,""t"":664},{""x"":1237,""y"":277,""t"":773},{""x"":1307,""y"":325,""t"":944},{""x"":1219,""y"":399,""t"":1061},{""x"":998,""y"":449,""t"":1109},{""x"":927,""y"":476,""t"":1217},{""x"":880,""y"":521,""t"":1332},{""x"":810,""y"":531,""t"":1443},{""x"":810,""y"":527,""t"":1552},{""x"":857,""y"":424,""t"":1652},{""x"":810,""y"":368,""t"":1754},{""x"":830,""y"":302,""t"":1874},{""x"":759,""y"":266,""t"":1975},{""x"":829,""y"":225,""t"":2085},{""x"":825,""y"":208,""t"":2190},{""x"":723,""y"":176,""t"":2292},{""x"":721,""y"":171,""t"":2414},{""x"":750,""y"":131,""t"":2527},{""x"":761,""y"":170,""t"":2629},{""x"":746,""y"":144,""t"":2741},{""x"":782,""y"":139,""t"":2856},{""x"":764,""y"":155,""t"":2974},{""x"":806,""y"":144,""t"":3093},{""x"":882,""y"":185,""t"":3195},{""x"":977,""y"":199,""t"":3302},{""x"":1065,""y"":238,""t"":3404},{""x"":1112,""y"":279,""t"":3508},{""x"":1092,""y"":380,""t"":3616},{""x"":1061,""y"":444,""t"":3739},{""x"":998,""y"":499,""t"":3861},{""x"":962,""y"":446,""t"":4040},{""x"":944,""y"":412,""t"":4167},{""x"":915,""y"":383,""t"":4206},{""x"":869,""y"":358,""t"":4327},{""x"":904,""y"":349,""t"":4507},{""x"":921,""y"":294,""t"":4619},{""x"":923,""y"":269,""t"":4729},{""x"":858,""y"":262,""t"":4838},{""x"":874,""y"":247,""t"":4879},{""x"":887,""y"":207,""t"":4988},{""x"":890,""y"":191,""t"":5160},{""x"":921,""y"":168,""t"":5271},{""x"":914,""y"":175,""t"":5380},{""x"":871,""y"":147,""t"":5422},{""x"":855,""y"":165,""t"":5545},{""x"":845,""y"":170,""t"":5669},{""x"":831,""y"":145,""t"":5769},{""x"":809,""y"":188,""t"":5874},{""x"":749,""y"":212,""t"":5994},{""x"":729,""y"":255,""t"":6107},{""x"":694,""y"":352,""t"":6305}]",1,0.0007955742864133215,0.9992044257135866,wa_b-last,0
19,1,102,exp_56,0.0,545.0,0.41,0.21,1.7999999999999998,6.2,higher_p,higher_m,0,1,alternatives,0.0,False,0.7379999999999999,1.302,-0.5640000000000002,-0.3231885851028554,0.6,0.4,0.5,0.5,0.0,1.0,higher_p,higher_m,True,"{""durations"":[1500,1000,1500,1000],""alternatives"":[0,1,0,1],""attributes"":[""all"",""all"",""all"",""all""]}","[{""x"":579,""y"":633,""t"":-28},{""x"":644,""y"":601,""t"":2},{""x"":740,""y"":524,""t"":127},{""x"":687,""y"":499,""t"":258},{""x"":664,""y"":462,""t"":373},{""x"":723,""y"":457,""t"":490},{""x"":712,""y"":486,""t"":597},{""x"":720,""y"":500,""t"":694},{""x"":716,""y"":500,""t"":1001},{""x"":720,""y"":473,""t"":1107},{""x"":691,""y"":469,""t"":1208},{""x"":663,""y"":451,""t"":1350},{""x"":623,""y"":453,""t"":1454},{""x"":616,""y"":444,""t"":1564},{""x"":690,""y"":451,""t"":1683},{""x"":731,""y"":462,""t"":1802},{""x"":744,""y"":406,""t"":1911},{""x"":880,""y"":390,""t"":2015},{""x"":969,""y"":397,""t"":2134},{""x"":1160,""y"":380,""t"":2254},{""x"":1228,""y"":374,""t"":2357},{""x"":1290,""y"":355,""t"":2456},{""x"":1301,""y"":378,""t"":2554},{""x"":1259,""y"":399,""t"":2678},{""x"":1210,""y"":327,""t"":2800},{""x"":1220,""y"":258,""t"":2924},{""x"":1122,""y"":240,""t"":3027},{""x"":986,""y"":248,""t"":3132},{""x"":928,""y"":254,""t"":3252},{""x"":785,""y"":279,""t"":3369},{""x"":751,""y"":348,""t"":3491},{""x"":750,""y"":402,""t"":3605},{""x"":545,""y"":533,""t"":3704},{""x"":420,""y"":641,""t"":3809},{""x"":454,""y"":637,""t"":3984},{""x"":502,""y"":551,""t"":4100},{""x"":519,""y"":521,""t"":4148},{""x"":564,""y"":476,""t"":4255},{""x"":634,""y"":444,""t"":4358},{""x"":710,""y"":371,""t"":4475},{""x"":790,""y"":352,""t"":4594},{""x"":892,""y"":323,""t"":4793},{""x"":868,""y"":315,""t"":4838},{""x"":971,""y"":324,""t"":5024},{""x"":939,""y"":223,""t"":5057},{""x"":945,""y"":219,""t"":5157},{""x"":899,""y"":194,""t"":5264},{""x"":805,""y"":200,""t"":5393},{""x"":774,""y"":224,""t"":5497},{""x"":754,""y"":220,""t"":5597},{""x"":711,""y"":223,""t"":5711},{""x"":700,""y"":233,""t"":5815},{""x"":740,""y"":232,""t"":5948},{""x"":793,""y"":211,""t"":6117},{""x"":789,""y"":252,""t"":6232},{""x"":710,""y"":320,""t"":6265},{""x"":765,""y"":315,""t"":6390},{""x"":781,""y"":311,""t"":6498}]",0,0.8223297008740171,0.17767029912598287,wa_b-last,0
19,1,103,exp_70,0.0,439.0,0.72,0.51,4.2,5.2,higher_p,higher_m,0,1,alternatives,0.0,False,3.024,2.652,0.3719999999999999,0.6402015921464201,0.4,0.6,0.5,0.5,1.0,1.0,higher_m,higher_m,True,"{""durations"":[1000,1500,1000,1500],""alternatives"":[0,1,0,1],""attributes"":[""all"",""all"",""all"",""all""]}","[{""x"":818,""y"":313,""t"":-27},{""x"":764,""y"":346,""t"":0},{""x"":747,""y"":331,""t"":113},{""x"":746,""y"":346,""t"":210},{""x"":763,""y"":317,""t"":318},{""x"":882,""y"":297,""t"":447},{""x"":1005,""y"":277,""t"":549},{""x"":1112,""y"":293,""t"":648},{""x"":1122,""y"":302,""t"":763},{""x"":1139,""y"":250,""t"":878},{""x"":1154,""y"":206,""t"":1014},{""x"":1191,""y"":213,""t"":1123},{""x"":1244,""y"":151,""t"":1239},{""x"":1194,""y"":212,""t"":1410},{""x"":1120,""y"":301,""t"":1520},{""x"":922,""y"":394,""t"":1625},{""x"":834,""y"":401,""t"":1660},{""x"":787,""y"":343,""t"":1803},{""x"":704,""y"":350,""t"":1905},{""x"":730,""y"":305,""t"":2011},{""x"":614,""y"":355,""t"":2110},{""x"":621,""y"":345,""t"":2227},{""x"":739,""y"":321,""t"":2339},{""x"":862,""y"":304,""t"":2465},{""x"":916,""y"":317,""t"":2635},{""x"":968,""y"":334,""t"":2673},{""x"":935,""y"":299,""t"":2783},{""x"":847,""y"":305,""t"":2912},{""x"":957,""y"":292,""t"":3030},{""x"":1081,""y"":277,""t"":3133},{""x"":1126,""y"":301,""t"":3245},{""x"":1205,""y"":297,""t"":3487},{""x"":1259,""y"":308,""t"":3517},{""x"":1226,""y"":272,""t"":3622},{""x"":1203,""y"":207,""t"":3731},{""x"":1129,""y"":181,""t"":3855},{""x"":1103,""y"":145,""t"":3966},{""x"":1035,""y"":185,""t"":4078},{""x"":899,""y"":243,""t"":4199},{""x"":875,""y"":279,""t"":4302},{""x"":845,""y"":342,""t"":4421},{""x"":825,""y"":378,""t"":4592},{""x"":742,""y"":382,""t"":4700},{""x"":647,""y"":375,""t"":4738},{""x"":581,""y"":407,""t"":4852},{""x"":597,""y"":341,""t"":4964},{""x"":724,""y"":269,""t"":5062},{""x"":796,""y"":224,""t"":5168},{""x"":912,""y"":218,""t"":5269},{""x"":1017,""y"":175,""t"":5370},{""x"":1108,""y"":197,""t"":5478},{""x"":1186,""y"":181,""t"":5607},{""x"":1164,""y"":199,""t"":5714},{""x"":1103,""y"":176,""t"":5814},{""x"":1023,""y"":203,""t"":5918},{""x"":1049,""y"":172,""t"":6022},{""x"":1070,""y"":164,""t"":6130},{""x"":1035,""y"":196,""t"":6253}]",1,0.934316941924848,0.06568305807515201,wa_b-last,0
19,1,104,exp_112,0.0,484.0,0.49,0.22,4.2,7.9,higher_p,higher_m,0,1,alternatives,0.0,False,2.058,1.738,0.3199999999999998,0.5866799156325715,0.6,0.4,0.5,0.5,0.0,1.0,higher_p,higher_m,True,"{""durations"":[1500,1000,1500,1000],""alternatives"":[0,1,0,1],""attributes"":[""all"",""all"",""all"",""all""]}","[{""x"":751,""y"":557,""t"":-99},{""x"":768,""y"":543,""t"":2},{""x"":779,""y"":490,""t"":130},{""x"":760,""y"":457,""t"":238},{""x"":876,""y"":406,""t"":356},{""x"":940,""y"":387,""t"":476},{""x"":1031,""y"":354,""t"":579},{""x"":1116,""y"":359,""t"":686},{""x"":1179,""y"":302,""t"":783},{""x"":1163,""y"":258,""t"":899},{""x"":1116,""y"":265,""t"":998},{""x"":1134,""y"":216,""t"":1102},{""x"":1114,""y"":201,""t"":1202},{""x"":1065,""y"":198,""t"":1303},{""x"":986,""y"":177,""t"":1412},{""x"":1045,""y"":143,""t"":1520},{""x"":1161,""y"":128,""t"":1632},{""x"":1185,""y"":128,""t"":1755},{""x"":1076,""y"":161,""t"":1867},{""x"":908,""y"":235,""t"":1986},{""x"":858,""y"":311,""t"":2103},{""x"":830,""y"":366,""t"":2218},{""x"":836,""y"":382,""t"":2316},{""x"":776,""y"":373,""t"":2443},{""x"":692,""y"":339,""t"":2545},{""x"":651,""y"":336,""t"":2662},{""x"":676,""y"":341,""t"":2784},{""x"":698,""y"":364,""t"":2912},{""x"":885,""y"":380,""t"":3043},{""x"":1001,""y"":376,""t"":3168},{""x"":1079,""y"":371,""t"":3278},{""x"":1047,""y"":318,""t"":3400},{""x"":1102,""y"":242,""t"":3504},{""x"":1135,""y"":178,""t"":3612},{""x"":1047,""y"":301,""t"":3734},{""x"":984,""y"":378,""t"":3844},{""x"":887,""y"":350,""t"":3945},{""x"":820,""y"":312,""t"":4050},{""x"":786,""y"":306,""t"":4153},{""x"":724,""y"":314,""t"":4261},{""x"":713,""y"":294,""t"":4381},{""x"":732,""y"":296,""t"":4509},{""x"":644,""y"":325,""t"":4625},{""x"":635,""y"":354,""t"":4729},{""x"":537,""y"":426,""t"":4831},{""x"":528,""y"":396,""t"":4950},{""x"":492,""y"":378,""t"":5058},{""x"":374,""y"":470,""t"":5162},{""x"":421,""y"":446,""t"":5275},{""x"":532,""y"":421,""t"":5392},{""x"":661,""y"":394,""t"":5502},{""x"":782,""y"":321,""t"":5782},{""x"":849,""y"":304,""t"":5885},{""x"":857,""y"":298,""t"":6062},{""x"":848,""y"":298,""t"":6100},{""x"":896,""y"":295,""t"":6229},{""x"":925,""y"":300,""t"":6347}]",0,0.9416142876036634,0.0583857123963365,wa_b-last,0
19,1,105,exp_77,0.0,564.0,0.8,0.2,4.0,6.799999999999999,higher_p,higher_m,0,1,attributes,1.0,True,3.2,1.36,1.8400000000000003,2.151159690652763,0.5,0.5,0.4,0.6,1.0,0.0,higher_m,higher_p,True,"{""durations"":[1500,1000,1500,1000],""alternatives"":[""all"",""all"",""all"",""all""],""attributes"":[""m"",""p"",""m"",""p""]}","[{""x"":714,""y"":323,""t"":-124},{""x"":724,""y"":351,""t"":2},{""x"":732,""y"":309,""t"":129},{""x"":661,""y"":307,""t"":260},{""x"":637,""y"":308,""t"":368},{""x"":540,""y"":295,""t"":484},{""x"":455,""y"":306,""t"":596},{""x"":542,""y"":285,""t"":709},{""x"":550,""y"":269,""t"":819},{""x"":535,""y"":374,""t"":932},{""x"":683,""y"":374,""t"":1029},{""x"":733,""y"":304,""t"":1124},{""x"":792,""y"":241,""t"":1220},{""x"":762,""y"":239,""t"":1333},{""x"":756,""y"":235,""t"":1447},{""x"":557,""y"":248,""t"":1544},{""x"":475,""y"":243,""t"":1664},{""x"":470,""y"":291,""t"":1777},{""x"":541,""y"":328,""t"":1874},{""x"":549,""y"":323,""t"":1978},{""x"":506,""y"":351,""t"":2074},{""x"":477,""y"":364,""t"":2170},{""x"":436,""y"":385,""t"":2267},{""x"":536,""y"":345,""t"":2361},{""x"":704,""y"":306,""t"":2498},{""x"":797,""y"":287,""t"":2610},{""x"":891,""y"":267,""t"":2719},{""x"":942,""y"":266,""t"":2811},{""x"":952,""y"":252,""t"":2930},{""x"":942,""y"":256,""t"":3039},{""x"":831,""y"":240,""t"":3135},{""x"":732,""y"":234,""t"":3239},{""x"":637,""y"":225,""t"":3334},{""x"":776,""y"":177,""t"":3434},{""x"":829,""y"":244,""t"":3546},{""x"":882,""y"":265,""t"":3641},{""x"":892,""y"":242,""t"":3739},{""x"":871,""y"":242,""t"":3837},{""x"":917,""y"":263,""t"":3932},{""x"":882,""y"":238,""t"":4036},{""x"":871,""y"":249,""t"":4137},{""x"":832,""y"":274,""t"":4231},{""x"":829,""y"":278,""t"":4328},{""x"":815,""y"":267,""t"":4422},{""x"":825,""y"":262,""t"":4535},{""x"":791,""y"":280,""t"":4652},{""x"":724,""y"":294,""t"":4766},{""x"":639,""y"":330,""t"":4865},{""x"":518,""y"":388,""t"":4967},{""x"":623,""y"":350,""t"":5086},{""x"":686,""y"":337,""t"":5214},{""x"":770,""y"":321,""t"":5325},{""x"":828,""y"":317,""t"":5425},{""x"":876,""y"":340,""t"":5536},{""x"":932,""y"":343,""t"":5655},{""x"":906,""y"":325,""t"":5791},{""x"":849,""y"":336,""t"":5885},{""x"":783,""y"":348,""t"":5980},{""x"":778,""y"":339,""t"":6102},{""x"":760,""y"":327,""t"":6202},{""x"":760,""y"":296,""t"":6342},{""x"":580,""y"":415,""t"":6503}]",0,0.9997715821931041,0.00022841780689581106,wa_b-last,0
19,1,106,exp_4,0.0,844.0,0.79,0.49,5.300000000000001,8.3,higher_p,higher_m,0,1,alternatives,0.0,False,4.187000000000001,4.067,0.120000000000001,0.3808273136562317,0.4,0.6,0.5,0.5,1.0,0.0,higher_m,higher_p,True,"{""durations"":[1500,1000,1500,1000],""alternatives"":[1,0,1,0],""attributes"":[""all"",""all"",""all"",""all""]}","[{""x"":624,""y"":410,""t"":-92},{""x"":605,""y"":383,""t"":2},{""x"":621,""y"":414,""t"":135},{""x"":654,""y"":449,""t"":230},{""x"":650,""y"":466,""t"":325},{""x"":727,""y"":454,""t"":477},{""x"":813,""y"":424,""t"":601},{""x"":884,""y"":398,""t"":645},{""x"":897,""y"":360,""t"":802},{""x"":998,""y"":333,""t"":838},{""x"":1044,""y"":309,""t"":937},{""x"":1066,""y"":284,""t"":1054},{""x"":1016,""y"":230,""t"":1222},{""x"":1029,""y"":174,""t"":1262},{""x"":989,""y"":157,""t"":1363},{""x"":943,""y"":131,""t"":1459},{""x"":890,""y"":177,""t"":1620},{""x"":780,""y"":248,""t"":1754},{""x"":678,""y"":286,""t"":1876},{""x"":610,""y"":280,""t"":1972},{""x"":509,""y"":327,""t"":2077},{""x"":474,""y"":362,""t"":2221},{""x"":429,""y"":333,""t"":2309},{""x"":399,""y"":307,""t"":2407},{""x"":377,""y"":271,""t"":2578},{""x"":346,""y"":259,""t"":2626},{""x"":367,""y"":290,""t"":2791},{""x"":421,""y"":326,""t"":2891},{""x"":433,""y"":463,""t"":2926},{""x"":447,""y"":561,""t"":3028},{""x"":474,""y"":568,""t"":3197},{""x"":419,""y"":596,""t"":3316},{""x"":391,""y"":605,""t"":3362},{""x"":304,""y"":612,""t"":3532},{""x"":376,""y"":589,""t"":3566},{""x"":414,""y"":561,""t"":3672},{""x"":455,""y"":516,""t"":3767},{""x"":463,""y"":486,""t"":3924},{""x"":494,""y"":432,""t"":3957},{""x"":505,""y"":392,""t"":4118},{""x"":485,""y"":372,""t"":4222},{""x"":487,""y"":382,""t"":4268},{""x"":486,""y"":343,""t"":4418},{""x"":468,""y"":367,""t"":4456},{""x"":491,""y"":366,""t"":4562},{""x"":477,""y"":359,""t"":4718},{""x"":487,""y"":358,""t"":4766},{""x"":490,""y"":390,""t"":4884},{""x"":522,""y"":419,""t"":4978},{""x"":557,""y"":471,""t"":5074},{""x"":554,""y"":530,""t"":5168},{""x"":552,""y"":505,""t"":5323},{""x"":513,""y"":506,""t"":5358},{""x"":501,""y"":495,""t"":5484},{""x"":458,""y"":468,""t"":5593},{""x"":429,""y"":457,""t"":5702},{""x"":388,""y"":460,""t"":5800},{""x"":459,""y"":415,""t"":5954},{""x"":489,""y"":387,""t"":5990},{""x"":481,""y"":367,""t"":6085},{""x"":329,""y"":466,""t"":6192},{""x"":194,""y"":592,""t"":6287},{""x"":284,""y"":630,""t"":6439},{""x"":425,""y"":617,""t"":6550},{""x"":466,""y"":579,""t"":6663},{""x"":472,""y"":542,""t"":6774},{""x"":494,""y"":464,""t"":6813}]",0,0.9788663962467867,0.021133603753213215,wa_b-last,0
19,1,107,catch_18,1.0,537.0,0.19,0.37,3.1,3.8,dominated,dominant,1,1,alternatives,0.0,False,0.5890000000000001,1.406,-0.8169999999999998,-0.5835921266029264,0.5,0.5,0.5,0.5,,1.0,,dominant,True,"{""durations"":[1250,1250,1250,1250],""attributes"":[""all"",""all"",""all"",""all""],""alternatives"":[0,1,0,1]}","[{""x"":608,""y"":360,""t"":-95},{""x"":566,""y"":462,""t"":1},{""x"":597,""y"":443,""t"":175},{""x"":576,""y"":401,""t"":211},{""x"":571,""y"":391,""t"":370},{""x"":536,""y"":379,""t"":478},{""x"":463,""y"":410,""t"":526},{""x"":418,""y"":431,""t"":637},{""x"":564,""y"":364,""t"":801},{""x"":684,""y"":326,""t"":901},{""x"":777,""y"":278,""t"":946},{""x"":833,""y"":239,""t"":1102},{""x"":865,""y"":223,""t"":1149},{""x"":777,""y"":238,""t"":1250},{""x"":657,""y"":235,""t"":1353},{""x"":616,""y"":250,""t"":1458},{""x"":556,""y"":266,""t"":1557},{""x"":669,""y"":215,""t"":1725},{""x"":771,""y"":194,""t"":1848},{""x"":879,""y"":212,""t"":1946},{""x"":940,""y"":208,""t"":1979},{""x"":927,""y"":183,""t"":2131},{""x"":908,""y"":167,""t"":2165},{""x"":717,""y"":271,""t"":2278},{""x"":745,""y"":265,""t"":2382},{""x"":855,""y"":271,""t"":2488},{""x"":957,""y"":309,""t"":2584},{""x"":1034,""y"":319,""t"":2683},{""x"":993,""y"":317,""t"":2790},{""x"":963,""y"":348,""t"":2912},{""x"":893,""y"":361,""t"":3011},{""x"":824,""y"":383,""t"":3167},{""x"":705,""y"":420,""t"":3266},{""x"":536,""y"":524,""t"":3365},{""x"":396,""y"":616,""t"":3413},{""x"":531,""y"":615,""t"":3585},{""x"":608,""y"":576,""t"":3827},{""x"":683,""y"":539,""t"":3931},{""x"":747,""y"":511,""t"":4041},{""x"":810,""y"":510,""t"":4077},{""x"":864,""y"":491,""t"":4191},{""x"":893,""y"":478,""t"":4291},{""x"":909,""y"":453,""t"":4392},{""x"":967,""y"":458,""t"":4491},{""x"":1001,""y"":481,""t"":4592},{""x"":832,""y"":515,""t"":4706},{""x"":642,""y"":596,""t"":4805},{""x"":651,""y"":590,""t"":4962},{""x"":631,""y"":581,""t"":5067},{""x"":569,""y"":535,""t"":5179},{""x"":557,""y"":491,""t"":5222},{""x"":505,""y"":466,""t"":5333},{""x"":554,""y"":390,""t"":5519},{""x"":564,""y"":321,""t"":5616},{""x"":580,""y"":312,""t"":5662},{""x"":641,""y"":296,""t"":5764},{""x"":718,""y"":277,""t"":5865},{""x"":707,""y"":268,""t"":5982},{""x"":668,""y"":345,""t"":6080},{""x"":632,""y"":430,""t"":6181}]",1,0.04319374116726583,0.9568062588327342,wa_b-last,0
19,1,108,exp_13,0.0,528.0,0.7,0.29,1.7999999999999998,5.0,higher_p,higher_m,0,1,attributes,1.0,True,1.2599999999999998,1.45,-0.1900000000000001,0.0617557805929021,0.5,0.5,0.4,0.6,1.0,0.0,higher_m,higher_p,True,"{""durations"":[1500,1000,1500,1000],""alternatives"":[""all"",""all"",""all"",""all""],""attributes"":[""m"",""p"",""m"",""p""]}","[{""x"":450,""y"":527,""t"":-110},{""x"":502,""y"":497,""t"":2},{""x"":470,""y"":506,""t"":128},{""x"":418,""y"":519,""t"":225},{""x"":387,""y"":472,""t"":329},{""x"":376,""y"":468,""t"":428},{""x"":482,""y"":408,""t"":605},{""x"":634,""y"":336,""t"":637},{""x"":549,""y"":313,""t"":740},{""x"":518,""y"":301,""t"":843},{""x"":454,""y"":290,""t"":949},{""x"":437,""y"":313,""t"":1049},{""x"":444,""y"":357,""t"":1151},{""x"":449,""y"":378,""t"":1259},{""x"":466,""y"":401,""t"":1377},{""x"":469,""y"":409,""t"":1471},{""x"":634,""y"":411,""t"":1635},{""x"":732,""y"":402,""t"":1669},{""x"":828,""y"":377,""t"":1787},{""x"":938,""y"":410,""t"":1887},{""x"":845,""y"":440,""t"":1986},{""x"":796,""y"":483,""t"":2093},{""x"":854,""y"":470,""t"":2200},{""x"":949,""y"":463,""t"":2317},{""x"":990,""y"":445,""t"":2417},{""x"":1039,""y"":464,""t"":2527},{""x"":977,""y"":491,""t"":2626},{""x"":1038,""y"":450,""t"":2721},{""x"":1070,""y"":419,""t"":2850},{""x"":1079,""y"":365,""t"":2963},{""x"":1070,""y"":284,""t"":3072},{""x"":1043,""y"":249,""t"":3187},{""x"":886,""y"":223,""t"":3286},{""x"":754,""y"":243,""t"":3390},{""x"":525,""y"":408,""t"":3496},{""x"":492,""y"":499,""t"":3595},{""x"":447,""y"":554,""t"":3706},{""x"":530,""y"":569,""t"":3805},{""x"":583,""y"":589,""t"":3911},{""x"":618,""y"":576,""t"":4038},{""x"":723,""y"":564,""t"":4147},{""x"":726,""y"":521,""t"":4262},{""x"":809,""y"":506,""t"":4371},{""x"":892,""y"":500,""t"":4473},{""x"":855,""y"":548,""t"":4587},{""x"":823,""y"":548,""t"":4687},{""x"":719,""y"":578,""t"":4798},{""x"":706,""y"":589,""t"":4905},{""x"":798,""y"":597,""t"":4997},{""x"":865,""y"":600,""t"":5112},{""x"":916,""y"":595,""t"":5214},{""x"":991,""y"":639,""t"":5315},{""x"":878,""y"":589,""t"":5413},{""x"":811,""y"":569,""t"":5509},{""x"":770,""y"":572,""t"":5625},{""x"":742,""y"":583,""t"":5730},{""x"":639,""y"":594,""t"":5845},{""x"":659,""y"":550,""t"":5942},{""x"":695,""y"":522,""t"":6041},{""x"":641,""y"":532,""t"":6158},{""x"":694,""y"":528,""t"":6280},{""x"":590,""y"":534,""t"":6395}]",0,0.9956147592348669,0.0043852407651332,wa_b-last,0
19,1,109,exp_7,0.0,1208.0,0.79,0.49,5.300000000000001,8.3,higher_p,higher_m,0,1,attributes,1.0,True,4.187000000000001,4.067,0.120000000000001,0.3808273136562317,0.5,0.5,0.4,0.6,1.0,1.0,higher_m,higher_m,True,"{""durations"":[1000,1500,1000,1500],""alternatives"":[""all"",""all"",""all"",""all""],""attributes"":[""p"",""m"",""p"",""m""]}","[{""x"":539,""y"":682,""t"":-98},{""x"":576,""y"":636,""t"":3},{""x"":588,""y"":609,""t"":118},{""x"":602,""y"":584,""t"":227},{""x"":466,""y"":625,""t"":331},{""x"":461,""y"":595,""t"":437},{""x"":482,""y"":590,""t"":534},{""x"":655,""y"":595,""t"":634},{""x"":749,""y"":571,""t"":748},{""x"":848,""y"":565,""t"":846},{""x"":921,""y"":586,""t"":941},{""x"":1020,""y"":585,""t"":1047},{""x"":1090,""y"":589,""t"":1143},{""x"":1162,""y"":606,""t"":1271},{""x"":1155,""y"":560,""t"":1370},{""x"":1152,""y"":509,""t"":1477},{""x"":1110,""y"":470,""t"":1577},{""x"":1107,""y"":427,""t"":1690},{""x"":1129,""y"":376,""t"":1802},{""x"":1134,""y"":336,""t"":1915},{""x"":1126,""y"":300,""t"":2043},{""x"":1161,""y"":315,""t"":2145},{""x"":1085,""y"":348,""t"":2251},{""x"":1079,""y"":387,""t"":2349},{""x"":1074,""y"":404,""t"":2467},{""x"":932,""y"":420,""t"":2629},{""x"":807,""y"":439,""t"":2675},{""x"":665,""y"":501,""t"":2776},{""x"":737,""y"":503,""t"":2885},{""x"":842,""y"":496,""t"":2991},{""x"":892,""y"":526,""t"":3118},{""x"":951,""y"":526,""t"":3217},{""x"":966,""y"":570,""t"":3379},{""x"":821,""y"":596,""t"":3414},{""x"":719,""y"":611,""t"":3511},{""x"":817,""y"":585,""t"":3624},{""x"":795,""y"":576,""t"":3726},{""x"":714,""y"":529,""t"":3828},{""x"":643,""y"":448,""t"":3934},{""x"":619,""y"":403,""t"":4034},{""x"":508,""y"":383,""t"":4136},{""x"":474,""y"":344,""t"":4261},{""x"":596,""y"":277,""t"":4358},{""x"":655,""y"":244,""t"":4460},{""x"":749,""y"":276,""t"":4557},{""x"":834,""y"":270,""t"":4668},{""x"":908,""y"":319,""t"":5050},{""x"":968,""y"":362,""t"":5154},{""x"":944,""y"":415,""t"":5332},{""x"":1005,""y"":445,""t"":5366},{""x"":1073,""y"":457,""t"":5484},{""x"":1014,""y"":460,""t"":5582},{""x"":970,""y"":450,""t"":5706},{""x"":919,""y"":443,""t"":5819},{""x"":938,""y"":425,""t"":5997},{""x"":817,""y"":454,""t"":6106},{""x"":587,""y"":474,""t"":6142},{""x"":656,""y"":483,""t"":6254},{""x"":580,""y"":590,""t"":6429},{""x"":671,""y"":580,""t"":6463},{""x"":773,""y"":630,""t"":6643},{""x"":659,""y"":722,""t"":6691},{""x"":785,""y"":700,""t"":6792},{""x"":788,""y"":681,""t"":6902},{""x"":647,""y"":784,""t"":7001}]",0,0.9686288349205197,0.031371165079480276,wa_b-last,0
19,1,110,exp_118,0.0,432.0,0.49,0.22,4.2,7.9,higher_p,higher_m,0,1,alternatives,0.0,False,2.058,1.738,0.3199999999999998,0.5866799156325715,0.4,0.6,0.5,0.5,1.0,1.0,higher_m,higher_m,True,"{""durations"":[1000,1500,1000,1500],""alternatives"":[0,1,0,1],""attributes"":[""all"",""all"",""all"",""all""]}","[{""x"":667,""y"":634,""t"":-110},{""x"":636,""y"":582,""t"":2},{""x"":637,""y"":552,""t"":125},{""x"":630,""y"":490,""t"":245},{""x"":783,""y"":422,""t"":342},{""x"":908,""y"":411,""t"":441},{""x"":1025,""y"":368,""t"":559},{""x"":1119,""y"":361,""t"":733},{""x"":1141,""y"":297,""t"":769},{""x"":1087,""y"":240,""t"":868},{""x"":1092,""y"":200,""t"":966},{""x"":1075,""y"":174,""t"":1074},{""x"":983,""y"":182,""t"":1181},{""x"":822,""y"":230,""t"":1290},{""x"":715,""y"":249,""t"":1389},{""x"":634,""y"":294,""t"":1487},{""x"":537,""y"":346,""t"":1591},{""x"":445,""y"":414,""t"":1718},{""x"":397,""y"":396,""t"":1816},{""x"":366,""y"":421,""t"":1932},{""x"":305,""y"":430,""t"":2036},{""x"":258,""y"":416,""t"":2151},{""x"":246,""y"":408,""t"":2337},{""x"":167,""y"":388,""t"":2448},{""x"":213,""y"":385,""t"":2555},{""x"":343,""y"":374,""t"":2600},{""x"":496,""y"":372,""t"":2711},{""x"":698,""y"":384,""t"":2830},{""x"":848,""y"":402,""t"":2974},{""x"":942,""y"":420,""t"":3073},{""x"":1033,""y"":455,""t"":3236},{""x"":1127,""y"":457,""t"":3344},{""x"":1165,""y"":475,""t"":3379},{""x"":1219,""y"":474,""t"":3519},{""x"":1140,""y"":451,""t"":3695},{""x"":813,""y"":530,""t"":3730},{""x"":719,""y"":478,""t"":3839},{""x"":642,""y"":465,""t"":3939},{""x"":578,""y"":441,""t"":4054},{""x"":544,""y"":394,""t"":4155},{""x"":566,""y"":458,""t"":4260},{""x"":503,""y"":493,""t"":4359},{""x"":485,""y"":509,""t"":4455},{""x"":461,""y"":537,""t"":4571},{""x"":452,""y"":526,""t"":4748},{""x"":514,""y"":534,""t"":4856},{""x"":570,""y"":540,""t"":4903},{""x"":716,""y"":532,""t"":5060},{""x"":799,""y"":506,""t"":5096},{""x"":886,""y"":475,""t"":5230},{""x"":932,""y"":460,""t"":5328},{""x"":917,""y"":443,""t"":5439},{""x"":1006,""y"":388,""t"":5534},{""x"":956,""y"":352,""t"":5663},{""x"":887,""y"":330,""t"":5763},{""x"":838,""y"":328,""t"":5875},{""x"":797,""y"":318,""t"":5975},{""x"":738,""y"":338,""t"":6089},{""x"":682,""y"":371,""t"":6196}]",0,0.9416142876036634,0.0583857123963365,wa_b-last,0
19,1,111,exp_32,1.0,564.0,0.79,0.7,2.0,3.2,higher_p,higher_m,0,1,alternatives,0.0,False,1.58,2.24,-0.6599999999999997,-0.4219978340514986,0.6,0.4,0.5,0.5,0.0,1.0,higher_p,higher_m,False,"{""durations"":[1500,1000,1500,1000],""alternatives"":[0,1,0,1],""attributes"":[""all"",""all"",""all"",""all""]}","[{""x"":413,""y"":571,""t"":-103},{""x"":449,""y"":559,""t"":1},{""x"":440,""y"":543,""t"":187},{""x"":494,""y"":526,""t"":229},{""x"":501,""y"":531,""t"":348},{""x"":668,""y"":514,""t"":522},{""x"":801,""y"":528,""t"":568},{""x"":872,""y"":546,""t"":667},{""x"":985,""y"":528,""t"":776},{""x"":1071,""y"":542,""t"":907},{""x"":1020,""y"":451,""t"":999},{""x"":966,""y"":412,""t"":1095},{""x"":948,""y"":346,""t"":1196},{""x"":965,""y"":315,""t"":1296},{""x"":877,""y"":303,""t"":1416},{""x"":765,""y"":316,""t"":1541},{""x"":641,""y"":322,""t"":1638},{""x"":634,""y"":354,""t"":1741},{""x"":534,""y"":396,""t"":1850},{""x"":459,""y"":434,""t"":1961},{""x"":386,""y"":480,""t"":2072},{""x"":393,""y"":428,""t"":2168},{""x"":406,""y"":435,""t"":2270},{""x"":401,""y"":424,""t"":2366},{""x"":411,""y"":412,""t"":2482},{""x"":424,""y"":446,""t"":2592},{""x"":451,""y"":434,""t"":2696},{""x"":440,""y"":468,""t"":2797},{""x"":488,""y"":447,""t"":2905},{""x"":489,""y"":449,""t"":3001},{""x"":491,""y"":465,""t"":3119},{""x"":671,""y"":441,""t"":3277},{""x"":802,""y"":440,""t"":3376},{""x"":915,""y"":419,""t"":3421},{""x"":982,""y"":404,""t"":3533},{""x"":1069,""y"":379,""t"":3649},{""x"":1097,""y"":355,""t"":3805},{""x"":1115,""y"":311,""t"":3838},{""x"":1118,""y"":288,""t"":3957},{""x"":1109,""y"":278,""t"":4057},{""x"":999,""y"":311,""t"":4174},{""x"":806,""y"":399,""t"":4276},{""x"":709,""y"":444,""t"":4391},{""x"":636,""y"":464,""t"":4499},{""x"":583,""y"":511,""t"":4595},{""x"":543,""y"":445,""t"":4698},{""x"":485,""y"":416,""t"":4807},{""x"":462,""y"":399,""t"":4904},{""x"":430,""y"":427,""t"":5001},{""x"":444,""y"":437,""t"":5101},{""x"":389,""y"":449,""t"":5215},{""x"":323,""y"":459,""t"":5337},{""x"":203,""y"":467,""t"":5449},{""x"":162,""y"":484,""t"":5547},{""x"":152,""y"":464,""t"":5675},{""x"":200,""y"":451,""t"":5771},{""x"":261,""y"":403,""t"":5900},{""x"":308,""y"":471,""t"":6078},{""x"":258,""y"":511,""t"":6112},{""x"":360,""y"":504,""t"":6241},{""x"":442,""y"":477,""t"":6391},{""x"":518,""y"":457,""t"":6499}]",0,0.69023148692093,0.3097685130790701,wa_b-last,0
19,1,112,catch_12,1.0,465.0,0.23,0.47,5.0,6.0,dominated,dominant,1,1,alternatives,0.0,False,1.15,2.82,-1.6699999999999997,-1.4615534740320202,0.5,0.5,0.5,0.5,,1.0,,dominant,True,"{""durations"":[1250,1250,1250,1250],""attributes"":[""all"",""all"",""all"",""all""],""alternatives"":[0,1,0,1]}","[{""x"":414,""y"":594,""t"":-107},{""x"":443,""y"":569,""t"":2},{""x"":404,""y"":584,""t"":282},{""x"":570,""y"":534,""t"":310},{""x"":671,""y"":515,""t"":406},{""x"":819,""y"":458,""t"":579},{""x"":948,""y"":450,""t"":616},{""x"":1067,""y"":440,""t"":751},{""x"":1147,""y"":363,""t"":863},{""x"":1174,""y"":302,""t"":979},{""x"":1151,""y"":244,""t"":1079},{""x"":1163,""y"":253,""t"":1189},{""x"":1210,""y"":221,""t"":1306},{""x"":1257,""y"":214,""t"":1503},{""x"":1235,""y"":230,""t"":1539},{""x"":1224,""y"":239,""t"":1666},{""x"":1003,""y"":314,""t"":1832},{""x"":672,""y"":463,""t"":1871},{""x"":501,""y"":516,""t"":1984},{""x"":428,""y"":561,""t"":2099},{""x"":380,""y"":510,""t"":2256},{""x"":376,""y"":483,""t"":2355},{""x"":330,""y"":472,""t"":2461},{""x"":269,""y"":505,""t"":2587},{""x"":285,""y"":508,""t"":2627},{""x"":235,""y"":568,""t"":2728},{""x"":253,""y"":581,""t"":2890},{""x"":443,""y"":525,""t"":2922},{""x"":602,""y"":475,""t"":3036},{""x"":730,""y"":451,""t"":3204},{""x"":906,""y"":467,""t"":3305},{""x"":1022,""y"":451,""t"":3350},{""x"":1114,""y"":452,""t"":3447},{""x"":1133,""y"":399,""t"":3549},{""x"":1147,""y"":355,""t"":3663},{""x"":1097,""y"":388,""t"":3762},{""x"":960,""y"":404,""t"":3862},{""x"":877,""y"":426,""t"":3953},{""x"":793,""y"":427,""t"":4048},{""x"":690,""y"":469,""t"":4173},{""x"":546,""y"":495,""t"":4292},{""x"":507,""y"":511,""t"":4390},{""x"":463,""y"":539,""t"":4509},{""x"":419,""y"":567,""t"":4618},{""x"":397,""y"":571,""t"":4725},{""x"":359,""y"":582,""t"":4844},{""x"":420,""y"":566,""t"":4951},{""x"":442,""y"":540,""t"":5072},{""x"":505,""y"":510,""t"":5186},{""x"":540,""y"":531,""t"":5289},{""x"":590,""y"":514,""t"":5426},{""x"":639,""y"":488,""t"":5530},{""x"":661,""y"":480,""t"":5637},{""x"":609,""y"":489,""t"":5742},{""x"":579,""y"":481,""t"":5852},{""x"":578,""y"":485,""t"":5970},{""x"":553,""y"":477,""t"":6083},{""x"":540,""y"":471,""t"":6190},{""x"":553,""y"":518,""t"":6353},{""x"":571,""y"":526,""t"":6388}]",1,0.016593196225805438,0.9834068037741945,wa_b-last,0
19,1,113,exp_106,0.0,624.0,0.78,0.4,2.1,3.0,higher_p,higher_m,0,1,alternatives,0.0,False,1.638,1.2000000000000002,0.4379999999999999,0.7081329507986127,0.6,0.4,0.5,0.5,0.0,0.0,higher_p,higher_p,True,"{""durations"":[1000,1500,1000,1500],""alternatives"":[1,0,1,0],""attributes"":[""all"",""all"",""all"",""all""]}","[{""x"":476,""y"":571,""t"":-27},{""x"":462,""y"":550,""t"":1},{""x"":452,""y"":572,""t"":116},{""x"":394,""y"":592,""t"":212},{""x"":408,""y"":559,""t"":393},{""x"":409,""y"":604,""t"":434},{""x"":448,""y"":606,""t"":532},{""x"":487,""y"":611,""t"":631},{""x"":473,""y"":584,""t"":730},{""x"":415,""y"":551,""t"":838},{""x"":393,""y"":529,""t"":956},{""x"":406,""y"":539,""t"":1058},{""x"":474,""y"":550,""t"":1154},{""x"":475,""y"":550,""t"":1275},{""x"":630,""y"":524,""t"":1382},{""x"":774,""y"":492,""t"":1494},{""x"":879,""y"":503,""t"":1606},{""x"":890,""y"":455,""t"":1701},{""x"":792,""y"":424,""t"":1800},{""x"":846,""y"":385,""t"":1905},{""x"":901,""y"":325,""t"":2005},{""x"":929,""y"":310,""t"":2112},{""x"":807,""y"":274,""t"":2222},{""x"":729,""y"":305,""t"":2327},{""x"":621,""y"":361,""t"":2423},{""x"":591,""y"":361,""t"":2521},{""x"":582,""y"":408,""t"":2620},{""x"":587,""y"":414,""t"":2739},{""x"":585,""y"":443,""t"":2844},{""x"":527,""y"":456,""t"":2950},{""x"":416,""y"":430,""t"":3049},{""x"":421,""y"":452,""t"":3160},{""x"":434,""y"":477,""t"":3276},{""x"":452,""y"":486,""t"":3399},{""x"":478,""y"":531,""t"":3494},{""x"":462,""y"":537,""t"":3592},{""x"":434,""y"":551,""t"":3686},{""x"":331,""y"":683,""t"":3861},{""x"":249,""y"":773,""t"":3907},{""x"":309,""y"":778,""t"":4020},{""x"":488,""y"":700,""t"":4119},{""x"":690,""y"":624,""t"":4214},{""x"":823,""y"":584,""t"":4323},{""x"":885,""y"":593,""t"":4419},{""x"":722,""y"":674,""t"":4544},{""x"":623,""y"":722,""t"":4644},{""x"":723,""y"":676,""t"":4740},{""x"":796,""y"":629,""t"":4858},{""x"":860,""y"":578,""t"":4956},{""x"":945,""y"":526,""t"":5071},{""x"":947,""y"":506,""t"":5171},{""x"":881,""y"":509,""t"":5268},{""x"":929,""y"":474,""t"":5375},{""x"":917,""y"":444,""t"":5491},{""x"":924,""y"":419,""t"":5602},{""x"":853,""y"":423,""t"":5710},{""x"":811,""y"":439,""t"":5810},{""x"":807,""y"":459,""t"":5909},{""x"":810,""y"":458,""t"":6022},{""x"":839,""y"":454,""t"":6120},{""x"":745,""y"":478,""t"":6243},{""x"":727,""y"":482,""t"":6350},{""x"":745,""y"":489,""t"":6456},{""x"":760,""y"":495,""t"":6554}]",0,0.9964392714699807,0.0035607285300192026,wa_b-last,0
19,1,114,exp_12,0.0,326.0,0.7,0.29,1.7999999999999998,5.0,higher_p,higher_m,0,1,alternatives,0.0,False,1.2599999999999998,1.45,-0.1900000000000001,0.0617557805929021,0.4,0.6,0.5,0.5,1.0,0.0,higher_m,higher_p,True,"{""durations"":[1500,1000,1500,1000],""alternatives"":[1,0,1,0],""attributes"":[""all"",""all"",""all"",""all""]}","[{""x"":611,""y"":507,""t"":-369},{""x"":564,""y"":505,""t"":2},{""x"":522,""y"":522,""t"":107},{""x"":452,""y"":546,""t"":206},{""x"":456,""y"":531,""t"":309},{""x"":420,""y"":583,""t"":407},{""x"":440,""y"":568,""t"":513},{""x"":396,""y"":598,""t"":614},{""x"":364,""y"":556,""t"":777},{""x"":368,""y"":517,""t"":887},{""x"":395,""y"":520,""t"":1017},{""x"":403,""y"":535,""t"":1122},{""x"":380,""y"":561,""t"":1167},{""x"":393,""y"":570,""t"":1340},{""x"":379,""y"":572,""t"":1387},{""x"":383,""y"":563,""t"":1512},{""x"":385,""y"":528,""t"":1623},{""x"":342,""y"":517,""t"":1731},{""x"":374,""y"":495,""t"":1890},{""x"":526,""y"":483,""t"":1922},{""x"":711,""y"":476,""t"":2025},{""x"":849,""y"":494,""t"":2139},{""x"":1000,""y"":458,""t"":2237},{""x"":1070,""y"":471,""t"":2351},{""x"":1108,""y"":418,""t"":2509},{""x"":1143,""y"":396,""t"":2550},{""x"":1170,""y"":330,""t"":2651},{""x"":1153,""y"":313,""t"":2759},{""x"":1197,""y"":300,""t"":2874},{""x"":1127,""y"":303,""t"":2981},{""x"":945,""y"":275,""t"":3077},{""x"":844,""y"":296,""t"":3172},{""x"":679,""y"":303,""t"":3281},{""x"":549,""y"":356,""t"":3388},{""x"":503,""y"":435,""t"":3485},{""x"":396,""y"":494,""t"":3583},{""x"":444,""y"":502,""t"":3681},{""x"":464,""y"":495,""t"":3793},{""x"":565,""y"":476,""t"":3889},{""x"":581,""y"":501,""t"":3988},{""x"":716,""y"":488,""t"":4096},{""x"":757,""y"":469,""t"":4193},{""x"":638,""y"":471,""t"":4310},{""x"":618,""y"":451,""t"":4410},{""x"":585,""y"":441,""t"":4513},{""x"":651,""y"":410,""t"":4611},{""x"":712,""y"":424,""t"":4710},{""x"":787,""y"":415,""t"":4812},{""x"":870,""y"":419,""t"":4921},{""x"":929,""y"":415,""t"":5019},{""x"":986,""y"":423,""t"":5111},{""x"":1042,""y"":441,""t"":5209},{""x"":904,""y"":439,""t"":5394},{""x"":851,""y"":434,""t"":5438},{""x"":799,""y"":429,""t"":5540},{""x"":816,""y"":443,""t"":5651},{""x"":770,""y"":446,""t"":5753},{""x"":747,""y"":430,""t"":5860},{""x"":729,""y"":416,""t"":5969},{""x"":725,""y"":434,""t"":6066},{""x"":575,""y"":550,""t"":6173}]",0,0.9956147592348669,0.0043852407651332,wa_b-last,0
19,1,115,exp_48,0.0,677.0,0.49,0.32,6.9,8.2,higher_p,higher_m,0,1,alternatives,0.0,False,3.381,2.624,0.7570000000000006,1.0364678509508771,0.6,0.4,0.5,0.5,0.0,1.0,higher_p,higher_m,True,"{""durations"":[1500,1000,1500,1000],""alternatives"":[0,1,0,1],""attributes"":[""all"",""all"",""all"",""all""]}","[{""x"":445,""y"":632,""t"":-114},{""x"":508,""y"":579,""t"":3},{""x"":518,""y"":525,""t"":114},{""x"":478,""y"":513,""t"":225},{""x"":439,""y"":528,""t"":346},{""x"":445,""y"":514,""t"":458},{""x"":375,""y"":513,""t"":559},{""x"":373,""y"":533,""t"":670},{""x"":377,""y"":520,""t"":767},{""x"":349,""y"":482,""t"":877},{""x"":329,""y"":472,""t"":994},{""x"":477,""y"":444,""t"":1091},{""x"":555,""y"":476,""t"":1207},{""x"":648,""y"":470,""t"":1312},{""x"":751,""y"":486,""t"":1433},{""x"":853,""y"":500,""t"":1527},{""x"":878,""y"":491,""t"":1627},{""x"":895,""y"":511,""t"":1745},{""x"":886,""y"":526,""t"":1858},{""x"":1016,""y"":514,""t"":2043},{""x"":1066,""y"":512,""t"":2161},{""x"":1148,""y"":525,""t"":2280},{""x"":1118,""y"":436,""t"":2389},{""x"":1149,""y"":324,""t"":2494},{""x"":1165,""y"":314,""t"":2603},{""x"":1174,""y"":281,""t"":2716},{""x"":1142,""y"":217,""t"":2754},{""x"":1104,""y"":224,""t"":2861},{""x"":988,""y"":290,""t"":3040},{""x"":832,""y"":330,""t"":3154},{""x"":743,""y"":357,""t"":3257},{""x"":462,""y"":467,""t"":3366},{""x"":363,""y"":579,""t"":3490},{""x"":338,""y"":540,""t"":3536},{""x"":297,""y"":531,""t"":3635},{""x"":288,""y"":526,""t"":3760},{""x"":216,""y"":473,""t"":3858},{""x"":211,""y"":464,""t"":3964},{""x"":247,""y"":454,""t"":4061},{""x"":256,""y"":472,""t"":4287},{""x"":298,""y"":425,""t"":4326},{""x"":411,""y"":436,""t"":4435},{""x"":414,""y"":451,""t"":4529},{""x"":625,""y"":403,""t"":4632},{""x"":745,""y"":355,""t"":4741},{""x"":864,""y"":327,""t"":4852},{""x"":786,""y"":353,""t"":5042},{""x"":764,""y"":382,""t"":5150},{""x"":657,""y"":417,""t"":5258},{""x"":629,""y"":421,""t"":5395},{""x"":622,""y"":479,""t"":5441},{""x"":655,""y"":442,""t"":5553},{""x"":724,""y"":403,""t"":5657},{""x"":744,""y"":381,""t"":5755},{""x"":705,""y"":370,""t"":5856},{""x"":700,""y"":340,""t"":6002},{""x"":638,""y"":362,""t"":6101},{""x"":635,""y"":362,""t"":6217},{""x"":638,""y"":378,""t"":6315},{""x"":605,""y"":438,""t"":6411},{""x"":352,""y"":568,""t"":6508}]",0,0.8776403603719604,0.12235963962803958,wa_b-last,0
19,1,116,exp_111,0.0,639.0,0.78,0.4,2.1,3.0,higher_p,higher_m,0,1,attributes,1.0,True,1.638,1.2000000000000002,0.4379999999999999,0.7081329507986127,0.5,0.5,0.4,0.6,1.0,1.0,higher_m,higher_m,True,"{""durations"":[1000,1500,1000,1500],""alternatives"":[""all"",""all"",""all"",""all""],""attributes"":[""p"",""m"",""p"",""m""]}","[{""x"":550,""y"":456,""t"":-110},{""x"":599,""y"":427,""t"":3},{""x"":619,""y"":401,""t"":110},{""x"":661,""y"":344,""t"":208},{""x"":686,""y"":335,""t"":393},{""x"":718,""y"":366,""t"":504},{""x"":679,""y"":404,""t"":539},{""x"":729,""y"":395,""t"":703},{""x"":895,""y"":364,""t"":739},{""x"":983,""y"":351,""t"":842},{""x"":1092,""y"":335,""t"":953},{""x"":1122,""y"":347,""t"":1050},{""x"":1125,""y"":376,""t"":1174},{""x"":1174,""y"":370,""t"":1280},{""x"":1188,""y"":363,""t"":1456},{""x"":1145,""y"":312,""t"":1489},{""x"":987,""y"":322,""t"":1590},{""x"":920,""y"":276,""t"":1704},{""x"":774,""y"":318,""t"":1810},{""x"":716,""y"":338,""t"":1910},{""x"":746,""y"":304,""t"":2014},{""x"":819,""y"":259,""t"":2124},{""x"":848,""y"":235,""t"":2238},{""x"":889,""y"":263,""t"":2336},{""x"":940,""y"":306,""t"":2428},{""x"":946,""y"":368,""t"":2528},{""x"":934,""y"":374,""t"":2640},{""x"":986,""y"":362,""t"":2746},{""x"":1046,""y"":363,""t"":2867},{""x"":1045,""y"":383,""t"":2968},{""x"":952,""y"":416,""t"":3067},{""x"":821,""y"":479,""t"":3216},{""x"":915,""y"":462,""t"":3336},{""x"":963,""y"":465,""t"":3375},{""x"":1019,""y"":465,""t"":3483},{""x"":1012,""y"":476,""t"":3658},{""x"":983,""y"":505,""t"":3760},{""x"":941,""y"":547,""t"":3795},{""x"":994,""y"":502,""t"":3926},{""x"":1048,""y"":438,""t"":4045},{""x"":1071,""y"":368,""t"":4150},{""x"":1110,""y"":287,""t"":4256},{""x"":851,""y"":404,""t"":4364},{""x"":764,""y"":391,""t"":4479},{""x"":682,""y"":381,""t"":4574},{""x"":599,""y"":357,""t"":4736},{""x"":645,""y"":339,""t"":4857},{""x"":680,""y"":291,""t"":4963},{""x"":682,""y"":257,""t"":4997},{""x"":757,""y"":222,""t"":5112},{""x"":829,""y"":173,""t"":5210},{""x"":975,""y"":132,""t"":5305},{""x"":989,""y"":122,""t"":5400},{""x"":1072,""y"":123,""t"":5509},{""x"":1079,""y"":169,""t"":5626},{""x"":1050,""y"":228,""t"":5795},{""x"":1052,""y"":267,""t"":5918},{""x"":874,""y"":426,""t"":6042},{""x"":942,""y"":433,""t"":6090},{""x"":901,""y"":456,""t"":6207},{""x"":895,""y"":429,""t"":6323},{""x"":896,""y"":451,""t"":6427}]",0,0.9946680103987908,0.005331989601209141,wa_b-last,0
19,1,117,catch_13,1.0,733.0,0.21,0.52,1.7999999999999998,2.8,dominated,dominant,1,1,attributes,1.0,True,0.3779999999999999,1.456,-1.078,-0.8522297721820514,0.5,0.5,0.5,0.5,,1.0,,dominant,True,"{""durations"":[1250,1250,1250,1250],""attributes"":[""p"",""m"",""p"",""m""],""alternatives"":[""all"",""all"",""all"",""all""]}","[{""x"":891,""y"":346,""t"":-28},{""x"":860,""y"":340,""t"":3},{""x"":806,""y"":315,""t"":146},{""x"":677,""y"":345,""t"":261},{""x"":696,""y"":368,""t"":357},{""x"":737,""y"":362,""t"":459},{""x"":704,""y"":379,""t"":559},{""x"":771,""y"":315,""t"":666},{""x"":877,""y"":227,""t"":786},{""x"":933,""y"":247,""t"":956},{""x"":907,""y"":286,""t"":1067},{""x"":897,""y"":251,""t"":1175},{""x"":859,""y"":275,""t"":1282},{""x"":826,""y"":279,""t"":1411},{""x"":806,""y"":293,""t"":1530},{""x"":705,""y"":345,""t"":1578},{""x"":686,""y"":338,""t"":1744},{""x"":805,""y"":287,""t"":1848},{""x"":910,""y"":245,""t"":1883},{""x"":986,""y"":192,""t"":1981},{""x"":1072,""y"":127,""t"":2101},{""x"":1098,""y"":205,""t"":2197},{""x"":1031,""y"":248,""t"":2294},{""x"":917,""y"":302,""t"":2394},{""x"":928,""y"":308,""t"":2488},{""x"":926,""y"":321,""t"":2600},{""x"":836,""y"":362,""t"":2698},{""x"":879,""y"":366,""t"":2827},{""x"":887,""y"":375,""t"":2948},{""x"":918,""y"":389,""t"":3114},{""x"":907,""y"":383,""t"":3152},{""x"":867,""y"":380,""t"":3276},{""x"":881,""y"":373,""t"":3372},{""x"":824,""y"":422,""t"":3488},{""x"":770,""y"":399,""t"":3659},{""x"":685,""y"":409,""t"":3779},{""x"":689,""y"":439,""t"":3897},{""x"":753,""y"":408,""t"":4057},{""x"":815,""y"":388,""t"":4088},{""x"":824,""y"":406,""t"":4201},{""x"":796,""y"":407,""t"":4304},{""x"":808,""y"":438,""t"":4401},{""x"":877,""y"":445,""t"":4498},{""x"":890,""y"":389,""t"":4712},{""x"":915,""y"":310,""t"":4812},{""x"":948,""y"":235,""t"":4925},{""x"":913,""y"":233,""t"":5055},{""x"":889,""y"":269,""t"":5083},{""x"":864,""y"":280,""t"":5201},{""x"":859,""y"":281,""t"":5373},{""x"":830,""y"":302,""t"":5408},{""x"":816,""y"":301,""t"":5526},{""x"":830,""y"":318,""t"":5714},{""x"":856,""y"":294,""t"":5828},{""x"":814,""y"":355,""t"":5931},{""x"":822,""y"":393,""t"":6031},{""x"":844,""y"":402,""t"":6226},{""x"":831,""y"":387,""t"":6262},{""x"":869,""y"":386,""t"":6386},{""x"":886,""y"":412,""t"":6485},{""x"":753,""y"":428,""t"":6583}]",1,0.005881710067272338,0.9941182899327278,wa_b-last,0
19,1,118,exp_31,0.0,728.0,0.3,0.17,2.0,3.0,higher_p,higher_m,0,1,attributes,1.0,True,0.6,0.51,0.0899999999999999,0.3499494233597795,0.5,0.5,0.4,0.6,1.0,1.0,higher_m,higher_m,True,"{""durations"":[1000,1500,1000,1500],""alternatives"":[""all"",""all"",""all"",""all""],""attributes"":[""p"",""m"",""p"",""m""]}","[{""x"":895,""y"":453,""t"":-101},{""x"":784,""y"":478,""t"":4},{""x"":785,""y"":466,""t"":129},{""x"":757,""y"":463,""t"":238},{""x"":785,""y"":484,""t"":354},{""x"":685,""y"":535,""t"":452},{""x"":690,""y"":538,""t"":548},{""x"":859,""y"":473,""t"":646},{""x"":1002,""y"":429,""t"":764},{""x"":1121,""y"":405,""t"":869},{""x"":1216,""y"":390,""t"":962},{""x"":1291,""y"":383,""t"":1063},{""x"":1302,""y"":397,""t"":1164},{""x"":1326,""y"":354,""t"":1272},{""x"":1336,""y"":286,""t"":1384},{""x"":1212,""y"":262,""t"":1479},{""x"":1085,""y"":251,""t"":1584},{""x"":1012,""y"":270,""t"":1707},{""x"":955,""y"":276,""t"":1806},{""x"":927,""y"":289,""t"":1911},{""x"":979,""y"":218,""t"":2061},{""x"":982,""y"":164,""t"":2157},{""x"":1039,""y"":119,""t"":2257},{""x"":1082,""y"":55,""t"":2427},{""x"":1078,""y"":22,""t"":2511},{""x"":1137,""y"":22,""t"":2635},{""x"":1182,""y"":51,""t"":2735},{""x"":1156,""y"":39,""t"":2842},{""x"":1175,""y"":50,""t"":2969},{""x"":1195,""y"":89,""t"":3064},{""x"":1216,""y"":147,""t"":3165},{""x"":1231,""y"":197,""t"":3257},{""x"":1182,""y"":247,""t"":3434},{""x"":1138,""y"":243,""t"":3469},{""x"":1148,""y"":204,""t"":3564},{""x"":1184,""y"":180,""t"":3662},{""x"":1164,""y"":191,""t"":3769},{""x"":1137,""y"":157,""t"":3889},{""x"":1124,""y"":131,""t"":4001},{""x"":1126,""y"":139,""t"":4117},{""x"":1049,""y"":179,""t"":4228},{""x"":932,""y"":209,""t"":4322},{""x"":907,""y"":255,""t"":4417},{""x"":864,""y"":329,""t"":4530},{""x"":826,""y"":376,""t"":4627},{""x"":779,""y"":421,""t"":4744},{""x"":823,""y"":415,""t"":4852},{""x"":824,""y"":462,""t"":4946},{""x"":837,""y"":471,""t"":5047},{""x"":904,""y"":418,""t"":5158},{""x"":903,""y"":399,""t"":5252},{""x"":899,""y"":398,""t"":5348},{""x"":924,""y"":381,""t"":5460},{""x"":890,""y"":358,""t"":5631},{""x"":842,""y"":325,""t"":5665},{""x"":864,""y"":299,""t"":5827},{""x"":878,""y"":275,""t"":5861},{""x"":944,""y"":253,""t"":5981},{""x"":865,""y"":276,""t"":6083},{""x"":940,""y"":239,""t"":6178},{""x"":943,""y"":264,""t"":6351},{""x"":930,""y"":344,""t"":6388},{""x"":947,""y"":346,""t"":6498},{""x"":972,""y"":320,""t"":6597},{""x"":936,""y"":360,""t"":6704}]",0,0.8111170634377574,0.18888293656224256,wa_b-last,0
19,1,119,exp_83,0.0,923.0,0.61,0.29,2.2,8.1,higher_p,higher_m,0,1,attributes,1.0,True,1.342,2.349,-1.0069999999999997,-0.7791520984804501,0.5,0.5,0.6,0.4,0.0,0.0,higher_p,higher_p,True,"{""durations"":[1000,1500,1000,1500],""alternatives"":[""all"",""all"",""all"",""all""],""attributes"":[""m"",""p"",""m"",""p""]}","[{""x"":873,""y"":559,""t"":-97},{""x"":885,""y"":639,""t"":2},{""x"":839,""y"":748,""t"":127},{""x"":744,""y"":865,""t"":276},{""x"":740,""y"":861,""t"":390},{""x"":744,""y"":736,""t"":488},{""x"":742,""y"":638,""t"":586},{""x"":718,""y"":527,""t"":686},{""x"":726,""y"":447,""t"":803},{""x"":751,""y"":366,""t"":903},{""x"":765,""y"":334,""t"":1002},{""x"":809,""y"":265,""t"":1096},{""x"":844,""y"":209,""t"":1221},{""x"":935,""y"":148,""t"":1341},{""x"":712,""y"":342,""t"":1439},{""x"":687,""y"":356,""t"":1542},{""x"":709,""y"":380,""t"":1667},{""x"":839,""y"":336,""t"":1780},{""x"":889,""y"":287,""t"":1910},{""x"":1006,""y"":218,""t"":2022},{""x"":1135,""y"":182,""t"":2141},{""x"":1145,""y"":150,""t"":2275},{""x"":1062,""y"":217,""t"":2384},{""x"":981,""y"":209,""t"":2505},{""x"":960,""y"":193,""t"":2625},{""x"":797,""y"":288,""t"":2730},{""x"":598,""y"":398,""t"":2852},{""x"":479,""y"":410,""t"":2958},{""x"":550,""y"":354,""t"":3063},{""x"":696,""y"":254,""t"":3185},{""x"":835,""y"":183,""t"":3293},{""x"":922,""y"":149,""t"":3403},{""x"":1000,""y"":125,""t"":3521},{""x"":1013,""y"":120,""t"":3667},{""x"":1029,""y"":86,""t"":3790},{""x"":1008,""y"":131,""t"":3899},{""x"":1030,""y"":105,""t"":4016},{""x"":1085,""y"":131,""t"":4124},{""x"":1128,""y"":87,""t"":4229},{""x"":1187,""y"":135,""t"":4353},{""x"":1193,""y"":205,""t"":4460},{""x"":1226,""y"":262,""t"":4577},{""x"":1238,""y"":271,""t"":4699},{""x"":1314,""y"":283,""t"":4808},{""x"":1307,""y"":325,""t"":4922},{""x"":1181,""y"":384,""t"":5034},{""x"":981,""y"":433,""t"":5141},{""x"":889,""y"":447,""t"":5251},{""x"":792,""y"":469,""t"":5355},{""x"":833,""y"":428,""t"":5460},{""x"":892,""y"":383,""t"":5588},{""x"":1034,""y"":337,""t"":5713},{""x"":973,""y"":353,""t"":5833},{""x"":892,""y"":335,""t"":5943},{""x"":888,""y"":238,""t"":6053},{""x"":852,""y"":232,""t"":6401},{""x"":914,""y"":161,""t"":6513},{""x"":859,""y"":194,""t"":6627},{""x"":896,""y"":222,""t"":6732},{""x"":972,""y"":188,""t"":6839},{""x"":956,""y"":190,""t"":6954}]",0,0.9645998541255162,0.03540014587448394,wa_b-last,0
19,1,120,exp_71,1.0,1071.0,0.72,0.51,4.2,5.2,higher_p,higher_m,0,1,attributes,1.0,True,3.024,2.652,0.3719999999999999,0.6402015921464201,0.5,0.5,0.4,0.6,1.0,1.0,higher_m,higher_m,False,"{""durations"":[1000,1500,1000,1500],""alternatives"":[""all"",""all"",""all"",""all""],""attributes"":[""p"",""m"",""p"",""m""]}","[{""x"":861,""y"":367,""t"":-105},{""x"":870,""y"":351,""t"":3},{""x"":873,""y"":321,""t"":118},{""x"":937,""y"":290,""t"":239},{""x"":964,""y"":333,""t"":360},{""x"":976,""y"":352,""t"":462},{""x"":928,""y"":364,""t"":565},{""x"":764,""y"":338,""t"":682},{""x"":849,""y"":220,""t"":805},{""x"":715,""y"":338,""t"":911},{""x"":609,""y"":477,""t"":1019},{""x"":684,""y"":473,""t"":1122},{""x"":777,""y"":460,""t"":1239},{""x"":870,""y"":431,""t"":1364},{""x"":946,""y"":387,""t"":1543},{""x"":955,""y"":383,""t"":1671},{""x"":952,""y"":360,""t"":1781},{""x"":1016,""y"":317,""t"":1910},{""x"":984,""y"":314,""t"":1948},{""x"":950,""y"":331,""t"":2055},{""x"":997,""y"":302,""t"":2167},{""x"":1024,""y"":280,""t"":2272},{""x"":1018,""y"":281,""t"":2385},{""x"":1033,""y"":263,""t"":2516},{""x"":987,""y"":247,""t"":2632},{""x"":915,""y"":270,""t"":2756},{""x"":1027,""y"":217,""t"":2871},{""x"":1088,""y"":173,""t"":2974},{""x"":1122,""y"":204,""t"":3087},{""x"":1189,""y"":200,""t"":3211},{""x"":1176,""y"":234,""t"":3316},{""x"":1086,""y"":266,""t"":3420},{""x"":937,""y"":443,""t"":3526},{""x"":832,""y"":513,""t"":3633},{""x"":746,""y"":581,""t"":3756},{""x"":732,""y"":629,""t"":3870},{""x"":683,""y"":681,""t"":3986},{""x"":679,""y"":736,""t"":4090},{""x"":646,""y"":786,""t"":4193},{""x"":565,""y"":806,""t"":4315},{""x"":557,""y"":725,""t"":4424},{""x"":650,""y"":645,""t"":4532},{""x"":681,""y"":569,""t"":4636},{""x"":603,""y"":643,""t"":4759},{""x"":638,""y"":574,""t"":4881},{""x"":652,""y"":534,""t"":4987},{""x"":741,""y"":442,""t"":5093},{""x"":818,""y"":388,""t"":5197},{""x"":864,""y"":372,""t"":5300},{""x"":1023,""y"":319,""t"":5417},{""x"":1033,""y"":342,""t"":5526},{""x"":1098,""y"":317,""t"":5656},{""x"":1129,""y"":276,""t"":5764},{""x"":1147,""y"":270,""t"":5865},{""x"":994,""y"":426,""t"":5983},{""x"":965,""y"":444,""t"":6086},{""x"":977,""y"":425,""t"":6213},{""x"":970,""y"":422,""t"":6338},{""x"":956,""y"":418,""t"":6446},{""x"":966,""y"":408,""t"":6572},{""x"":972,""y"":391,""t"":6683},{""x"":890,""y"":414,""t"":6799},{""x"":889,""y"":414,""t"":6925},{""x"":837,""y"":375,""t"":7038}]",0,0.934316941924848,0.06568305807515201,wa_b-last,0
19,1,121,exp_24,0.0,554.0,0.3,0.17,2.0,3.0,higher_p,higher_m,0,1,alternatives,0.0,False,0.6,0.51,0.0899999999999999,0.3499494233597795,0.6,0.4,0.5,0.5,0.0,1.0,higher_p,higher_m,True,"{""durations"":[1500,1000,1500,1000],""alternatives"":[0,1,0,1],""attributes"":[""all"",""all"",""all"",""all""]}","[{""x"":796,""y"":430,""t"":-144},{""x"":832,""y"":397,""t"":-22},{""x"":830,""y"":381,""t"":0},{""x"":848,""y"":344,""t"":196},{""x"":854,""y"":305,""t"":299},{""x"":976,""y"":269,""t"":448},{""x"":969,""y"":336,""t"":559},{""x"":1025,""y"":348,""t"":678},{""x"":1073,""y"":343,""t"":795},{""x"":975,""y"":334,""t"":915},{""x"":1044,""y"":296,""t"":1021},{""x"":1024,""y"":256,""t"":1122},{""x"":1005,""y"":231,""t"":1222},{""x"":944,""y"":230,""t"":1331},{""x"":903,""y"":230,""t"":1435},{""x"":868,""y"":219,""t"":1565},{""x"":815,""y"":244,""t"":1670},{""x"":764,""y"":277,""t"":1780},{""x"":744,""y"":291,""t"":1885},{""x"":715,""y"":312,""t"":2060},{""x"":732,""y"":336,""t"":2098},{""x"":739,""y"":335,""t"":2218},{""x"":745,""y"":338,""t"":2324},{""x"":699,""y"":321,""t"":2432},{""x"":660,""y"":345,""t"":2538},{""x"":728,""y"":355,""t"":2640},{""x"":755,""y"":367,""t"":2749},{""x"":760,""y"":365,""t"":2874},{""x"":891,""y"":348,""t"":2987},{""x"":950,""y"":371,""t"":3101},{""x"":1077,""y"":350,""t"":3207},{""x"":1163,""y"":280,""t"":3316},{""x"":1184,""y"":249,""t"":3418},{""x"":1191,""y"":207,""t"":3539},{""x"":1131,""y"":376,""t"":3655},{""x"":1043,""y"":413,""t"":3771},{""x"":1029,""y"":463,""t"":3877},{""x"":1062,""y"":449,""t"":3979},{""x"":958,""y"":407,""t"":4084},{""x"":913,""y"":373,""t"":4200},{""x"":887,""y"":348,""t"":4303},{""x"":832,""y"":358,""t"":4404},{""x"":780,""y"":381,""t"":4540},{""x"":787,""y"":378,""t"":4658},{""x"":770,""y"":493,""t"":4770},{""x"":759,""y"":521,""t"":4896},{""x"":795,""y"":490,""t"":5043},{""x"":808,""y"":459,""t"":5147},{""x"":750,""y"":423,""t"":5318},{""x"":743,""y"":389,""t"":5504},{""x"":758,""y"":351,""t"":5544},{""x"":729,""y"":309,""t"":5670},{""x"":799,""y"":256,""t"":5774},{""x"":837,""y"":242,""t"":5882},{""x"":869,""y"":214,""t"":5994},{""x"":857,""y"":207,""t"":6102},{""x"":875,""y"":253,""t"":6220},{""x"":863,""y"":263,""t"":6420},{""x"":842,""y"":282,""t"":6461}]",0,0.8111170634377574,0.18888293656224256,wa_b-last,0
19,1,122,exp_65,0.0,341.0,0.72,0.51,4.2,5.2,higher_p,higher_m,0,1,attributes,1.0,True,3.024,2.652,0.3719999999999999,0.6402015921464201,0.5,0.5,0.6,0.4,0.0,1.0,higher_p,higher_m,True,"{""durations"":[1500,1000,1500,1000],""alternatives"":[""all"",""all"",""all"",""all""],""attributes"":[""p"",""m"",""p"",""m""]}","[{""x"":810,""y"":306,""t"":-115},{""x"":845,""y"":269,""t"":1},{""x"":847,""y"":269,""t"":128},{""x"":857,""y"":282,""t"":237},{""x"":852,""y"":306,""t"":340},{""x"":857,""y"":302,""t"":462},{""x"":1015,""y"":287,""t"":570},{""x"":1116,""y"":298,""t"":694},{""x"":1207,""y"":268,""t"":808},{""x"":1219,""y"":255,""t"":911},{""x"":1168,""y"":270,""t"":1033},{""x"":1046,""y"":312,""t"":1139},{""x"":906,""y"":295,""t"":1256},{""x"":700,""y"":486,""t"":1383},{""x"":739,""y"":503,""t"":1505},{""x"":736,""y"":475,""t"":1609},{""x"":706,""y"":449,""t"":1729},{""x"":653,""y"":447,""t"":1835},{""x"":831,""y"":359,""t"":2033},{""x"":915,""y"":311,""t"":2140},{""x"":1019,""y"":218,""t"":2244},{""x"":1025,""y"":248,""t"":2356},{""x"":911,""y"":406,""t"":2459},{""x"":855,""y"":383,""t"":2581},{""x"":820,""y"":371,""t"":2694},{""x"":821,""y"":353,""t"":2831},{""x"":856,""y"":315,""t"":2938},{""x"":839,""y"":427,""t"":3038},{""x"":852,""y"":483,""t"":3168},{""x"":723,""y"":603,""t"":3280},{""x"":674,""y"":593,""t"":3467},{""x"":696,""y"":588,""t"":3492},{""x"":692,""y"":564,""t"":3604},{""x"":769,""y"":533,""t"":3790},{""x"":907,""y"":453,""t"":3910},{""x"":877,""y"":369,""t"":3942},{""x"":835,""y"":307,""t"":4048},{""x"":831,""y"":230,""t"":4160},{""x"":746,""y"":219,""t"":4275},{""x"":712,""y"":222,""t"":4392},{""x"":666,""y"":217,""t"":4495},{""x"":645,""y"":324,""t"":4613},{""x"":660,""y"":401,""t"":4733},{""x"":707,""y"":399,""t"":4907},{""x"":753,""y"":381,""t"":4943},{""x"":771,""y"":340,""t"":5135},{""x"":690,""y"":351,""t"":5253},{""x"":758,""y"":311,""t"":5288},{""x"":757,""y"":298,""t"":5408},{""x"":753,""y"":272,""t"":5522},{""x"":731,""y"":274,""t"":5632},{""x"":655,""y"":277,""t"":5747},{""x"":668,""y"":268,""t"":5861},{""x"":690,""y"":285,""t"":5965}]",0,0.934316941924848,0.06568305807515201,wa_b-last,0
19,1,123,exp_0,0.0,586.0,0.79,0.49,5.300000000000001,8.3,higher_p,higher_m,0,1,alternatives,0.0,False,4.187000000000001,4.067,0.120000000000001,0.3808273136562317,0.6,0.4,0.5,0.5,0.0,1.0,higher_p,higher_m,True,"{""durations"":[1500,1000,1500,1000],""alternatives"":[0,1,0,1],""attributes"":[""all"",""all"",""all"",""all""]}","[{""x"":802,""y"":373,""t"":-104},{""x"":806,""y"":348,""t"":2},{""x"":818,""y"":296,""t"":112},{""x"":810,""y"":278,""t"":240},{""x"":786,""y"":277,""t"":349},{""x"":776,""y"":310,""t"":452},{""x"":768,""y"":328,""t"":568},{""x"":628,""y"":364,""t"":688},{""x"":605,""y"":335,""t"":815},{""x"":523,""y"":357,""t"":996},{""x"":559,""y"":355,""t"":1117},{""x"":574,""y"":352,""t"":1151},{""x"":589,""y"":354,""t"":1344},{""x"":637,""y"":363,""t"":1376},{""x"":631,""y"":377,""t"":1512},{""x"":535,""y"":436,""t"":1617},{""x"":550,""y"":367,""t"":1745},{""x"":742,""y"":322,""t"":1857},{""x"":804,""y"":329,""t"":1971},{""x"":939,""y"":294,""t"":2094},{""x"":906,""y"":285,""t"":2209},{""x"":962,""y"":254,""t"":2323},{""x"":883,""y"":258,""t"":2426},{""x"":839,""y"":223,""t"":2528},{""x"":749,""y"":227,""t"":2653},{""x"":719,""y"":187,""t"":2754},{""x"":644,""y"":178,""t"":2879},{""x"":596,""y"":177,""t"":2995},{""x"":516,""y"":193,""t"":3105},{""x"":542,""y"":175,""t"":3226},{""x"":546,""y"":205,""t"":3334},{""x"":547,""y"":268,""t"":3435},{""x"":586,""y"":274,""t"":3538},{""x"":542,""y"":299,""t"":3652},{""x"":649,""y"":276,""t"":3770},{""x"":741,""y"":257,""t"":3878},{""x"":714,""y"":259,""t"":3997},{""x"":794,""y"":236,""t"":4109},{""x"":851,""y"":192,""t"":4217},{""x"":849,""y"":212,""t"":4327},{""x"":784,""y"":246,""t"":4432},{""x"":761,""y"":273,""t"":4548},{""x"":690,""y"":314,""t"":4665},{""x"":654,""y"":323,""t"":4780},{""x"":671,""y"":351,""t"":4896},{""x"":544,""y"":524,""t"":5009},{""x"":557,""y"":622,""t"":5129},{""x"":575,""y"":626,""t"":5251},{""x"":625,""y"":617,""t"":5374},{""x"":704,""y"":622,""t"":5488},{""x"":693,""y"":590,""t"":5599},{""x"":673,""y"":567,""t"":5711},{""x"":699,""y"":504,""t"":5906},{""x"":678,""y"":471,""t"":6019},{""x"":685,""y"":423,""t"":6053},{""x"":717,""y"":452,""t"":6159},{""x"":854,""y"":383,""t"":6281},{""x"":754,""y"":321,""t"":6392},{""x"":760,""y"":250,""t"":6498}]",0,0.9686288349205197,0.031371165079480276,wa_b-last,0
19,1,124,exp_105,0.0,481.0,0.78,0.4,2.1,3.0,higher_p,higher_m,0,1,attributes,1.0,True,1.638,1.2000000000000002,0.4379999999999999,0.7081329507986127,0.5,0.5,0.6,0.4,0.0,1.0,higher_p,higher_m,True,"{""durations"":[1500,1000,1500,1000],""alternatives"":[""all"",""all"",""all"",""all""],""attributes"":[""p"",""m"",""p"",""m""]}","[{""x"":491,""y"":245,""t"":-41},{""x"":453,""y"":242,""t"":2},{""x"":493,""y"":211,""t"":124},{""x"":538,""y"":218,""t"":234},{""x"":593,""y"":258,""t"":343},{""x"":737,""y"":268,""t"":467},{""x"":894,""y"":269,""t"":654},{""x"":980,""y"":301,""t"":767},{""x"":1075,""y"":334,""t"":873},{""x"":975,""y"":360,""t"":976},{""x"":975,""y"":362,""t"":1149},{""x"":859,""y"":384,""t"":1274},{""x"":852,""y"":374,""t"":1398},{""x"":735,""y"":373,""t"":1504},{""x"":644,""y"":532,""t"":1614},{""x"":696,""y"":544,""t"":1726},{""x"":729,""y"":509,""t"":1845},{""x"":864,""y"":466,""t"":1956},{""x"":971,""y"":379,""t"":2070},{""x"":958,""y"":370,""t"":2170},{""x"":969,""y"":351,""t"":2281},{""x"":931,""y"":336,""t"":2386},{""x"":872,""y"":296,""t"":2491},{""x"":777,""y"":295,""t"":2615},{""x"":768,""y"":276,""t"":2741},{""x"":781,""y"":250,""t"":2847},{""x"":815,""y"":241,""t"":2954},{""x"":887,""y"":308,""t"":3074},{""x"":965,""y"":328,""t"":3184},{""x"":1060,""y"":315,""t"":3298},{""x"":1084,""y"":369,""t"":3414},{""x"":979,""y"":409,""t"":3520},{""x"":907,""y"":428,""t"":3632},{""x"":853,""y"":404,""t"":3735},{""x"":778,""y"":355,""t"":3857},{""x"":633,""y"":394,""t"":3965},{""x"":627,""y"":358,""t"":4079},{""x"":621,""y"":357,""t"":4185},{""x"":517,""y"":366,""t"":4297},{""x"":528,""y"":351,""t"":4415},{""x"":558,""y"":346,""t"":4542},{""x"":591,""y"":328,""t"":4648},{""x"":569,""y"":335,""t"":4822},{""x"":564,""y"":349,""t"":4932},{""x"":605,""y"":321,""t"":5054},{""x"":547,""y"":321,""t"":5180},{""x"":577,""y"":332,""t"":5292},{""x"":571,""y"":312,""t"":5401},{""x"":573,""y"":310,""t"":5443},{""x"":565,""y"":332,""t"":5556},{""x"":646,""y"":337,""t"":5660},{""x"":687,""y"":310,""t"":5779},{""x"":716,""y"":294,""t"":5881},{""x"":708,""y"":342,""t"":5994},{""x"":736,""y"":323,""t"":6139},{""x"":718,""y"":344,""t"":6244},{""x"":482,""y"":576,""t"":6362}]",0,0.9946680103987908,0.005331989601209141,wa_b-last,0
19,1,125,exp_81,0.0,535.0,0.61,0.29,2.2,8.1,higher_p,higher_m,0,1,attributes,1.0,True,1.342,2.349,-1.0069999999999997,-0.7791520984804501,0.5,0.5,0.6,0.4,0.0,1.0,higher_p,higher_m,True,"{""durations"":[1500,1000,1500,1000],""alternatives"":[""all"",""all"",""all"",""all""],""attributes"":[""p"",""m"",""p"",""m""]}","[{""x"":668,""y"":415,""t"":-131},{""x"":673,""y"":392,""t"":-22},{""x"":687,""y"":347,""t"":0},{""x"":589,""y"":390,""t"":192},{""x"":561,""y"":404,""t"":308},{""x"":633,""y"":411,""t"":416},{""x"":794,""y"":393,""t"":521},{""x"":953,""y"":410,""t"":625},{""x"":1038,""y"":429,""t"":728},{""x"":1126,""y"":449,""t"":845},{""x"":1207,""y"":389,""t"":967},{""x"":1097,""y"":430,""t"":1080},{""x"":1051,""y"":454,""t"":1189},{""x"":1095,""y"":435,""t"":1295},{""x"":1181,""y"":394,""t"":1403},{""x"":1221,""y"":390,""t"":1530},{""x"":1253,""y"":409,""t"":1647},{""x"":1262,""y"":420,""t"":1759},{""x"":1204,""y"":393,""t"":1944},{""x"":952,""y"":419,""t"":1993},{""x"":785,""y"":430,""t"":2126},{""x"":601,""y"":428,""t"":2257},{""x"":450,""y"":428,""t"":2367},{""x"":560,""y"":437,""t"":2474},{""x"":655,""y"":421,""t"":2575},{""x"":676,""y"":356,""t"":2719},{""x"":642,""y"":292,""t"":2820},{""x"":515,""y"":318,""t"":2942},{""x"":493,""y"":308,""t"":3049},{""x"":482,""y"":317,""t"":3152},{""x"":532,""y"":337,""t"":3275},{""x"":576,""y"":346,""t"":3384},{""x"":698,""y"":332,""t"":3511},{""x"":832,""y"":399,""t"":3618},{""x"":843,""y"":450,""t"":3729},{""x"":927,""y"":443,""t"":3832},{""x"":966,""y"":404,""t"":3943},{""x"":929,""y"":417,""t"":4060},{""x"":938,""y"":424,""t"":4207},{""x"":949,""y"":424,""t"":4330},{""x"":1008,""y"":420,""t"":4444},{""x"":1079,""y"":384,""t"":4601},{""x"":1000,""y"":428,""t"":4699},{""x"":1081,""y"":383,""t"":4807},{""x"":1024,""y"":384,""t"":4910},{""x"":859,""y"":400,""t"":5031},{""x"":664,""y"":416,""t"":5135},{""x"":578,""y"":364,""t"":5278},{""x"":521,""y"":342,""t"":5392},{""x"":677,""y"":256,""t"":5497},{""x"":823,""y"":227,""t"":5613},{""x"":874,""y"":205,""t"":5726},{""x"":887,""y"":191,""t"":5891},{""x"":847,""y"":200,""t"":6004},{""x"":848,""y"":259,""t"":6124},{""x"":901,""y"":271,""t"":6241},{""x"":898,""y"":296,""t"":6380},{""x"":903,""y"":289,""t"":6496},{""x"":601,""y"":564,""t"":6598}]",0,0.9478196848173036,0.052180315182696245,wa_b-last,0
19,1,126,exp_75,0.0,451.0,0.8,0.2,4.0,6.799999999999999,higher_p,higher_m,0,1,attributes,1.0,True,3.2,1.36,1.8400000000000003,2.151159690652763,0.5,0.5,0.6,0.4,0.0,0.0,higher_p,higher_p,True,"{""durations"":[1000,1500,1000,1500],""alternatives"":[""all"",""all"",""all"",""all""],""attributes"":[""m"",""p"",""m"",""p""]}","[{""x"":680,""y"":556,""t"":-103},{""x"":682,""y"":525,""t"":3},{""x"":737,""y"":485,""t"":130},{""x"":706,""y"":426,""t"":261},{""x"":700,""y"":406,""t"":380},{""x"":762,""y"":393,""t"":487},{""x"":778,""y"":346,""t"":603},{""x"":736,""y"":321,""t"":707},{""x"":738,""y"":309,""t"":811},{""x"":709,""y"":267,""t"":924},{""x"":651,""y"":279,""t"":1052},{""x"":730,""y"":304,""t"":1170},{""x"":792,""y"":292,""t"":1282},{""x"":735,""y"":365,""t"":1387},{""x"":721,""y"":399,""t"":1492},{""x"":842,""y"":393,""t"":1602},{""x"":965,""y"":351,""t"":1719},{""x"":1087,""y"":317,""t"":1827},{""x"":942,""y"":355,""t"":1947},{""x"":902,""y"":347,""t"":2068},{""x"":850,""y"":352,""t"":2247},{""x"":845,""y"":370,""t"":2283},{""x"":820,""y"":410,""t"":2403},{""x"":944,""y"":387,""t"":2511},{""x"":977,""y"":424,""t"":2619},{""x"":1019,""y"":421,""t"":2725},{""x"":1013,""y"":348,""t"":2827},{""x"":960,""y"":300,""t"":2968},{""x"":923,""y"":270,""t"":3071},{""x"":730,""y"":334,""t"":3185},{""x"":640,""y"":310,""t"":3290},{""x"":510,""y"":345,""t"":3411},{""x"":496,""y"":349,""t"":3522},{""x"":548,""y"":334,""t"":3646},{""x"":534,""y"":336,""t"":3769},{""x"":554,""y"":352,""t"":3876},{""x"":495,""y"":504,""t"":3993},{""x"":511,""y"":531,""t"":4111},{""x"":533,""y"":548,""t"":4235},{""x"":535,""y"":595,""t"":4343},{""x"":548,""y"":582,""t"":4463},{""x"":648,""y"":567,""t"":4568},{""x"":684,""y"":580,""t"":4676},{""x"":851,""y"":516,""t"":4785},{""x"":934,""y"":477,""t"":4903},{""x"":863,""y"":431,""t"":5104},{""x"":831,""y"":352,""t"":5209},{""x"":814,""y"":302,""t"":5401},{""x"":691,""y"":306,""t"":5436},{""x"":627,""y"":293,""t"":5543},{""x"":669,""y"":257,""t"":5656},{""x"":649,""y"":222,""t"":5780},{""x"":679,""y"":202,""t"":5884},{""x"":717,""y"":166,""t"":5990},{""x"":726,""y"":177,""t"":6107},{""x"":730,""y"":200,""t"":6215},{""x"":730,""y"":213,""t"":6328},{""x"":687,""y"":264,""t"":6445},{""x"":689,""y"":336,""t"":6547}]",0,0.9997715821931041,0.00022841780689581106,wa_b-last,0
19,1,127,exp_62,0.0,605.0,0.41,0.21,1.7999999999999998,6.2,higher_p,higher_m,0,1,alternatives,0.0,False,0.7379999999999999,1.302,-0.5640000000000002,-0.3231885851028554,0.4,0.6,0.5,0.5,1.0,1.0,higher_m,higher_m,True,"{""durations"":[1000,1500,1000,1500],""alternatives"":[0,1,0,1],""attributes"":[""all"",""all"",""all"",""all""]}","[{""x"":529,""y"":494,""t"":-30},{""x"":446,""y"":516,""t"":2},{""x"":432,""y"":512,""t"":121},{""x"":482,""y"":468,""t"":246},{""x"":543,""y"":426,""t"":418},{""x"":677,""y"":409,""t"":525},{""x"":879,""y"":398,""t"":649},{""x"":959,""y"":384,""t"":776},{""x"":971,""y"":401,""t"":886},{""x"":940,""y"":368,""t"":1007},{""x"":858,""y"":385,""t"":1050},{""x"":920,""y"":352,""t"":1160},{""x"":981,""y"":319,""t"":1287},{""x"":948,""y"":325,""t"":1477},{""x"":885,""y"":343,""t"":1592},{""x"":802,""y"":338,""t"":1700},{""x"":719,""y"":336,""t"":1813},{""x"":737,""y"":338,""t"":1962},{""x"":656,""y"":326,""t"":2009},{""x"":604,""y"":343,""t"":2124},{""x"":590,""y"":326,""t"":2227},{""x"":522,""y"":342,""t"":2348},{""x"":513,""y"":314,""t"":2472},{""x"":548,""y"":265,""t"":2582},{""x"":703,""y"":222,""t"":2698},{""x"":824,""y"":226,""t"":2809},{""x"":897,""y"":227,""t"":2983},{""x"":1032,""y"":218,""t"":3028},{""x"":1084,""y"":280,""t"":3130},{""x"":944,""y"":462,""t"":3267},{""x"":838,""y"":607,""t"":3373},{""x"":788,""y"":651,""t"":3488},{""x"":829,""y"":691,""t"":3590},{""x"":817,""y"":632,""t"":3711},{""x"":887,""y"":567,""t"":3832},{""x"":971,""y"":529,""t"":3942},{""x"":893,""y"":481,""t"":4049},{""x"":811,""y"":412,""t"":4155},{""x"":562,""y"":623,""t"":4259},{""x"":509,""y"":733,""t"":4380},{""x"":568,""y"":623,""t"":4485},{""x"":494,""y"":574,""t"":4607},{""x"":488,""y"":558,""t"":4716},{""x"":466,""y"":521,""t"":4831},{""x"":477,""y"":472,""t"":4945},{""x"":500,""y"":411,""t"":5059},{""x"":603,""y"":363,""t"":5167},{""x"":715,""y"":306,""t"":5270},{""x"":766,""y"":270,""t"":5393},{""x"":824,""y"":237,""t"":5512},{""x"":830,""y"":245,""t"":5761},{""x"":834,""y"":235,""t"":5879},{""x"":857,""y"":232,""t"":5997},{""x"":885,""y"":245,""t"":6121},{""x"":827,""y"":257,""t"":6237},{""x"":796,""y"":267,""t"":6359},{""x"":791,""y"":460,""t"":6531},{""x"":555,""y"":635,""t"":6566}]",1,0.8223297008740171,0.17767029912598287,wa_b-last,0
19,1,128,catch_10,1.0,1150.0,0.31,0.51,1.6999999999999995,3.2,dominated,dominant,1,1,alternatives,0.0,False,0.5269999999999999,1.632,-1.1050000000000002,-0.8800198734488577,0.5,0.5,0.5,0.5,,1.0,,dominant,True,"{""durations"":[1250,1250,1250,1250],""attributes"":[""all"",""all"",""all"",""all""],""alternatives"":[0,1,0,1]}","[{""x"":737,""y"":356,""t"":-31},{""x"":726,""y"":351,""t"":2},{""x"":730,""y"":341,""t"":141},{""x"":699,""y"":304,""t"":246},{""x"":695,""y"":298,""t"":364},{""x"":655,""y"":304,""t"":467},{""x"":661,""y"":308,""t"":671},{""x"":666,""y"":323,""t"":710},{""x"":632,""y"":346,""t"":822},{""x"":559,""y"":397,""t"":928},{""x"":497,""y"":415,""t"":1032},{""x"":489,""y"":399,""t"":1146},{""x"":576,""y"":349,""t"":1265},{""x"":609,""y"":310,""t"":1372},{""x"":687,""y"":297,""t"":1497},{""x"":730,""y"":316,""t"":1672},{""x"":778,""y"":333,""t"":1796},{""x"":824,""y"":364,""t"":1924},{""x"":814,""y"":356,""t"":2039},{""x"":864,""y"":327,""t"":2162},{""x"":1038,""y"":242,""t"":2274},{""x"":1038,""y"":216,""t"":2307},{""x"":1077,""y"":176,""t"":2411},{""x"":1052,""y"":215,""t"":2610},{""x"":998,""y"":244,""t"":2654},{""x"":929,""y"":301,""t"":2767},{""x"":874,""y"":341,""t"":2866},{""x"":806,""y"":362,""t"":2982},{""x"":746,""y"":393,""t"":3102},{""x"":585,""y"":423,""t"":3216},{""x"":456,""y"":442,""t"":3329},{""x"":486,""y"":400,""t"":3517},{""x"":574,""y"":382,""t"":3561},{""x"":621,""y"":349,""t"":3691},{""x"":669,""y"":298,""t"":3800},{""x"":689,""y"":303,""t"":3901},{""x"":655,""y"":282,""t"":4007},{""x"":683,""y"":264,""t"":4134},{""x"":685,""y"":275,""t"":4275},{""x"":830,""y"":267,""t"":4449},{""x"":927,""y"":268,""t"":4558},{""x"":897,""y"":241,""t"":4668},{""x"":878,""y"":266,""t"":4707},{""x"":857,""y"":299,""t"":4818},{""x"":784,""y"":329,""t"":4939},{""x"":749,""y"":319,""t"":5056},{""x"":724,""y"":317,""t"":5163},{""x"":702,""y"":304,""t"":5271},{""x"":683,""y"":308,""t"":5395},{""x"":655,""y"":293,""t"":5505},{""x"":712,""y"":277,""t"":5617},{""x"":742,""y"":262,""t"":5740},{""x"":759,""y"":283,""t"":5913},{""x"":835,""y"":264,""t"":6029},{""x"":845,""y"":277,""t"":6139},{""x"":854,""y"":258,""t"":6175},{""x"":893,""y"":230,""t"":6301},{""x"":925,""y"":240,""t"":6417},{""x"":962,""y"":256,""t"":6523},{""x"":924,""y"":245,""t"":6653},{""x"":867,""y"":281,""t"":6784},{""x"":813,""y"":277,""t"":6976}]",1,0.025924986445502642,0.9740750135544974,wa_b-last,0
19,1,129,exp_55,0.0,580.0,0.49,0.32,6.9,8.2,higher_p,higher_m,0,1,attributes,1.0,True,3.381,2.624,0.7570000000000006,1.0364678509508771,0.5,0.5,0.4,0.6,1.0,1.0,higher_m,higher_m,True,"{""durations"":[1000,1500,1000,1500],""alternatives"":[""all"",""all"",""all"",""all""],""attributes"":[""p"",""m"",""p"",""m""]}","[{""x"":571,""y"":440,""t"":-105},{""x"":584,""y"":414,""t"":4},{""x"":603,""y"":387,""t"":123},{""x"":544,""y"":396,""t"":223},{""x"":582,""y"":400,""t"":413},{""x"":608,""y"":384,""t"":536},{""x"":712,""y"":340,""t"":649},{""x"":766,""y"":344,""t"":689},{""x"":778,""y"":414,""t"":809},{""x"":819,""y"":358,""t"":939},{""x"":832,""y"":320,""t"":1067},{""x"":812,""y"":309,""t"":1174},{""x"":828,""y"":315,""t"":1308},{""x"":673,""y"":366,""t"":1410},{""x"":668,""y"":325,""t"":1536},{""x"":688,""y"":332,""t"":1653},{""x"":800,""y"":256,""t"":1775},{""x"":968,""y"":150,""t"":1904},{""x"":1036,""y"":173,""t"":2015},{""x"":893,""y"":361,""t"":2140},{""x"":856,""y"":400,""t"":2259},{""x"":825,""y"":400,""t"":2387},{""x"":800,""y"":397,""t"":2506},{""x"":768,""y"":409,""t"":2614},{""x"":759,""y"":365,""t"":2722},{""x"":730,""y"":385,""t"":2867},{""x"":738,""y"":345,""t"":2987},{""x"":697,""y"":332,""t"":3111},{""x"":674,""y"":362,""t"":3221},{""x"":762,""y"":331,""t"":3340},{""x"":786,""y"":314,""t"":3468},{""x"":798,""y"":314,""t"":3590},{""x"":845,""y"":308,""t"":3699},{""x"":884,""y"":265,""t"":3814},{""x"":885,""y"":257,""t"":3935},{""x"":908,""y"":209,""t"":4052},{""x"":844,""y"":199,""t"":4176},{""x"":840,""y"":216,""t"":4298},{""x"":874,""y"":177,""t"":4417},{""x"":987,""y"":100,""t"":4523},{""x"":984,""y"":91,""t"":4641},{""x"":1017,""y"":59,""t"":4762},{""x"":969,""y"":113,""t"":4869},{""x"":969,""y"":99,""t"":4975},{""x"":968,""y"":89,""t"":5100},{""x"":994,""y"":111,""t"":5240},{""x"":982,""y"":117,""t"":5375},{""x"":970,""y"":188,""t"":5485},{""x"":981,""y"":226,""t"":5595},{""x"":1001,""y"":225,""t"":5720},{""x"":1012,""y"":251,""t"":5834},{""x"":993,""y"":237,""t"":5973},{""x"":938,""y"":242,""t"":6085},{""x"":922,""y"":241,""t"":6192},{""x"":975,""y"":215,""t"":6302},{""x"":967,""y"":198,""t"":6412},{""x"":912,""y"":223,""t"":6528},{""x"":884,""y"":257,""t"":6636}]",0,0.8776403603719604,0.12235963962803958,wa_b-last,0
19,1,130,catch_14,1.0,685.0,0.22,0.28,4.1,7.9,dominated,dominant,1,1,alternatives,0.0,False,0.902,2.212,-1.3100000000000005,-1.0910187904746071,0.5,0.5,0.5,0.5,,1.0,,dominant,True,"{""durations"":[1250,1250,1250,1250],""attributes"":[""all"",""all"",""all"",""all""],""alternatives"":[0,1,0,1]}","[{""x"":676,""y"":382,""t"":-106},{""x"":765,""y"":309,""t"":3},{""x"":793,""y"":267,""t"":134},{""x"":738,""y"":277,""t"":248},{""x"":829,""y"":258,""t"":373},{""x"":955,""y"":209,""t"":498},{""x"":992,""y"":157,""t"":603},{""x"":1102,""y"":89,""t"":709},{""x"":1112,""y"":82,""t"":817},{""x"":1009,""y"":132,""t"":931},{""x"":943,""y"":175,""t"":1063},{""x"":834,""y"":239,""t"":1183},{""x"":737,""y"":292,""t"":1306},{""x"":686,""y"":309,""t"":1430},{""x"":663,""y"":344,""t"":1558},{""x"":585,""y"":404,""t"":1683},{""x"":531,""y"":439,""t"":1828},{""x"":543,""y"":396,""t"":1933},{""x"":558,""y"":407,""t"":2128},{""x"":557,""y"":379,""t"":2175},{""x"":563,""y"":369,""t"":2368},{""x"":565,""y"":390,""t"":2411},{""x"":593,""y"":430,""t"":2515},{""x"":605,""y"":418,""t"":2640},{""x"":605,""y"":431,""t"":2746},{""x"":602,""y"":412,""t"":2869},{""x"":617,""y"":363,""t"":3002},{""x"":806,""y"":346,""t"":3131},{""x"":994,""y"":236,""t"":3238},{""x"":1124,""y"":161,""t"":3347},{""x"":1179,""y"":85,""t"":3455},{""x"":1289,""y"":-60,""t"":3592},{""x"":1347,""y"":-116,""t"":3700},{""x"":1421,""y"":-166,""t"":3820},{""x"":1425,""y"":-106,""t"":3928},{""x"":1339,""y"":-44,""t"":4034},{""x"":1225,""y"":31,""t"":4148},{""x"":1076,""y"":115,""t"":4277},{""x"":977,""y"":183,""t"":4408},{""x"":871,""y"":229,""t"":4514},{""x"":842,""y"":267,""t"":4622},{""x"":699,""y"":339,""t"":4731},{""x"":646,""y"":382,""t"":4855},{""x"":627,""y"":432,""t"":4964},{""x"":523,""y"":444,""t"":5069},{""x"":523,""y"":407,""t"":5176},{""x"":617,""y"":404,""t"":5282},{""x"":734,""y"":361,""t"":5410},{""x"":840,""y"":305,""t"":5514},{""x"":874,""y"":267,""t"":5626},{""x"":934,""y"":200,""t"":5747},{""x"":838,""y"":227,""t"":5854},{""x"":863,""y"":213,""t"":5985},{""x"":859,""y"":213,""t"":6093},{""x"":694,""y"":385,""t"":6200},{""x"":636,""y"":501,""t"":6311},{""x"":647,""y"":468,""t"":6428},{""x"":577,""y"":450,""t"":6548},{""x"":551,""y"":405,""t"":6675}]",1,0.10078207970017436,0.8992179202998257,wa_b-last,0
19,1,131,exp_97,0.0,485.0,0.58,0.38,4.9,6.9,higher_p,higher_m,0,1,attributes,1.0,True,2.842,2.6220000000000003,0.2199999999999997,0.4837536146444009,0.5,0.5,0.6,0.4,0.0,1.0,higher_p,higher_m,True,"{""durations"":[1500,1000,1500,1000],""alternatives"":[""all"",""all"",""all"",""all""],""attributes"":[""p"",""m"",""p"",""m""]}","[{""x"":649,""y"":393,""t"":-119},{""x"":666,""y"":352,""t"":2},{""x"":688,""y"":334,""t"":118},{""x"":663,""y"":358,""t"":251},{""x"":636,""y"":360,""t"":368},{""x"":582,""y"":374,""t"":474},{""x"":510,""y"":400,""t"":580},{""x"":708,""y"":314,""t"":775},{""x"":837,""y"":272,""t"":821},{""x"":947,""y"":229,""t"":1001},{""x"":930,""y"":216,""t"":1039},{""x"":839,""y"":244,""t"":1157},{""x"":756,""y"":270,""t"":1273},{""x"":848,""y"":224,""t"":1392},{""x"":924,""y"":223,""t"":1512},{""x"":891,""y"":205,""t"":1621},{""x"":896,""y"":214,""t"":1741},{""x"":870,""y"":186,""t"":1852},{""x"":889,""y"":148,""t"":1978},{""x"":1096,""y"":15,""t"":2086},{""x"":1232,""y"":-132,""t"":2200},{""x"":1348,""y"":-299,""t"":2304},{""x"":1386,""y"":-388,""t"":2427},{""x"":1251,""y"":-319,""t"":2540},{""x"":1190,""y"":-201,""t"":2657},{""x"":1012,""y"":-39,""t"":2785},{""x"":880,""y"":58,""t"":2986},{""x"":801,""y"":169,""t"":3092},{""x"":707,""y"":264,""t"":3131},{""x"":802,""y"":261,""t"":3256},{""x"":857,""y"":289,""t"":3355},{""x"":899,""y"":254,""t"":3463},{""x"":837,""y"":376,""t"":3593},{""x"":783,""y"":448,""t"":3702},{""x"":764,""y"":427,""t"":3826},{""x"":719,""y"":417,""t"":3933},{""x"":653,""y"":399,""t"":4045},{""x"":690,""y"":382,""t"":4164},{""x"":717,""y"":378,""t"":4294},{""x"":728,""y"":364,""t"":4413},{""x"":740,""y"":339,""t"":4536},{""x"":784,""y"":340,""t"":4641},{""x"":708,""y"":368,""t"":4771},{""x"":641,""y"":461,""t"":4887},{""x"":576,""y"":437,""t"":5002},{""x"":603,""y"":380,""t"":5138},{""x"":691,""y"":364,""t"":5256},{""x"":743,""y"":321,""t"":5459},{""x"":718,""y"":298,""t"":5496},{""x"":804,""y"":129,""t"":5612},{""x"":865,""y"":132,""t"":5737},{""x"":865,""y"":136,""t"":5842},{""x"":840,""y"":139,""t"":5951},{""x"":787,""y"":169,""t"":6064},{""x"":756,""y"":162,""t"":6175},{""x"":778,""y"":107,""t"":6305},{""x"":552,""y"":335,""t"":6414}]",0,0.9019491405853937,0.0980508594146063,wa_b-last,0
19,1,132,exp_44,0.0,496.0,0.81,0.48,1.6999999999999995,7.9,higher_p,higher_m,0,1,alternatives,0.0,False,1.3769999999999998,3.792,-2.415,-2.2283544163938904,0.4,0.6,0.5,0.5,1.0,0.0,higher_m,higher_p,True,"{""durations"":[1500,1000,1500,1000],""alternatives"":[1,0,1,0],""attributes"":[""all"",""all"",""all"",""all""]}","[{""x"":721,""y"":303,""t"":-105},{""x"":730,""y"":290,""t"":2},{""x"":748,""y"":287,""t"":143},{""x"":773,""y"":286,""t"":297},{""x"":778,""y"":291,""t"":400},{""x"":726,""y"":304,""t"":522},{""x"":697,""y"":327,""t"":645},{""x"":653,""y"":330,""t"":754},{""x"":682,""y"":316,""t"":886},{""x"":796,""y"":173,""t"":1001},{""x"":852,""y"":135,""t"":1122},{""x"":886,""y"":127,""t"":1235},{""x"":835,""y"":171,""t"":1336},{""x"":882,""y"":167,""t"":1458},{""x"":871,""y"":159,""t"":1565},{""x"":876,""y"":166,""t"":1674},{""x"":838,""y"":192,""t"":1798},{""x"":925,""y"":193,""t"":1925},{""x"":971,""y"":166,""t"":2037},{""x"":1040,""y"":177,""t"":2165},{""x"":1111,""y"":164,""t"":2269},{""x"":1139,""y"":135,""t"":2379},{""x"":1244,""y"":44,""t"":2498},{""x"":1244,""y"":-67,""t"":2614},{""x"":1279,""y"":-164,""t"":2741},{""x"":1302,""y"":-243,""t"":2861},{""x"":1341,""y"":-295,""t"":2980},{""x"":1281,""y"":-313,""t"":3087},{""x"":1196,""y"":-298,""t"":3198},{""x"":1113,""y"":-301,""t"":3306},{""x"":1036,""y"":-240,""t"":3429},{""x"":952,""y"":-135,""t"":3547},{""x"":838,""y"":27,""t"":3665},{""x"":748,""y"":140,""t"":3780},{""x"":695,""y"":198,""t"":3891},{""x"":709,""y"":165,""t"":4000},{""x"":940,""y"":-3,""t"":4122},{""x"":989,""y"":-38,""t"":4231},{""x"":1090,""y"":-181,""t"":4340},{""x"":1057,""y"":-110,""t"":4451},{""x"":1044,""y"":-59,""t"":4566},{""x"":1057,""y"":11,""t"":4696},{""x"":1069,""y"":55,""t"":4820},{""x"":1138,""y"":47,""t"":4927},{""x"":1106,""y"":118,""t"":5031},{""x"":1067,""y"":123,""t"":5150},{""x"":1135,""y"":-3,""t"":5270},{""x"":1162,""y"":1,""t"":5396},{""x"":1154,""y"":145,""t"":5501},{""x"":1003,""y"":175,""t"":5616},{""x"":1017,""y"":171,""t"":5749},{""x"":1007,""y"":175,""t"":5873},{""x"":964,""y"":261,""t"":5993},{""x"":861,""y"":402,""t"":6114},{""x"":761,""y"":397,""t"":6243},{""x"":788,""y"":375,""t"":6352},{""x"":762,""y"":346,""t"":6463}]",0,0.9667167457118023,0.03328325428819758,wa_b-last,0
19,1,133,exp_110,0.0,705.0,0.78,0.4,2.1,3.0,higher_p,higher_m,0,1,alternatives,0.0,False,1.638,1.2000000000000002,0.4379999999999999,0.7081329507986127,0.4,0.6,0.5,0.5,1.0,1.0,higher_m,higher_m,True,"{""durations"":[1000,1500,1000,1500],""alternatives"":[0,1,0,1],""attributes"":[""all"",""all"",""all"",""all""]}","[{""x"":638,""y"":299,""t"":-127},{""x"":700,""y"":279,""t"":2},{""x"":759,""y"":305,""t"":133},{""x"":738,""y"":302,""t"":250},{""x"":873,""y"":267,""t"":374},{""x"":970,""y"":211,""t"":497},{""x"":1062,""y"":181,""t"":603},{""x"":1052,""y"":169,""t"":712},{""x"":997,""y"":134,""t"":837},{""x"":1003,""y"":123,""t"":946},{""x"":1172,""y"":-45,""t"":1068},{""x"":1101,""y"":36,""t"":1178},{""x"":1158,""y"":72,""t"":1312},{""x"":1022,""y"":122,""t"":1458},{""x"":949,""y"":158,""t"":1596},{""x"":898,""y"":163,""t"":1708},{""x"":835,""y"":160,""t"":1826},{""x"":771,""y"":81,""t"":1953},{""x"":813,""y"":-32,""t"":2069},{""x"":832,""y"":-105,""t"":2176},{""x"":764,""y"":11,""t"":2292},{""x"":687,""y"":98,""t"":2416},{""x"":632,""y"":167,""t"":2533},{""x"":568,""y"":244,""t"":2638},{""x"":567,""y"":298,""t"":2771},{""x"":518,""y"":305,""t"":2889},{""x"":537,""y"":316,""t"":3024},{""x"":475,""y"":360,""t"":3124},{""x"":623,""y"":329,""t"":3323},{""x"":779,""y"":278,""t"":3365},{""x"":815,""y"":235,""t"":3491},{""x"":905,""y"":172,""t"":3613},{""x"":1002,""y"":132,""t"":3732},{""x"":1135,""y"":77,""t"":3840},{""x"":1240,""y"":-57,""t"":3964},{""x"":1216,""y"":-7,""t"":4104},{""x"":1116,""y"":42,""t"":4227},{""x"":958,""y"":114,""t"":4354},{""x"":867,""y"":198,""t"":4463},{""x"":756,""y"":268,""t"":4572},{""x"":671,""y"":390,""t"":4688},{""x"":718,""y"":500,""t"":4806},{""x"":738,""y"":446,""t"":4968},{""x"":786,""y"":395,""t"":5097},{""x"":831,""y"":352,""t"":5221},{""x"":855,""y"":344,""t"":5362},{""x"":798,""y"":356,""t"":5479},{""x"":774,""y"":354,""t"":5610},{""x"":689,""y"":296,""t"":5751},{""x"":682,""y"":268,""t"":5866},{""x"":704,""y"":255,""t"":5972},{""x"":419,""y"":492,""t"":6076},{""x"":435,""y"":592,""t"":6209},{""x"":455,""y"":554,""t"":6320},{""x"":450,""y"":493,""t"":6434},{""x"":488,""y"":460,""t"":6544},{""x"":289,""y"":648,""t"":6656},{""x"":347,""y"":658,""t"":6775}]",0,0.9946680103987908,0.005331989601209141,wa_b-last,0
19,1,134,exp_41,0.0,1860.0,0.81,0.48,1.6999999999999995,7.9,higher_p,higher_m,0,1,attributes,1.0,True,1.3769999999999998,3.792,-2.415,-2.2283544163938904,0.5,0.5,0.6,0.4,0.0,1.0,higher_p,higher_m,True,"{""durations"":[1500,1000,1500,1000],""alternatives"":[""all"",""all"",""all"",""all""],""attributes"":[""p"",""m"",""p"",""m""]}","[{""x"":709,""y"":313,""t"":-110},{""x"":695,""y"":304,""t"":4},{""x"":695,""y"":307,""t"":133},{""x"":651,""y"":348,""t"":258},{""x"":585,""y"":408,""t"":406},{""x"":742,""y"":305,""t"":520},{""x"":905,""y"":292,""t"":654},{""x"":982,""y"":306,""t"":767},{""x"":1013,""y"":240,""t"":876},{""x"":909,""y"":259,""t"":998},{""x"":839,""y"":314,""t"":1113},{""x"":756,""y"":284,""t"":1235},{""x"":814,""y"":144,""t"":1348},{""x"":804,""y"":143,""t"":1454},{""x"":849,""y"":51,""t"":1607},{""x"":974,""y"":-93,""t"":1718},{""x"":1053,""y"":-201,""t"":1843},{""x"":1041,""y"":-251,""t"":1977},{""x"":1059,""y"":-284,""t"":2119},{""x"":1119,""y"":-329,""t"":2259},{""x"":1266,""y"":-451,""t"":2399},{""x"":1235,""y"":-487,""t"":2548},{""x"":1325,""y"":-487,""t"":2665},{""x"":1267,""y"":-522,""t"":2779},{""x"":1113,""y"":-493,""t"":2919},{""x"":1162,""y"":-564,""t"":3038},{""x"":1207,""y"":-579,""t"":3151},{""x"":1222,""y"":-511,""t"":3274},{""x"":1193,""y"":-233,""t"":3389},{""x"":1048,""y"":-41,""t"":3510},{""x"":910,""y"":119,""t"":3651},{""x"":787,""y"":229,""t"":3766},{""x"":822,""y"":254,""t"":3946},{""x"":827,""y"":324,""t"":4129},{""x"":717,""y"":391,""t"":4180},{""x"":620,""y"":453,""t"":4397},{""x"":589,""y"":470,""t"":4534},{""x"":591,""y"":509,""t"":4669},{""x"":653,""y"":500,""t"":4782},{""x"":774,""y"":395,""t"":4927},{""x"":582,""y"":378,""t"":5079},{""x"":674,""y"":275,""t"":5248},{""x"":656,""y"":306,""t"":5349},{""x"":635,""y"":304,""t"":5452},{""x"":691,""y"":271,""t"":5586},{""x"":636,""y"":298,""t"":5779},{""x"":560,""y"":326,""t"":5815},{""x"":600,""y"":308,""t"":5945},{""x"":603,""y"":282,""t"":6044},{""x"":685,""y"":243,""t"":6154},{""x"":774,""y"":149,""t"":6269},{""x"":750,""y"":156,""t"":6380},{""x"":815,""y"":154,""t"":6496},{""x"":874,""y"":70,""t"":6600},{""x"":913,""y"":47,""t"":6702},{""x"":995,""y"":-60,""t"":6883},{""x"":1013,""y"":-29,""t"":6989},{""x"":1029,""y"":-37,""t"":7159},{""x"":1084,""y"":-104,""t"":7197},{""x"":1009,""y"":-56,""t"":7388},{""x"":1058,""y"":-143,""t"":7420},{""x"":960,""y"":-25,""t"":7533},{""x"":904,""y"":14,""t"":7639},{""x"":874,""y"":20,""t"":7775},{""x"":849,""y"":82,""t"":7877},{""x"":868,""y"":131,""t"":7984},{""x"":659,""y"":342,""t"":8095}]",0,0.9508889245418387,0.049111075458161235,wa_b-last,0
19,1,135,exp_21,0.0,580.0,0.28,0.17,4.3,8.3,higher_p,higher_m,0,1,attributes,1.0,True,1.204,1.4110000000000005,-0.2070000000000003,0.0442583094249129,0.5,0.5,0.4,0.6,1.0,0.0,higher_m,higher_p,True,"{""durations"":[1500,1000,1500,1000],""alternatives"":[""all"",""all"",""all"",""all""],""attributes"":[""m"",""p"",""m"",""p""]}","[{""x"":614,""y"":367,""t"":-116},{""x"":644,""y"":356,""t"":2},{""x"":660,""y"":348,""t"":131},{""x"":780,""y"":232,""t"":828},{""x"":918,""y"":63,""t"":934},{""x"":877,""y"":110,""t"":1118},{""x"":850,""y"":110,""t"":1180},{""x"":874,""y"":117,""t"":1316},{""x"":880,""y"":139,""t"":1461},{""x"":846,""y"":199,""t"":1603},{""x"":870,""y"":197,""t"":1741},{""x"":806,""y"":211,""t"":1872},{""x"":768,""y"":199,""t"":2055},{""x"":901,""y"":176,""t"":2179},{""x"":842,""y"":215,""t"":2295},{""x"":773,""y"":259,""t"":2404},{""x"":693,""y"":288,""t"":2548},{""x"":772,""y"":279,""t"":2671},{""x"":862,""y"":232,""t"":2784},{""x"":943,""y"":240,""t"":2896},{""x"":966,""y"":227,""t"":3004},{""x"":936,""y"":243,""t"":3109},{""x"":883,""y"":248,""t"":3227},{""x"":993,""y"":43,""t"":3347},{""x"":1104,""y"":-66,""t"":3451},{""x"":1213,""y"":-195,""t"":3559},{""x"":1213,""y"":-278,""t"":3682},{""x"":975,""y"":-238,""t"":3785},{""x"":820,""y"":-222,""t"":3916},{""x"":716,""y"":-187,""t"":4035},{""x"":628,""y"":-74,""t"":4142},{""x"":478,""y"":60,""t"":4246},{""x"":224,""y"":202,""t"":4349},{""x"":85,""y"":229,""t"":4464},{""x"":54,""y"":162,""t"":4594},{""x"":27,""y"":108,""t"":4695},{""x"":171,""y"":9,""t"":4806},{""x"":298,""y"":-49,""t"":4905},{""x"":470,""y"":-136,""t"":5019},{""x"":655,""y"":-221,""t"":5141},{""x"":769,""y"":-127,""t"":5262},{""x"":915,""y"":-104,""t"":5375},{""x"":1008,""y"":-55,""t"":5510},{""x"":1248,""y"":-195,""t"":5615},{""x"":1246,""y"":-246,""t"":5753},{""x"":1292,""y"":-274,""t"":5860},{""x"":1254,""y"":-211,""t"":5982},{""x"":1031,""y"":32,""t"":6095},{""x"":950,""y"":160,""t"":6197},{""x"":831,""y"":249,""t"":6309},{""x"":817,""y"":295,""t"":6429},{""x"":807,""y"":324,""t"":6531},{""x"":850,""y"":249,""t"":6637}]",1,0.669256885747614,0.330743114252386,wa_b-last,0
19,1,136,exp_39,0.0,581.0,0.79,0.7,2.0,3.2,higher_p,higher_m,0,1,attributes,1.0,True,1.58,2.24,-0.6599999999999997,-0.4219978340514986,0.5,0.5,0.4,0.6,1.0,1.0,higher_m,higher_m,True,"{""durations"":[1000,1500,1000,1500],""alternatives"":[""all"",""all"",""all"",""all""],""attributes"":[""p"",""m"",""p"",""m""]}","[{""x"":554,""y"":458,""t"":-119},{""x"":604,""y"":428,""t"":1},{""x"":703,""y"":272,""t"":127},{""x"":631,""y"":268,""t"":233},{""x"":622,""y"":287,""t"":338},{""x"":711,""y"":288,""t"":457},{""x"":808,""y"":270,""t"":565},{""x"":922,""y"":257,""t"":679},{""x"":957,""y"":247,""t"":791},{""x"":893,""y"":293,""t"":921},{""x"":816,""y"":308,""t"":1041},{""x"":749,""y"":347,""t"":1162},{""x"":877,""y"":298,""t"":1284},{""x"":901,""y"":261,""t"":1390},{""x"":860,""y"":233,""t"":1508},{""x"":973,""y"":99,""t"":1633},{""x"":1049,""y"":4,""t"":1743},{""x"":1196,""y"":-154,""t"":1846},{""x"":1267,""y"":-241,""t"":1946},{""x"":1402,""y"":-369,""t"":2049},{""x"":1391,""y"":-416,""t"":2157},{""x"":1416,""y"":-438,""t"":2271},{""x"":1437,""y"":-461,""t"":2405},{""x"":1468,""y"":-458,""t"":2520},{""x"":1450,""y"":-451,""t"":2638},{""x"":1413,""y"":-456,""t"":2738},{""x"":1382,""y"":-476,""t"":2862},{""x"":1329,""y"":-415,""t"":2994},{""x"":1328,""y"":-312,""t"":3106},{""x"":1330,""y"":-213,""t"":3209},{""x"":1204,""y"":-125,""t"":3312},{""x"":1073,""y"":10,""t"":3443},{""x"":1151,""y"":3,""t"":3641},{""x"":1182,""y"":35,""t"":3759},{""x"":1123,""y"":57,""t"":3872},{""x"":1086,""y"":-70,""t"":3986},{""x"":1154,""y"":-157,""t"":4113},{""x"":1168,""y"":-197,""t"":4224},{""x"":1068,""y"":-199,""t"":4331},{""x"":1082,""y"":-227,""t"":4441},{""x"":1138,""y"":-266,""t"":4560},{""x"":1181,""y"":-308,""t"":4663},{""x"":1219,""y"":-357,""t"":4765},{""x"":1219,""y"":-364,""t"":4868},{""x"":1219,""y"":-413,""t"":4975},{""x"":1046,""y"":-400,""t"":5093},{""x"":985,""y"":-413,""t"":5214},{""x"":940,""y"":-281,""t"":5323},{""x"":925,""y"":-238,""t"":5429},{""x"":918,""y"":-102,""t"":5552},{""x"":868,""y"":-5,""t"":5675},{""x"":749,""y"":129,""t"":5813},{""x"":765,""y"":175,""t"":5924},{""x"":732,""y"":229,""t"":6030},{""x"":721,""y"":262,""t"":6136},{""x"":742,""y"":301,""t"":6249},{""x"":744,""y"":301,""t"":6351},{""x"":498,""y"":525,""t"":6492}]",1,0.69023148692093,0.3097685130790701,wa_b-last,0
19,1,137,exp_34,0.0,474.0,0.79,0.7,2.0,3.2,higher_p,higher_m,0,1,alternatives,0.0,False,1.58,2.24,-0.6599999999999997,-0.4219978340514986,0.6,0.4,0.5,0.5,0.0,0.0,higher_p,higher_p,True,"{""durations"":[1000,1500,1000,1500],""alternatives"":[1,0,1,0],""attributes"":[""all"",""all"",""all"",""all""]}","[{""x"":515,""y"":517,""t"":-109},{""x"":618,""y"":469,""t"":57},{""x"":698,""y"":423,""t"":175},{""x"":621,""y"":455,""t"":276},{""x"":707,""y"":440,""t"":396},{""x"":681,""y"":417,""t"":495},{""x"":652,""y"":418,""t"":626},{""x"":630,""y"":422,""t"":731},{""x"":631,""y"":413,""t"":833},{""x"":531,""y"":414,""t"":950},{""x"":574,""y"":359,""t"":1071},{""x"":588,""y"":297,""t"":1194},{""x"":603,""y"":304,""t"":1308},{""x"":698,""y"":260,""t"":1415},{""x"":822,""y"":200,""t"":1516},{""x"":918,""y"":167,""t"":1636},{""x"":963,""y"":154,""t"":1747},{""x"":909,""y"":182,""t"":1853},{""x"":886,""y"":214,""t"":1956},{""x"":928,""y"":181,""t"":2057},{""x"":1052,""y"":59,""t"":2181},{""x"":1139,""y"":-58,""t"":2306},{""x"":1210,""y"":-201,""t"":2408},{""x"":1263,""y"":-263,""t"":2513},{""x"":1238,""y"":-285,""t"":2614},{""x"":1219,""y"":-318,""t"":2718},{""x"":1159,""y"":-253,""t"":2848},{""x"":1046,""y"":-138,""t"":2970},{""x"":972,""y"":-38,""t"":3074},{""x"":832,""y"":74,""t"":3187},{""x"":721,""y"":198,""t"":3300},{""x"":623,""y"":277,""t"":3412},{""x"":568,""y"":342,""t"":3526},{""x"":509,""y"":403,""t"":3631},{""x"":465,""y"":422,""t"":3746},{""x"":303,""y"":430,""t"":3859},{""x"":261,""y"":477,""t"":3966},{""x"":259,""y"":514,""t"":4093},{""x"":479,""y"":435,""t"":4202},{""x"":691,""y"":358,""t"":4325},{""x"":901,""y"":236,""t"":4445},{""x"":1005,""y"":179,""t"":4574},{""x"":1035,""y"":144,""t"":4685},{""x"":1088,""y"":56,""t"":4806},{""x"":1156,""y"":-56,""t"":4913},{""x"":1181,""y"":-113,""t"":5016},{""x"":1265,""y"":-180,""t"":5145},{""x"":1207,""y"":-84,""t"":5251},{""x"":1201,""y"":-38,""t"":5370},{""x"":1205,""y"":2,""t"":5477},{""x"":1161,""y"":64,""t"":5607},{""x"":1119,""y"":110,""t"":5725},{""x"":1042,""y"":152,""t"":5830},{""x"":968,""y"":197,""t"":5941},{""x"":924,""y"":225,""t"":6057},{""x"":899,""y"":251,""t"":6188},{""x"":869,""y"":246,""t"":6298},{""x"":857,""y"":269,""t"":6396},{""x"":592,""y"":443,""t"":6510}]",0,0.7697216569005515,0.23027834309944858,wa_b-last,0
19,1,138,exp_109,0.0,542.0,0.78,0.4,2.1,3.0,higher_p,higher_m,0,1,attributes,1.0,True,1.638,1.2000000000000002,0.4379999999999999,0.7081329507986127,0.5,0.5,0.4,0.6,1.0,0.0,higher_m,higher_p,True,"{""durations"":[1500,1000,1500,1000],""alternatives"":[""all"",""all"",""all"",""all""],""attributes"":[""m"",""p"",""m"",""p""]}","[{""x"":613,""y"":315,""t"":-147},{""x"":682,""y"":323,""t"":5},{""x"":695,""y"":322,""t"":155},{""x"":718,""y"":325,""t"":260},{""x"":673,""y"":335,""t"":364},{""x"":720,""y"":247,""t"":488},{""x"":901,""y"":105,""t"":641},{""x"":1069,""y"":-65,""t"":757},{""x"":1009,""y"":-149,""t"":922},{""x"":1000,""y"":-161,""t"":958},{""x"":1038,""y"":-142,""t"":1069},{""x"":1095,""y"":-90,""t"":1196},{""x"":1153,""y"":-116,""t"":1317},{""x"":1193,""y"":-255,""t"":1419},{""x"":1150,""y"":-309,""t"":1535},{""x"":1074,""y"":-258,""t"":1694},{""x"":946,""y"":-100,""t"":1818},{""x"":847,""y"":63,""t"":1927},{""x"":753,""y"":207,""t"":2029},{""x"":813,""y"":264,""t"":2136},{""x"":814,""y"":278,""t"":2268},{""x"":856,""y"":291,""t"":2373},{""x"":918,""y"":319,""t"":2474},{""x"":889,""y"":371,""t"":2598},{""x"":896,""y"":369,""t"":2713},{""x"":930,""y"":317,""t"":2828},{""x"":992,""y"":214,""t"":2957},{""x"":964,""y"":225,""t"":3063},{""x"":995,""y"":113,""t"":3166},{""x"":1001,""y"":-56,""t"":3273},{""x"":1008,""y"":-114,""t"":3378},{""x"":975,""y"":-63,""t"":3489},{""x"":1057,""y"":-172,""t"":3602},{""x"":988,""y"":-117,""t"":3706},{""x"":881,""y"":-71,""t"":3823},{""x"":799,""y"":53,""t"":3927},{""x"":804,""y"":91,""t"":4032},{""x"":763,""y"":128,""t"":4141},{""x"":705,""y"":226,""t"":4255},{""x"":753,""y"":256,""t"":4360},{""x"":732,""y"":305,""t"":4471},{""x"":688,""y"":349,""t"":4589},{""x"":673,""y"":368,""t"":4702},{""x"":678,""y"":392,""t"":4824},{""x"":724,""y"":383,""t"":5002},{""x"":737,""y"":375,""t"":5113},{""x"":728,""y"":343,""t"":5222},{""x"":741,""y"":330,""t"":5263},{""x"":658,""y"":367,""t"":5365},{""x"":585,""y"":416,""t"":5481},{""x"":538,""y"":442,""t"":5588},{""x"":587,""y"":450,""t"":5708},{""x"":566,""y"":444,""t"":5812},{""x"":613,""y"":417,""t"":5913},{""x"":653,""y"":387,""t"":6022},{""x"":692,""y"":362,""t"":6201},{""x"":733,""y"":343,""t"":6238},{""x"":777,""y"":323,""t"":6345},{""x"":779,""y"":280,""t"":6451},{""x"":773,""y"":279,""t"":6554}]",0,0.9964392714699807,0.0035607285300192026,wa_b-last,0
19,1,139,exp_92,0.0,471.0,0.5,0.38,3.0,4.0,higher_p,higher_m,0,1,alternatives,0.0,False,1.5,1.52,-0.02,0.236730492272792,0.4,0.6,0.5,0.5,1.0,0.0,higher_m,higher_p,True,"{""durations"":[1500,1000,1500,1000],""alternatives"":[1,0,1,0],""attributes"":[""all"",""all"",""all"",""all""]}","[{""x"":822,""y"":191,""t"":-29},{""x"":833,""y"":194,""t"":1},{""x"":800,""y"":222,""t"":127},{""x"":756,""y"":262,""t"":237},{""x"":711,""y"":303,""t"":357},{""x"":677,""y"":357,""t"":463},{""x"":590,""y"":391,""t"":566},{""x"":508,""y"":417,""t"":675},{""x"":506,""y"":422,""t"":776},{""x"":510,""y"":406,""t"":891},{""x"":506,""y"":421,""t"":1013},{""x"":503,""y"":426,""t"":1126},{""x"":563,""y"":436,""t"":1229},{""x"":613,""y"":474,""t"":1334},{""x"":608,""y"":452,""t"":1445},{""x"":595,""y"":423,""t"":1565},{""x"":626,""y"":384,""t"":1782},{""x"":680,""y"":245,""t"":1894},{""x"":713,""y"":251,""t"":1997},{""x"":945,""y"":71,""t"":2099},{""x"":1091,""y"":-77,""t"":2211},{""x"":1211,""y"":-168,""t"":2333},{""x"":1240,""y"":-104,""t"":2444},{""x"":1328,""y"":-241,""t"":2555},{""x"":1352,""y"":-298,""t"":2662},{""x"":1308,""y"":-283,""t"":2761},{""x"":1305,""y"":-324,""t"":2871},{""x"":1287,""y"":-386,""t"":2994},{""x"":1284,""y"":-381,""t"":3098},{""x"":1101,""y"":-202,""t"":3198},{""x"":959,""y"":-12,""t"":3298},{""x"":830,""y"":124,""t"":3400},{""x"":663,""y"":218,""t"":3509},{""x"":571,""y"":280,""t"":3638},{""x"":555,""y"":338,""t"":3752},{""x"":574,""y"":185,""t"":3854},{""x"":704,""y"":76,""t"":3954},{""x"":874,""y"":-42,""t"":4062},{""x"":974,""y"":-122,""t"":4181},{""x"":820,""y"":-69,""t"":4292},{""x"":835,""y"":-126,""t"":4393},{""x"":838,""y"":-139,""t"":4499},{""x"":872,""y"":-179,""t"":4619},{""x"":955,""y"":-124,""t"":4728},{""x"":1028,""y"":-143,""t"":4841},{""x"":1074,""y"":-146,""t"":4947},{""x"":1148,""y"":-185,""t"":5045},{""x"":1246,""y"":-271,""t"":5174},{""x"":1248,""y"":-271,""t"":5278},{""x"":983,""y"":-222,""t"":5394},{""x"":950,""y"":-39,""t"":5495},{""x"":858,""y"":106,""t"":5598},{""x"":765,""y"":190,""t"":5720},{""x"":841,""y"":69,""t"":5832},{""x"":818,""y"":72,""t"":5944},{""x"":847,""y"":-45,""t"":6071},{""x"":845,""y"":53,""t"":6189},{""x"":819,""y"":149,""t"":6304},{""x"":840,""y"":196,""t"":6409},{""x"":857,""y"":342,""t"":6513}]",0,0.8472395136421833,0.15276048635781667,wa_b-last,0
