subject_id,block,trial,condition,choice,rt,p0,p1,m0,m1,label0,label1,higher_p,higher_m,presentation,presentation01,by_attribute,ev0,ev1,delta_ev,delta_ev_z,g0,g1,gp,gm,duration_favours,last_stage_favours,duration_favours_str,last_stage_favours_str,choose_higher_p,sequence,webgazer_data,predicted_choice,predicted_choiceprob_0,predicted_choiceprob_1,model,rep
147-attributes,0,2,exp_3,0.0,645.7000000029802,0.79,0.49,5.300000000000001,8.3,higher_p,higher_m,0,1,attributes,1.0,True,4.187000000000001,4.067,0.120000000000001,0.3808273136562317,0.5,0.5,0.6,0.4,0.0,0.0,higher_p,higher_p,True,"{""durations"":[1000,1500,1000,1500],""alternatives"":[""all"",""all"",""all"",""all""],""attributes"":[""m"",""p"",""m"",""p""]}","[{""x"":585,""y"":281,""t"":-39},{""x"":569,""y"":267,""t"":0},{""x"":581,""y"":274,""t"":69},{""x"":586,""y"":277,""t"":126},{""x"":590,""y"":280,""t"":142},{""x"":593,""y"":295,""t"":201},{""x"":596,""y"":307,""t"":218},{""x"":545,""y"":296,""t"":278},{""x"":499,""y"":271,""t"":329},{""x"":443,""y"":249,""t"":344},{""x"":393,""y"":228,""t"":405},{""x"":353,""y"":211,""t"":419},{""x"":339,""y"":190,""t"":479},{""x"":296,""y"":185,""t"":547},{""x"":287,""y"":175,""t"":599},{""x"":278,""y"":176,""t"":615},{""x"":283,""y"":159,""t"":678},{""x"":294,""y"":150,""t"":693},{""x"":310,""y"":148,""t"":759},{""x"":408,""y"":144,""t"":818},{""x"":563,""y"":140,""t"":868},{""x"":673,""y"":125,""t"":885},{""x"":762,""y"":127,""t"":943},{""x"":833,""y"":130,""t"":958},{""x"":884,""y"":145,""t"":1020},{""x"":922,""y"":159,""t"":1034},{""x"":932,""y"":161,""t"":1095},{""x"":938,""y"":159,""t"":1123},{""x"":931,""y"":166,""t"":1180},{""x"":922,""y"":171,""t"":1196},{""x"":933,""y"":179,""t"":1257},{""x"":939,""y"":186,""t"":1272},{""x"":926,""y"":231,""t"":1331},{""x"":913,""y"":269,""t"":1362},{""x"":918,""y"":309,""t"":1422},{""x"":921,""y"":342,""t"":1436},{""x"":926,""y"":358,""t"":1498},{""x"":895,""y"":387,""t"":1549},{""x"":888,""y"":391,""t"":1565},{""x"":872,""y"":429,""t"":1626},{""x"":858,""y"":458,""t"":1640},{""x"":864,""y"":447,""t"":1699},{""x"":870,""y"":446,""t"":1714},{""x"":851,""y"":445,""t"":1774},{""x"":834,""y"":442,""t"":1803},{""x"":851,""y"":416,""t"":1865},{""x"":857,""y"":408,""t"":1881},{""x"":871,""y"":405,""t"":1940},{""x"":883,""y"":400,""t"":2005},{""x"":897,""y"":382,""t"":2025},{""x"":919,""y"":377,""t"":2065},{""x"":900,""y"":385,""t"":2105},{""x"":878,""y"":382,""t"":2166},{""x"":853,""y"":410,""t"":2204},{""x"":847,""y"":408,""t"":2242},{""x"":841,""y"":409,""t"":2279},{""x"":840,""y"":405,""t"":2340},{""x"":840,""y"":402,""t"":2356},{""x"":844,""y"":385,""t"":2415},{""x"":862,""y"":347,""t"":2470},{""x"":878,""y"":314,""t"":2486},{""x"":891,""y"":280,""t"":2544},{""x"":878,""y"":262,""t"":2560},{""x"":875,""y"":260,""t"":2622},{""x"":863,""y"":245,""t"":2676},{""x"":852,""y"":234,""t"":2691},{""x"":841,""y"":269,""t"":2753},{""x"":832,""y"":292,""t"":2769},{""x"":820,""y"":262,""t"":2829},{""x"":821,""y"":240,""t"":2856},{""x"":822,""y"":194,""t"":2931},{""x"":829,""y"":170,""t"":2959},{""x"":840,""y"":151,""t"":3018},{""x"":833,""y"":126,""t"":3034},{""x"":845,""y"":125,""t"":3085},{""x"":829,""y"":99,""t"":3121},{""x"":835,""y"":93,""t"":3159},{""x"":841,""y"":89,""t"":3197},{""x"":830,""y"":112,""t"":3255},{""x"":820,""y"":133,""t"":3271},{""x"":830,""y"":145,""t"":3331},{""x"":838,""y"":155,""t"":3346},{""x"":760,""y"":144,""t"":3405},{""x"":676,""y"":141,""t"":3435},{""x"":564,""y"":150,""t"":3495},{""x"":471,""y"":159,""t"":3510},{""x"":391,""y"":173,""t"":3571},{""x"":324,""y"":194,""t"":3622},{""x"":272,""y"":211,""t"":3639},{""x"":238,""y"":231,""t"":3698},{""x"":215,""y"":248,""t"":3712},{""x"":215,""y"":241,""t"":3772},{""x"":220,""y"":233,""t"":3787},{""x"":312,""y"":265,""t"":3847},{""x"":372,""y"":302,""t"":3877},{""x"":396,""y"":334,""t"":3952},{""x"":409,""y"":376,""t"":3978},{""x"":424,""y"":399,""t"":4039},{""x"":437,""y"":417,""t"":4056},{""x"":432,""y"":438,""t"":4118},{""x"":461,""y"":426,""t"":4183},{""x"":442,""y"":439,""t"":4235},{""x"":446,""y"":434,""t"":4251},{""x"":424,""y"":438,""t"":4309},{""x"":402,""y"":433,""t"":4323},{""x"":395,""y"":426,""t"":4385},{""x"":406,""y"":429,""t"":4400},{""x"":410,""y"":429,""t"":4461},{""x"":414,""y"":427,""t"":4489},{""x"":422,""y"":412,""t"":4550},{""x"":428,""y"":398,""t"":4565},{""x"":421,""y"":382,""t"":4625},{""x"":415,""y"":374,""t"":4676},{""x"":410,""y"":368,""t"":4693},{""x"":398,""y"":373,""t"":4751},{""x"":373,""y"":390,""t"":4766},{""x"":350,""y"":385,""t"":4826},{""x"":363,""y"":372,""t"":4842},{""x"":375,""y"":386,""t"":4904},{""x"":399,""y"":400,""t"":4930},{""x"":369,""y"":398,""t"":4991},{""x"":345,""y"":416,""t"":5006},{""x"":349,""y"":404,""t"":5067},{""x"":366,""y"":405,""t"":5120},{""x"":380,""y"":406,""t"":5136},{""x"":456,""y"":427,""t"":5197},{""x"":511,""y"":444,""t"":5212},{""x"":612,""y"":438,""t"":5273},{""x"":713,""y"":415,""t"":5337},{""x"":768,""y"":411,""t"":5354},{""x"":744,""y"":399,""t"":5390},{""x"":725,""y"":394,""t"":5429},{""x"":708,""y"":361,""t"":5466},{""x"":687,""y"":322,""t"":5510},{""x"":666,""y"":304,""t"":5572},{""x"":646,""y"":289,""t"":5587},{""x"":623,""y"":279,""t"":5648},{""x"":598,""y"":287,""t"":5702},{""x"":577,""y"":295,""t"":5717},{""x"":566,""y"":281,""t"":5779},{""x"":569,""y"":273,""t"":5794},{""x"":597,""y"":269,""t"":5854},{""x"":593,""y"":267,""t"":5905},{""x"":585,""y"":273,""t"":5921},{""x"":576,""y"":275,""t"":5984},{""x"":593,""y"":282,""t"":6035},{""x"":603,""y"":286,""t"":6053},{""x"":615,""y"":293,""t"":6115},{""x"":625,""y"":300,""t"":6129},{""x"":621,""y"":294,""t"":6189}]",0,0.8887817034588958,0.11121829654110413,wa_b-last,0
147-attributes,0,5,exp_47,1.0,508.3999999910593,0.81,0.48,1.6999999999999995,7.9,higher_p,higher_m,0,1,attributes,1.0,True,1.3769999999999998,3.792,-2.415,-2.2283544163938904,0.5,0.5,0.4,0.6,1.0,1.0,higher_m,higher_m,False,"{""durations"":[1000,1500,1000,1500],""alternatives"":[""all"",""all"",""all"",""all""],""attributes"":[""p"",""m"",""p"",""m""]}","[{""x"":588,""y"":303,""t"":-37},{""x"":594,""y"":300,""t"":0},{""x"":585,""y"":313,""t"":63},{""x"":586,""y"":284,""t"":81},{""x"":588,""y"":259,""t"":144},{""x"":591,""y"":253,""t"":203},{""x"":595,""y"":249,""t"":219},{""x"":610,""y"":260,""t"":278},{""x"":598,""y"":268,""t"":307},{""x"":543,""y"":304,""t"":368},{""x"":495,""y"":334,""t"":383},{""x"":488,""y"":333,""t"":442},{""x"":476,""y"":324,""t"":500},{""x"":488,""y"":359,""t"":529},{""x"":518,""y"":398,""t"":577},{""x"":521,""y"":433,""t"":613},{""x"":569,""y"":433,""t"":673},{""x"":621,""y"":419,""t"":687},{""x"":664,""y"":423,""t"":747},{""x"":719,""y"":432,""t"":761},{""x"":772,""y"":423,""t"":811},{""x"":829,""y"":390,""t"":850},{""x"":875,""y"":361,""t"":887},{""x"":921,""y"":349,""t"":952},{""x"":969,""y"":322,""t"":976},{""x"":981,""y"":308,""t"":1013},{""x"":975,""y"":303,""t"":1052},{""x"":957,""y"":320,""t"":1090},{""x"":937,""y"":319,""t"":1151},{""x"":929,""y"":314,""t"":1165},{""x"":911,""y"":318,""t"":1227},{""x"":900,""y"":283,""t"":1285},{""x"":890,""y"":253,""t"":1307},{""x"":850,""y"":228,""t"":1369},{""x"":829,""y"":215,""t"":1395},{""x"":844,""y"":175,""t"":1483},{""x"":832,""y"":172,""t"":1498},{""x"":785,""y"":170,""t"":1559},{""x"":756,""y"":183,""t"":1574},{""x"":649,""y"":186,""t"":1635},{""x"":531,""y"":174,""t"":1667},{""x"":430,""y"":184,""t"":1737},{""x"":360,""y"":184,""t"":1797},{""x"":323,""y"":173,""t"":1826},{""x"":296,""y"":165,""t"":1871},{""x"":275,""y"":181,""t"":1940},{""x"":272,""y"":179,""t"":1973},{""x"":263,""y"":146,""t"":2042},{""x"":286,""y"":139,""t"":2092},{""x"":292,""y"":135,""t"":2108},{""x"":283,""y"":127,""t"":2169},{""x"":287,""y"":136,""t"":2183},{""x"":299,""y"":131,""t"":2246},{""x"":290,""y"":151,""t"":2304},{""x"":308,""y"":164,""t"":2333},{""x"":353,""y"":196,""t"":2379},{""x"":368,""y"":220,""t"":2416},{""x"":394,""y"":252,""t"":2478},{""x"":415,""y"":279,""t"":2493},{""x"":413,""y"":299,""t"":2553},{""x"":416,""y"":319,""t"":2623},{""x"":399,""y"":347,""t"":2692},{""x"":401,""y"":360,""t"":2743},{""x"":403,""y"":369,""t"":2758},{""x"":392,""y"":380,""t"":2817},{""x"":398,""y"":387,""t"":2832},{""x"":388,""y"":387,""t"":2891},{""x"":375,""y"":385,""t"":2925},{""x"":376,""y"":406,""t"":2986},{""x"":393,""y"":406,""t"":3000},{""x"":396,""y"":413,""t"":3060},{""x"":398,""y"":418,""t"":3074},{""x"":373,""y"":429,""t"":3133},{""x"":368,""y"":439,""t"":3200},{""x"":492,""y"":444,""t"":3252},{""x"":598,""y"":447,""t"":3268},{""x"":680,""y"":452,""t"":3346},{""x"":747,""y"":456,""t"":3373},{""x"":793,""y"":455,""t"":3433},{""x"":827,""y"":455,""t"":3448},{""x"":849,""y"":430,""t"":3509},{""x"":864,""y"":408,""t"":3537},{""x"":865,""y"":421,""t"":3624},{""x"":863,""y"":433,""t"":3642},{""x"":803,""y"":433,""t"":3707},{""x"":696,""y"":405,""t"":3761},{""x"":604,""y"":382,""t"":3775},{""x"":524,""y"":350,""t"":3834},{""x"":459,""y"":324,""t"":3848},{""x"":454,""y"":294,""t"":3910},{""x"":401,""y"":241,""t"":3977},{""x"":326,""y"":237,""t"":3990},{""x"":298,""y"":210,""t"":4050},{""x"":293,""y"":196,""t"":4081},{""x"":279,""y"":174,""t"":4147},{""x"":292,""y"":114,""t"":4164},{""x"":280,""y"":106,""t"":4202},{""x"":265,""y"":107,""t"":4241},{""x"":257,""y"":107,""t"":4278},{""x"":265,""y"":97,""t"":4316},{""x"":274,""y"":90,""t"":4354},{""x"":273,""y"":100,""t"":4414},{""x"":272,""y"":110,""t"":4429},{""x"":352,""y"":117,""t"":4489},{""x"":374,""y"":126,""t"":4542},{""x"":360,""y"":150,""t"":4557},{""x"":357,""y"":151,""t"":4616},{""x"":354,""y"":153,""t"":4631},{""x"":467,""y"":166,""t"":4691},{""x"":562,""y"":178,""t"":4707},{""x"":666,""y"":189,""t"":4768},{""x"":750,""y"":197,""t"":4795},{""x"":795,""y"":178,""t"":4869},{""x"":836,""y"":172,""t"":4896},{""x"":860,""y"":154,""t"":4968},{""x"":839,""y"":171,""t"":5021},{""x"":822,""y"":169,""t"":5035},{""x"":865,""y"":154,""t"":5094},{""x"":867,""y"":150,""t"":5110},{""x"":886,""y"":159,""t"":5173},{""x"":862,""y"":184,""t"":5224},{""x"":869,""y"":214,""t"":5239},{""x"":864,""y"":230,""t"":5309},{""x"":853,""y"":251,""t"":5339},{""x"":821,""y"":244,""t"":5400},{""x"":827,""y"":255,""t"":5416},{""x"":777,""y"":278,""t"":5475},{""x"":725,""y"":288,""t"":5525},{""x"":680,""y"":295,""t"":5543},{""x"":672,""y"":312,""t"":5604},{""x"":666,""y"":324,""t"":5618},{""x"":636,""y"":303,""t"":5682},{""x"":616,""y"":309,""t"":5713},{""x"":609,""y"":311,""t"":5786},{""x"":605,""y"":313,""t"":5814},{""x"":591,""y"":308,""t"":5874},{""x"":580,""y"":303,""t"":5889},{""x"":572,""y"":295,""t"":5951},{""x"":643,""y"":252,""t"":6004},{""x"":722,""y"":200,""t"":6018},{""x"":859,""y"":169,""t"":6078},{""x"":974,""y"":143,""t"":6093}]",1,0.23748645160140489,0.7625135483985951,wa_b-last,0
147-attributes,0,7,catch_7,1.0,867.9000000059605,0.28,0.48,2.1,5.2,dominated,dominant,1,1,attributes,1.0,True,0.5880000000000001,2.496,-1.908,-1.706518070383866,0.5,0.5,0.5,0.5,,1.0,,dominant,True,"{""durations"":[1250,1250,1250,1250],""attributes"":[""p"",""m"",""p"",""m""],""alternatives"":[""all"",""all"",""all"",""all""]}","[{""x"":649,""y"":306,""t"":-23},{""x"":637,""y"":310,""t"":0},{""x"":632,""y"":314,""t"":74},{""x"":645,""y"":313,""t"":134},{""x"":656,""y"":312,""t"":150},{""x"":624,""y"":305,""t"":217},{""x"":635,""y"":298,""t"":248},{""x"":636,""y"":313,""t"":312},{""x"":637,""y"":325,""t"":341},{""x"":575,""y"":362,""t"":400},{""x"":499,""y"":378,""t"":415},{""x"":476,""y"":397,""t"":476},{""x"":459,""y"":413,""t"":491},{""x"":444,""y"":432,""t"":551},{""x"":421,""y"":442,""t"":579},{""x"":414,""y"":441,""t"":639},{""x"":402,""y"":445,""t"":653},{""x"":373,""y"":452,""t"":712},{""x"":379,""y"":464,""t"":728},{""x"":370,""y"":454,""t"":788},{""x"":473,""y"":460,""t"":837},{""x"":562,""y"":463,""t"":853},{""x"":635,""y"":465,""t"":913},{""x"":696,""y"":466,""t"":928},{""x"":732,""y"":458,""t"":988},{""x"":757,""y"":471,""t"":1021},{""x"":793,""y"":467,""t"":1081},{""x"":820,""y"":463,""t"":1097},{""x"":833,""y"":457,""t"":1156},{""x"":843,""y"":464,""t"":1224},{""x"":855,""y"":435,""t"":1241},{""x"":864,""y"":423,""t"":1280},{""x"":866,""y"":422,""t"":1318},{""x"":887,""y"":400,""t"":1357},{""x"":894,""y"":397,""t"":1394},{""x"":898,""y"":391,""t"":1432},{""x"":880,""y"":388,""t"":1492},{""x"":895,""y"":380,""t"":1507},{""x"":889,""y"":309,""t"":1568},{""x"":883,""y"":248,""t"":1599},{""x"":891,""y"":209,""t"":1658},{""x"":879,""y"":155,""t"":1673},{""x"":854,""y"":123,""t"":1746},{""x"":839,""y"":110,""t"":1770},{""x"":827,""y"":85,""t"":1845},{""x"":817,""y"":67,""t"":1871},{""x"":811,""y"":72,""t"":1933},{""x"":802,""y"":65,""t"":1949},{""x"":794,""y"":66,""t"":2010},{""x"":698,""y"":68,""t"":2060},{""x"":606,""y"":64,""t"":2075},{""x"":488,""y"":111,""t"":2137},{""x"":399,""y"":123,""t"":2152},{""x"":321,""y"":130,""t"":2212},{""x"":288,""y"":140,""t"":2281},{""x"":270,""y"":150,""t"":2332},{""x"":259,""y"":166,""t"":2347},{""x"":273,""y"":200,""t"":2407},{""x"":289,""y"":229,""t"":2422},{""x"":288,""y"":228,""t"":2482},{""x"":296,""y"":223,""t"":2497},{""x"":300,""y"":225,""t"":2557},{""x"":333,""y"":229,""t"":2586},{""x"":329,""y"":213,""t"":2648},{""x"":327,""y"":198,""t"":2663},{""x"":363,""y"":206,""t"":2725},{""x"":419,""y"":225,""t"":2776},{""x"":453,""y"":259,""t"":2790},{""x"":547,""y"":283,""t"":2849},{""x"":648,""y"":306,""t"":2863},{""x"":728,""y"":314,""t"":2926},{""x"":804,""y"":333,""t"":2976},{""x"":852,""y"":344,""t"":2992},{""x"":898,""y"":341,""t"":3056},{""x"":931,""y"":337,""t"":3070},{""x"":956,""y"":327,""t"":3131},{""x"":1002,""y"":328,""t"":3193},{""x"":1024,""y"":301,""t"":3211},{""x"":1024,""y"":303,""t"":3270},{""x"":1006,""y"":308,""t"":3300},{""x"":977,""y"":320,""t"":3376},{""x"":942,""y"":337,""t"":3401},{""x"":926,""y"":360,""t"":3461},{""x"":912,""y"":379,""t"":3476},{""x"":915,""y"":384,""t"":3537},{""x"":951,""y"":378,""t"":3588},{""x"":949,""y"":377,""t"":3605},{""x"":941,""y"":375,""t"":3666},{""x"":934,""y"":373,""t"":3680},{""x"":919,""y"":369,""t"":3740},{""x"":914,""y"":356,""t"":3756},{""x"":919,""y"":349,""t"":3794},{""x"":919,""y"":356,""t"":3831},{""x"":904,""y"":351,""t"":3869},{""x"":916,""y"":331,""t"":3906},{""x"":920,""y"":322,""t"":3944},{""x"":910,""y"":319,""t"":3981},{""x"":916,""y"":310,""t"":4040},{""x"":922,""y"":304,""t"":4057},{""x"":900,""y"":256,""t"":4118},{""x"":869,""y"":220,""t"":4170},{""x"":842,""y"":191,""t"":4186},{""x"":849,""y"":165,""t"":4247},{""x"":846,""y"":130,""t"":4262},{""x"":836,""y"":124,""t"":4323},{""x"":702,""y"":121,""t"":4376},{""x"":597,""y"":137,""t"":4391},{""x"":501,""y"":160,""t"":4450},{""x"":421,""y"":161,""t"":4467},{""x"":350,""y"":182,""t"":4528},{""x"":329,""y"":185,""t"":4557},{""x"":283,""y"":214,""t"":4617},{""x"":272,""y"":227,""t"":4631},{""x"":271,""y"":223,""t"":4691},{""x"":237,""y"":241,""t"":4705},{""x"":248,""y"":249,""t"":4766},{""x"":279,""y"":248,""t"":4827},{""x"":298,""y"":247,""t"":4842},{""x"":281,""y"":254,""t"":4902},{""x"":281,""y"":275,""t"":4931},{""x"":301,""y"":282,""t"":4991},{""x"":306,""y"":282,""t"":5007},{""x"":444,""y"":282,""t"":5075},{""x"":551,""y"":278,""t"":5106},{""x"":653,""y"":246,""t"":5175},{""x"":740,""y"":228,""t"":5203},{""x"":811,""y"":202,""t"":5264},{""x"":875,""y"":183,""t"":5279},{""x"":891,""y"":153,""t"":5350},{""x"":899,""y"":129,""t"":5374},{""x"":844,""y"":157,""t"":5435},{""x"":792,""y"":182,""t"":5450},{""x"":768,""y"":196,""t"":5513},{""x"":733,""y"":222,""t"":5586},{""x"":701,""y"":252,""t"":5611},{""x"":687,""y"":262,""t"":5674},{""x"":698,""y"":271,""t"":5689},{""x"":674,""y"":285,""t"":5749},{""x"":670,""y"":287,""t"":5781},{""x"":648,""y"":280,""t"":5854},{""x"":646,""y"":263,""t"":5883},{""x"":645,""y"":279,""t"":5944},{""x"":640,""y"":285,""t"":5958},{""x"":619,""y"":282,""t"":6020},{""x"":637,""y"":281,""t"":6090},{""x"":597,""y"":299,""t"":6145},{""x"":573,""y"":327,""t"":6173},{""x"":572,""y"":323,""t"":6213},{""x"":599,""y"":309,""t"":6252},{""x"":619,""y"":299,""t"":6290},{""x"":619,""y"":298,""t"":6329},{""x"":658,""y"":283,""t"":6390},{""x"":690,""y"":271,""t"":6405},{""x"":708,""y"":274,""t"":6466},{""x"":724,""y"":269,""t"":6495}]",1,0.002646056357425388,0.9973539436425747,wa_b-last,0
147-attributes,0,11,exp_9,0.0,571.0999999940395,0.7,0.29,1.7999999999999998,5.0,higher_p,higher_m,0,1,attributes,1.0,True,1.2599999999999998,1.45,-0.1900000000000001,0.061755780592902,0.5,0.5,0.6,0.4,0.0,1.0,higher_p,higher_m,True,"{""durations"":[1500,1000,1500,1000],""alternatives"":[""all"",""all"",""all"",""all""],""attributes"":[""p"",""m"",""p"",""m""]}","[{""x"":704,""y"":278,""t"":-47},{""x"":702,""y"":282,""t"":0},{""x"":712,""y"":277,""t"":62},{""x"":708,""y"":293,""t"":78},{""x"":687,""y"":307,""t"":142},{""x"":689,""y"":306,""t"":200},{""x"":670,""y"":303,""t"":215},{""x"":678,""y"":295,""t"":275},{""x"":619,""y"":313,""t"":324},{""x"":571,""y"":338,""t"":340},{""x"":493,""y"":364,""t"":400},{""x"":429,""y"":385,""t"":415},{""x"":388,""y"":391,""t"":477},{""x"":342,""y"":401,""t"":545},{""x"":331,""y"":416,""t"":594},{""x"":339,""y"":421,""t"":614},{""x"":388,""y"":410,""t"":676},{""x"":429,""y"":405,""t"":691},{""x"":538,""y"":397,""t"":751},{""x"":617,""y"":410,""t"":804},{""x"":704,""y"":406,""t"":833},{""x"":761,""y"":424,""t"":871},{""x"":812,""y"":409,""t"":909},{""x"":839,""y"":414,""t"":946},{""x"":875,""y"":400,""t"":982},{""x"":893,""y"":384,""t"":1021},{""x"":902,""y"":380,""t"":1080},{""x"":891,""y"":388,""t"":1095},{""x"":901,""y"":405,""t"":1154},{""x"":906,""y"":419,""t"":1170},{""x"":929,""y"":417,""t"":1230},{""x"":905,""y"":428,""t"":1296},{""x"":926,""y"":407,""t"":1348},{""x"":936,""y"":400,""t"":1361},{""x"":955,""y"":390,""t"":1421},{""x"":950,""y"":400,""t"":1437},{""x"":949,""y"":396,""t"":1496},{""x"":920,""y"":375,""t"":1511},{""x"":857,""y"":342,""t"":1550},{""x"":803,""y"":315,""t"":1601},{""x"":768,""y"":302,""t"":1662},{""x"":740,""y"":293,""t"":1679},{""x"":666,""y"":280,""t"":1742},{""x"":605,""y"":270,""t"":1770},{""x"":525,""y"":253,""t"":1832},{""x"":442,""y"":221,""t"":1847},{""x"":383,""y"":218,""t"":1907},{""x"":333,""y"":221,""t"":1939},{""x"":302,""y"":213,""t"":2030},{""x"":288,""y"":207,""t"":2045},{""x"":418,""y"":200,""t"":2105},{""x"":481,""y"":198,""t"":2120},{""x"":586,""y"":193,""t"":2180},{""x"":678,""y"":174,""t"":2232},{""x"":756,""y"":158,""t"":2247},{""x"":810,""y"":171,""t"":2308},{""x"":852,""y"":182,""t"":2324},{""x"":851,""y"":172,""t"":2384},{""x"":871,""y"":148,""t"":2449},{""x"":894,""y"":149,""t"":2509},{""x"":912,""y"":146,""t"":2524},{""x"":903,""y"":146,""t"":2585},{""x"":897,""y"":140,""t"":2641},{""x"":889,""y"":135,""t"":2657},{""x"":851,""y"":135,""t"":2717},{""x"":838,""y"":129,""t"":2732},{""x"":793,""y"":145,""t"":2799},{""x"":798,""y"":196,""t"":2823},{""x"":776,""y"":240,""t"":2884},{""x"":758,""y"":277,""t"":2899},{""x"":737,""y"":302,""t"":2961},{""x"":733,""y"":293,""t"":3028},{""x"":715,""y"":319,""t"":3081},{""x"":702,""y"":340,""t"":3095},{""x"":745,""y"":360,""t"":3155},{""x"":753,""y"":367,""t"":3169},{""x"":741,""y"":374,""t"":3232},{""x"":696,""y"":396,""t"":3299},{""x"":612,""y"":414,""t"":3351},{""x"":533,""y"":418,""t"":3366},{""x"":467,""y"":426,""t"":3428},{""x"":401,""y"":398,""t"":3443},{""x"":391,""y"":386,""t"":3505},{""x"":398,""y"":377,""t"":3558},{""x"":384,""y"":363,""t"":3580},{""x"":354,""y"":376,""t"":3627},{""x"":362,""y"":350,""t"":3666},{""x"":363,""y"":344,""t"":3705},{""x"":362,""y"":333,""t"":3757},{""x"":387,""y"":322,""t"":3795},{""x"":388,""y"":331,""t"":3832},{""x"":390,""y"":346,""t"":3870},{""x"":406,""y"":352,""t"":3909},{""x"":403,""y"":347,""t"":3948},{""x"":419,""y"":338,""t"":4028},{""x"":435,""y"":314,""t"":4052},{""x"":448,""y"":322,""t"":4115},{""x"":414,""y"":324,""t"":4167},{""x"":391,""y"":312,""t"":4183},{""x"":393,""y"":294,""t"":4245},{""x"":398,""y"":261,""t"":4264},{""x"":368,""y"":230,""t"":4312},{""x"":368,""y"":201,""t"":4351},{""x"":369,""y"":178,""t"":4390},{""x"":353,""y"":164,""t"":4453},{""x"":340,""y"":154,""t"":4467},{""x"":345,""y"":159,""t"":4531},{""x"":350,""y"":165,""t"":4557},{""x"":452,""y"":166,""t"":4624},{""x"":539,""y"":168,""t"":4638},{""x"":665,""y"":139,""t"":4701},{""x"":760,""y"":125,""t"":4728},{""x"":824,""y"":124,""t"":4791},{""x"":873,""y"":123,""t"":4806},{""x"":904,""y"":118,""t"":4875},{""x"":950,""y"":126,""t"":4907},{""x"":966,""y"":122,""t"":4950},{""x"":978,""y"":135,""t"":4991},{""x"":977,""y"":138,""t"":5030},{""x"":968,""y"":128,""t"":5067},{""x"":975,""y"":133,""t"":5130},{""x"":972,""y"":129,""t"":5145},{""x"":955,""y"":136,""t"":5206},{""x"":944,""y"":142,""t"":5237},{""x"":942,""y"":153,""t"":5313},{""x"":940,""y"":162,""t"":5338},{""x"":869,""y"":206,""t"":5398},{""x"":810,""y"":240,""t"":5414},{""x"":743,""y"":279,""t"":5476},{""x"":704,""y"":307,""t"":5538},{""x"":651,""y"":322,""t"":5559},{""x"":615,""y"":335,""t"":5598},{""x"":606,""y"":354,""t"":5636},{""x"":599,""y"":354,""t"":5678},{""x"":605,""y"":336,""t"":5715},{""x"":614,""y"":327,""t"":5776},{""x"":607,""y"":320,""t"":5792},{""x"":602,""y"":319,""t"":5854},{""x"":583,""y"":316,""t"":5919},{""x"":605,""y"":324,""t"":5973},{""x"":625,""y"":330,""t"":5987},{""x"":567,""y"":335,""t"":6049},{""x"":549,""y"":326,""t"":6064},{""x"":529,""y"":331,""t"":6126},{""x"":503,""y"":337,""t"":6155}]",0,0.9269953767032563,0.0730046232967437,wa_b-last,0
147-attributes,0,12,exp_59,0.0,287.79999999701977,0.41,0.21,1.7999999999999998,6.2,higher_p,higher_m,0,1,attributes,1.0,True,0.7379999999999999,1.302,-0.5640000000000002,-0.3231885851028555,0.5,0.5,0.6,0.4,0.0,0.0,higher_p,higher_p,True,"{""durations"":[1000,1500,1000,1500],""alternatives"":[""all"",""all"",""all"",""all""],""attributes"":[""m"",""p"",""m"",""p""]}","[{""x"":590,""y"":316,""t"":-16},{""x"":623,""y"":294,""t"":0},{""x"":634,""y"":309,""t"":62},{""x"":633,""y"":322,""t"":81},{""x"":621,""y"":331,""t"":128},{""x"":639,""y"":329,""t"":202},{""x"":627,""y"":343,""t"":239},{""x"":600,""y"":324,""t"":300},{""x"":575,""y"":307,""t"":315},{""x"":506,""y"":283,""t"":376},{""x"":455,""y"":258,""t"":409},{""x"":432,""y"":235,""t"":470},{""x"":411,""y"":227,""t"":484},{""x"":382,""y"":217,""t"":546},{""x"":367,""y"":213,""t"":605},{""x"":358,""y"":211,""t"":626},{""x"":490,""y"":207,""t"":686},{""x"":598,""y"":203,""t"":715},{""x"":678,""y"":203,""t"":775},{""x"":743,""y"":204,""t"":789},{""x"":795,""y"":187,""t"":850},{""x"":836,""y"":173,""t"":864},{""x"":835,""y"":173,""t"":924},{""x"":830,""y"":174,""t"":952},{""x"":847,""y"":152,""t"":1013},{""x"":875,""y"":147,""t"":1041},{""x"":881,""y"":154,""t"":1079},{""x"":859,""y"":138,""t"":1116},{""x"":870,""y"":139,""t"":1153},{""x"":877,""y"":140,""t"":1193},{""x"":841,""y"":133,""t"":1253},{""x"":811,""y"":136,""t"":1268},{""x"":847,""y"":184,""t"":1327},{""x"":847,""y"":242,""t"":1385},{""x"":886,""y"":262,""t"":1405},{""x"":874,""y"":293,""t"":1464},{""x"":862,""y"":329,""t"":1517},{""x"":864,""y"":350,""t"":1532},{""x"":849,""y"":363,""t"":1591},{""x"":837,""y"":372,""t"":1608},{""x"":815,""y"":403,""t"":1667},{""x"":839,""y"":393,""t"":1731},{""x"":833,""y"":422,""t"":1746},{""x"":753,""y"":442,""t"":1804},{""x"":659,""y"":452,""t"":1862},{""x"":599,""y"":429,""t"":1892},{""x"":533,""y"":449,""t"":1936},{""x"":477,""y"":459,""t"":1973},{""x"":444,""y"":406,""t"":2034},{""x"":417,""y"":376,""t"":2048},{""x"":401,""y"":367,""t"":2108},{""x"":384,""y"":340,""t"":2185},{""x"":358,""y"":350,""t"":2212},{""x"":334,""y"":355,""t"":2284},{""x"":387,""y"":325,""t"":2334},{""x"":423,""y"":324,""t"":2350},{""x"":547,""y"":331,""t"":2409},{""x"":665,""y"":312,""t"":2427},{""x"":755,""y"":301,""t"":2490},{""x"":842,""y"":285,""t"":2548},{""x"":908,""y"":275,""t"":2563},{""x"":947,""y"":294,""t"":2622},{""x"":977,""y"":305,""t"":2673},{""x"":1006,""y"":306,""t"":2687},{""x"":980,""y"":329,""t"":2748},{""x"":953,""y"":350,""t"":2762},{""x"":956,""y"":357,""t"":2823},{""x"":953,""y"":305,""t"":2880},{""x"":946,""y"":264,""t"":2907},{""x"":943,""y"":227,""t"":2956},{""x"":943,""y"":202,""t"":2994},{""x"":948,""y"":196,""t"":3054},{""x"":947,""y"":180,""t"":3068},{""x"":942,""y"":138,""t"":3128},{""x"":931,""y"":129,""t"":3201},{""x"":913,""y"":144,""t"":3253},{""x"":896,""y"":158,""t"":3269},{""x"":775,""y"":163,""t"":3328},{""x"":673,""y"":168,""t"":3342},{""x"":552,""y"":168,""t"":3403},{""x"":455,""y"":164,""t"":3434},{""x"":383,""y"":184,""t"":3495},{""x"":329,""y"":209,""t"":3511},{""x"":280,""y"":214,""t"":3572},{""x"":268,""y"":225,""t"":3624},{""x"":264,""y"":234,""t"":3639},{""x"":244,""y"":228,""t"":3699},{""x"":231,""y"":223,""t"":3713},{""x"":220,""y"":226,""t"":3775},{""x"":250,""y"":258,""t"":3828},{""x"":247,""y"":287,""t"":3854},{""x"":270,""y"":318,""t"":3917},{""x"":292,""y"":343,""t"":3944},{""x"":317,""y"":334,""t"":4018},{""x"":336,""y"":330,""t"":4069},{""x"":357,""y"":335,""t"":4085},{""x"":378,""y"":333,""t"":4143},{""x"":396,""y"":331,""t"":4158},{""x"":410,""y"":327,""t"":4217},{""x"":415,""y"":336,""t"":4268},{""x"":433,""y"":328,""t"":4285},{""x"":425,""y"":316,""t"":4346},{""x"":419,""y"":329,""t"":4361},{""x"":439,""y"":321,""t"":4420},{""x"":449,""y"":340,""t"":4435},{""x"":586,""y"":336,""t"":4495},{""x"":688,""y"":342,""t"":4524},{""x"":757,""y"":374,""t"":4601},{""x"":833,""y"":384,""t"":4625},{""x"":868,""y"":404,""t"":4686},{""x"":908,""y"":416,""t"":4702},{""x"":902,""y"":431,""t"":4764},{""x"":816,""y"":400,""t"":4816},{""x"":746,""y"":387,""t"":4831},{""x"":694,""y"":369,""t"":4892},{""x"":648,""y"":355,""t"":4906},{""x"":587,""y"":330,""t"":4967},{""x"":516,""y"":317,""t"":5020},{""x"":523,""y"":288,""t"":5039},{""x"":496,""y"":270,""t"":5086},{""x"":492,""y"":250,""t"":5125},{""x"":470,""y"":245,""t"":5162},{""x"":461,""y"":236,""t"":5199},{""x"":456,""y"":229,""t"":5237},{""x"":452,""y"":218,""t"":5319},{""x"":437,""y"":229,""t"":5343},{""x"":479,""y"":249,""t"":5412},{""x"":531,""y"":253,""t"":5441},{""x"":535,""y"":256,""t"":5501},{""x"":538,""y"":259,""t"":5516},{""x"":531,""y"":266,""t"":5588},{""x"":520,""y"":281,""t"":5610},{""x"":548,""y"":293,""t"":5671},{""x"":572,""y"":288,""t"":5687},{""x"":577,""y"":280,""t"":5747},{""x"":588,""y"":283,""t"":5815},{""x"":648,""y"":284,""t"":5869},{""x"":700,""y"":273,""t"":5884}]",1,0.3701987821232595,0.6298012178767405,wa_b-last,0
147-attributes,0,14,exp_73,0.0,254.5,0.8,0.2,4.0,6.799999999999999,higher_p,higher_m,0,1,attributes,1.0,True,3.2,1.36,1.8400000000000003,2.151159690652763,0.5,0.5,0.6,0.4,0.0,1.0,higher_p,higher_m,True,"{""durations"":[1500,1000,1500,1000],""alternatives"":[""all"",""all"",""all"",""all""],""attributes"":[""p"",""m"",""p"",""m""]}","[{""x"":700,""y"":374,""t"":-44},{""x"":694,""y"":365,""t"":0},{""x"":688,""y"":363,""t"":83},{""x"":682,""y"":354,""t"":113},{""x"":677,""y"":355,""t"":193},{""x"":665,""y"":326,""t"":230},{""x"":625,""y"":335,""t"":270},{""x"":598,""y"":365,""t"":311},{""x"":529,""y"":392,""t"":370},{""x"":477,""y"":419,""t"":386},{""x"":430,""y"":417,""t"":446},{""x"":415,""y"":427,""t"":509},{""x"":405,""y"":435,""t"":526},{""x"":399,""y"":449,""t"":585},{""x"":396,""y"":453,""t"":613},{""x"":497,""y"":457,""t"":673},{""x"":585,""y"":460,""t"":690},{""x"":669,""y"":484,""t"":748},{""x"":731,""y"":476,""t"":798},{""x"":778,""y"":465,""t"":817},{""x"":819,""y"":468,""t"":876},{""x"":850,""y"":469,""t"":891},{""x"":897,""y"":441,""t"":951},{""x"":888,""y"":444,""t"":967},{""x"":913,""y"":429,""t"":1025},{""x"":944,""y"":405,""t"":1078},{""x"":934,""y"":416,""t"":1093},{""x"":922,""y"":401,""t"":1154},{""x"":933,""y"":374,""t"":1170},{""x"":946,""y"":341,""t"":1229},{""x"":940,""y"":336,""t"":1279},{""x"":921,""y"":330,""t"":1295},{""x"":875,""y"":333,""t"":1354},{""x"":849,""y"":339,""t"":1369},{""x"":878,""y"":304,""t"":1429},{""x"":867,""y"":267,""t"":1484},{""x"":864,""y"":218,""t"":1507},{""x"":864,""y"":192,""t"":1566},{""x"":875,""y"":169,""t"":1616},{""x"":850,""y"":163,""t"":1634},{""x"":844,""y"":158,""t"":1694},{""x"":840,""y"":157,""t"":1709},{""x"":823,""y"":163,""t"":1770},{""x"":834,""y"":162,""t"":1824},{""x"":845,""y"":162,""t"":1838},{""x"":774,""y"":165,""t"":1898},{""x"":714,""y"":169,""t"":1914},{""x"":594,""y"":193,""t"":1973},{""x"":500,""y"":185,""t"":2035},{""x"":433,""y"":190,""t"":2065},{""x"":399,""y"":183,""t"":2107},{""x"":350,""y"":188,""t"":2146},{""x"":315,""y"":186,""t"":2207},{""x"":308,""y"":184,""t"":2221},{""x"":316,""y"":172,""t"":2281},{""x"":308,""y"":156,""t"":2350},{""x"":311,""y"":155,""t"":2400},{""x"":307,""y"":175,""t"":2415},{""x"":342,""y"":167,""t"":2475},{""x"":341,""y"":181,""t"":2491},{""x"":433,""y"":187,""t"":2551},{""x"":544,""y"":183,""t"":2603},{""x"":638,""y"":179,""t"":2619},{""x"":697,""y"":165,""t"":2679},{""x"":756,""y"":158,""t"":2694},{""x"":810,""y"":147,""t"":2755},{""x"":797,""y"":180,""t"":2807},{""x"":790,""y"":210,""t"":2823},{""x"":670,""y"":271,""t"":2883},{""x"":610,""y"":343,""t"":2898},{""x"":560,""y"":364,""t"":2958},{""x"":512,""y"":396,""t"":2973},{""x"":480,""y"":405,""t"":3011},{""x"":454,""y"":430,""t"":3049},{""x"":412,""y"":432,""t"":3085},{""x"":387,""y"":423,""t"":3121},{""x"":354,""y"":422,""t"":3160},{""x"":334,""y"":427,""t"":3198},{""x"":332,""y"":409,""t"":3259},{""x"":333,""y"":392,""t"":3274},{""x"":356,""y"":412,""t"":3334},{""x"":493,""y"":410,""t"":3418},{""x"":611,""y"":408,""t"":3438},{""x"":692,""y"":419,""t"":3501},{""x"":748,""y"":425,""t"":3515},{""x"":752,""y"":417,""t"":3577},{""x"":759,""y"":393,""t"":3606},{""x"":740,""y"":377,""t"":3659},{""x"":735,""y"":329,""t"":3697},{""x"":724,""y"":315,""t"":3735},{""x"":764,""y"":272,""t"":3772},{""x"":758,""y"":235,""t"":3810},{""x"":771,""y"":216,""t"":3870},{""x"":780,""y"":201,""t"":3884},{""x"":797,""y"":196,""t"":3945},{""x"":774,""y"":199,""t"":3999},{""x"":767,""y"":189,""t"":4027},{""x"":754,""y"":188,""t"":4069},{""x"":761,""y"":208,""t"":4108},{""x"":782,""y"":221,""t"":4146},{""x"":773,""y"":227,""t"":4185},{""x"":778,""y"":227,""t"":4246},{""x"":775,""y"":202,""t"":4260},{""x"":756,""y"":213,""t"":4322},{""x"":674,""y"":200,""t"":4391},{""x"":604,""y"":213,""t"":4456},{""x"":538,""y"":218,""t"":4509},{""x"":480,""y"":216,""t"":4525},{""x"":416,""y"":210,""t"":4584},{""x"":433,""y"":203,""t"":4605},{""x"":529,""y"":188,""t"":4654},{""x"":582,""y"":188,""t"":4692},{""x"":657,""y"":179,""t"":4753},{""x"":721,""y"":175,""t"":4768},{""x"":806,""y"":146,""t"":4831},{""x"":845,""y"":138,""t"":4884},{""x"":874,""y"":131,""t"":4898},{""x"":906,""y"":136,""t"":4957},{""x"":929,""y"":140,""t"":4974},{""x"":806,""y"":182,""t"":5034},{""x"":693,""y"":196,""t"":5084},{""x"":615,""y"":201,""t"":5102},{""x"":506,""y"":204,""t"":5164},{""x"":415,""y"":205,""t"":5179},{""x"":349,""y"":208,""t"":5241},{""x"":379,""y"":229,""t"":5309},{""x"":431,""y"":237,""t"":5339},{""x"":440,""y"":255,""t"":5418},{""x"":451,""y"":277,""t"":5441},{""x"":454,""y"":316,""t"":5503},{""x"":458,""y"":348,""t"":5517},{""x"":481,""y"":341,""t"":5577},{""x"":521,""y"":326,""t"":5630},{""x"":545,""y"":322,""t"":5646},{""x"":633,""y"":294,""t"":5707},{""x"":696,""y"":317,""t"":5721},{""x"":865,""y"":290,""t"":5783},{""x"":861,""y"":301,""t"":5845},{""x"":822,""y"":296,""t"":5864}]",0,0.9961362959331465,0.0038637040668535786,wa_b-last,0
147-attributes,0,19,exp_101,0.0,494.8999999910593,0.58,0.38,4.9,6.9,higher_p,higher_m,0,1,attributes,1.0,True,2.842,2.6220000000000003,0.2199999999999997,0.4837536146444008,0.5,0.5,0.4,0.6,1.0,0.0,higher_m,higher_p,True,"{""durations"":[1500,1000,1500,1000],""alternatives"":[""all"",""all"",""all"",""all""],""attributes"":[""m"",""p"",""m"",""p""]}","[{""x"":579,""y"":271,""t"":-15},{""x"":564,""y"":273,""t"":0},{""x"":566,""y"":274,""t"":62},{""x"":572,""y"":292,""t"":77},{""x"":577,""y"":307,""t"":141},{""x"":593,""y"":323,""t"":201},{""x"":607,""y"":313,""t"":217},{""x"":597,""y"":288,""t"":277},{""x"":556,""y"":270,""t"":329},{""x"":518,""y"":257,""t"":344},{""x"":507,""y"":216,""t"":402},{""x"":499,""y"":182,""t"":417},{""x"":482,""y"":166,""t"":474},{""x"":469,""y"":153,""t"":489},{""x"":442,""y"":119,""t"":550},{""x"":438,""y"":99,""t"":601},{""x"":435,""y"":91,""t"":617},{""x"":538,""y"":67,""t"":677},{""x"":608,""y"":78,""t"":692},{""x"":702,""y"":77,""t"":752},{""x"":776,""y"":84,""t"":805},{""x"":804,""y"":91,""t"":820},{""x"":844,""y"":84,""t"":880},{""x"":849,""y"":110,""t"":897},{""x"":832,""y"":119,""t"":958},{""x"":840,""y"":121,""t"":1009},{""x"":869,""y"":98,""t"":1026},{""x"":852,""y"":108,""t"":1086},{""x"":835,""y"":116,""t"":1100},{""x"":819,""y"":120,""t"":1160},{""x"":805,""y"":120,""t"":1212},{""x"":801,""y"":111,""t"":1227},{""x"":773,""y"":117,""t"":1288},{""x"":749,""y"":122,""t"":1303},{""x"":737,""y"":142,""t"":1362},{""x"":723,""y"":155,""t"":1425},{""x"":713,""y"":165,""t"":1440},{""x"":710,""y"":159,""t"":1499},{""x"":701,""y"":156,""t"":1550},{""x"":737,""y"":130,""t"":1566},{""x"":726,""y"":150,""t"":1626},{""x"":718,""y"":168,""t"":1640},{""x"":716,""y"":163,""t"":1702},{""x"":745,""y"":184,""t"":1751},{""x"":766,""y"":216,""t"":1770},{""x"":776,""y"":249,""t"":1841},{""x"":788,""y"":288,""t"":1891},{""x"":801,""y"":316,""t"":1905},{""x"":803,""y"":346,""t"":1964},{""x"":827,""y"":335,""t"":1980},{""x"":854,""y"":329,""t"":2040},{""x"":879,""y"":334,""t"":2055},{""x"":893,""y"":351,""t"":2093},{""x"":874,""y"":362,""t"":2129},{""x"":789,""y"":380,""t"":2168},{""x"":676,""y"":380,""t"":2206},{""x"":594,""y"":392,""t"":2242},{""x"":508,""y"":401,""t"":2280},{""x"":440,""y"":385,""t"":2342},{""x"":387,""y"":371,""t"":2357},{""x"":351,""y"":365,""t"":2415},{""x"":317,""y"":388,""t"":2479},{""x"":303,""y"":386,""t"":2498},{""x"":327,""y"":375,""t"":2536},{""x"":341,""y"":378,""t"":2576},{""x"":340,""y"":384,""t"":2613},{""x"":363,""y"":382,""t"":2661},{""x"":498,""y"":377,""t"":2724},{""x"":587,""y"":383,""t"":2775},{""x"":658,""y"":382,""t"":2792},{""x"":720,""y"":363,""t"":2841},{""x"":761,""y"":321,""t"":2879},{""x"":796,""y"":304,""t"":2917},{""x"":837,""y"":278,""t"":2953},{""x"":866,""y"":261,""t"":2990},{""x"":874,""y"":234,""t"":3028},{""x"":862,""y"":203,""t"":3087},{""x"":836,""y"":186,""t"":3101},{""x"":753,""y"":176,""t"":3160},{""x"":680,""y"":170,""t"":3175},{""x"":599,""y"":175,""t"":3234},{""x"":569,""y"":167,""t"":3286},{""x"":556,""y"":160,""t"":3301},{""x"":504,""y"":168,""t"":3358},{""x"":462,""y"":176,""t"":3373},{""x"":439,""y"":174,""t"":3432},{""x"":424,""y"":171,""t"":3447},{""x"":416,""y"":174,""t"":3506},{""x"":414,""y"":183,""t"":3557},{""x"":416,""y"":192,""t"":3572},{""x"":427,""y"":172,""t"":3631},{""x"":401,""y"":171,""t"":3645},{""x"":382,""y"":180,""t"":3704},{""x"":385,""y"":188,""t"":3719},{""x"":378,""y"":218,""t"":3780},{""x"":363,""y"":254,""t"":3809},{""x"":374,""y"":283,""t"":3863},{""x"":382,""y"":288,""t"":3901},{""x"":370,""y"":298,""t"":3939},{""x"":368,""y"":311,""t"":3977},{""x"":372,""y"":331,""t"":4015},{""x"":382,""y"":341,""t"":4076},{""x"":390,""y"":348,""t"":4092},{""x"":415,""y"":349,""t"":4151},{""x"":418,""y"":347,""t"":4183},{""x"":406,""y"":357,""t"":4256},{""x"":434,""y"":346,""t"":4285},{""x"":437,""y"":337,""t"":4340},{""x"":436,""y"":326,""t"":4396},{""x"":482,""y"":313,""t"":4456},{""x"":542,""y"":300,""t"":4523},{""x"":638,""y"":305,""t"":4577},{""x"":717,""y"":310,""t"":4591},{""x"":789,""y"":309,""t"":4651},{""x"":846,""y"":307,""t"":4665},{""x"":883,""y"":309,""t"":4727},{""x"":909,""y"":320,""t"":4783},{""x"":914,""y"":330,""t"":4805},{""x"":921,""y"":328,""t"":4869},{""x"":923,""y"":327,""t"":4896},{""x"":895,""y"":331,""t"":4958},{""x"":880,""y"":333,""t"":4974},{""x"":796,""y"":346,""t"":5036},{""x"":726,""y"":351,""t"":5088},{""x"":680,""y"":352,""t"":5105},{""x"":617,""y"":344,""t"":5165},{""x"":559,""y"":342,""t"":5180},{""x"":504,""y"":341,""t"":5241},{""x"":459,""y"":341,""t"":5271},{""x"":461,""y"":286,""t"":5333},{""x"":462,""y"":241,""t"":5348},{""x"":453,""y"":225,""t"":5416},{""x"":443,""y"":202,""t"":5444},{""x"":465,""y"":182,""t"":5512},{""x"":481,""y"":200,""t"":5581},{""x"":468,""y"":192,""t"":5632},{""x"":467,""y"":185,""t"":5649},{""x"":466,""y"":203,""t"":5710},{""x"":473,""y"":213,""t"":5726},{""x"":490,""y"":209,""t"":5766},{""x"":517,""y"":217,""t"":5804},{""x"":535,""y"":225,""t"":5844},{""x"":537,""y"":220,""t"":5887},{""x"":579,""y"":223,""t"":5948},{""x"":581,""y"":219,""t"":5962},{""x"":589,""y"":225,""t"":6026},{""x"":595,""y"":230,""t"":6053}]",0,0.8230170770104811,0.17698292298951884,wa_b-last,0
147-attributes,0,25,exp_99,0.0,86.20000000298023,0.58,0.38,4.9,6.9,higher_p,higher_m,0,1,attributes,1.0,True,2.842,2.6220000000000003,0.2199999999999997,0.4837536146444008,0.5,0.5,0.6,0.4,0.0,0.0,higher_p,higher_p,True,"{""durations"":[1000,1500,1000,1500],""alternatives"":[""all"",""all"",""all"",""all""],""attributes"":[""m"",""p"",""m"",""p""]}","[{""x"":564,""y"":231,""t"":-16},{""x"":557,""y"":226,""t"":0},{""x"":565,""y"":244,""t"":90},{""x"":569,""y"":246,""t"":125},{""x"":578,""y"":234,""t"":165},{""x"":598,""y"":233,""t"":202},{""x"":620,""y"":226,""t"":241},{""x"":621,""y"":214,""t"":302},{""x"":605,""y"":216,""t"":319},{""x"":654,""y"":208,""t"":378},{""x"":714,""y"":178,""t"":430},{""x"":761,""y"":164,""t"":445},{""x"":788,""y"":159,""t"":505},{""x"":815,""y"":145,""t"":521},{""x"":810,""y"":146,""t"":579},{""x"":711,""y"":128,""t"":635},{""x"":613,""y"":126,""t"":660},{""x"":585,""y"":105,""t"":721},{""x"":515,""y"":86,""t"":750},{""x"":451,""y"":98,""t"":808},{""x"":423,""y"":95,""t"":823},{""x"":486,""y"":73,""t"":882},{""x"":552,""y"":56,""t"":897},{""x"":642,""y"":61,""t"":959},{""x"":685,""y"":78,""t"":987},{""x"":740,""y"":74,""t"":1047},{""x"":785,""y"":71,""t"":1062},{""x"":831,""y"":97,""t"":1122},{""x"":844,""y"":117,""t"":1180},{""x"":873,""y"":136,""t"":1203},{""x"":830,""y"":162,""t"":1263},{""x"":785,""y"":201,""t"":1313},{""x"":745,""y"":233,""t"":1330},{""x"":735,""y"":259,""t"":1389},{""x"":726,""y"":279,""t"":1404},{""x"":725,""y"":299,""t"":1466},{""x"":734,""y"":313,""t"":1530},{""x"":742,""y"":323,""t"":1544},{""x"":753,""y"":330,""t"":1602},{""x"":711,""y"":328,""t"":1660},{""x"":679,""y"":333,""t"":1680},{""x"":618,""y"":338,""t"":1740},{""x"":584,""y"":341,""t"":1769},{""x"":547,""y"":341,""t"":1830},{""x"":518,""y"":340,""t"":1844},{""x"":501,""y"":350,""t"":1903},{""x"":489,""y"":358,""t"":1918},{""x"":448,""y"":368,""t"":1979},{""x"":417,""y"":376,""t"":2007},{""x"":385,""y"":382,""t"":2075},{""x"":448,""y"":361,""t"":2131},{""x"":517,""y"":362,""t"":2158},{""x"":574,""y"":348,""t"":2197},{""x"":624,""y"":340,""t"":2233},{""x"":677,""y"":332,""t"":2270},{""x"":708,""y"":327,""t"":2307},{""x"":740,""y"":330,""t"":2345},{""x"":765,""y"":333,""t"":2381},{""x"":777,""y"":336,""t"":2442},{""x"":797,""y"":340,""t"":2456},{""x"":822,""y"":345,""t"":2517},{""x"":854,""y"":344,""t"":2571},{""x"":878,""y"":343,""t"":2587},{""x"":907,""y"":358,""t"":2647},{""x"":929,""y"":371,""t"":2662},{""x"":906,""y"":340,""t"":2722},{""x"":875,""y"":343,""t"":2774},{""x"":867,""y"":333,""t"":2788},{""x"":859,""y"":296,""t"":2848},{""x"":880,""y"":236,""t"":2864},{""x"":861,""y"":200,""t"":2924},{""x"":833,""y"":174,""t"":2988},{""x"":840,""y"":156,""t"":3016},{""x"":846,""y"":128,""t"":3060},{""x"":856,""y"":128,""t"":3099},{""x"":744,""y"":96,""t"":3176},{""x"":639,""y"":114,""t"":3197},{""x"":607,""y"":91,""t"":3257},{""x"":559,""y"":78,""t"":3272},{""x"":524,""y"":79,""t"":3334},{""x"":470,""y"":95,""t"":3367},{""x"":434,""y"":88,""t"":3427},{""x"":432,""y"":94,""t"":3442},{""x"":447,""y"":98,""t"":3502},{""x"":448,""y"":127,""t"":3517},{""x"":442,""y"":173,""t"":3577},{""x"":440,""y"":211,""t"":3604},{""x"":461,""y"":244,""t"":3665},{""x"":485,""y"":281,""t"":3680},{""x"":485,""y"":312,""t"":3741},{""x"":484,""y"":341,""t"":3809},{""x"":481,""y"":343,""t"":3861},{""x"":478,""y"":343,""t"":3877},{""x"":452,""y"":359,""t"":3936},{""x"":430,""y"":372,""t"":3951},{""x"":434,""y"":367,""t"":4010},{""x"":439,""y"":362,""t"":4026},{""x"":438,""y"":365,""t"":4085},{""x"":448,""y"":360,""t"":4135},{""x"":449,""y"":356,""t"":4151},{""x"":439,""y"":371,""t"":4212},{""x"":431,""y"":383,""t"":4226},{""x"":425,""y"":372,""t"":4287},{""x"":415,""y"":360,""t"":4339},{""x"":415,""y"":370,""t"":4365},{""x"":422,""y"":360,""t"":4411},{""x"":433,""y"":365,""t"":4448},{""x"":448,""y"":351,""t"":4486},{""x"":461,""y"":340,""t"":4523},{""x"":460,""y"":336,""t"":4585},{""x"":449,""y"":333,""t"":4599},{""x"":458,""y"":335,""t"":4660},{""x"":441,""y"":336,""t"":4737},{""x"":427,""y"":337,""t"":4761},{""x"":419,""y"":327,""t"":4832},{""x"":408,""y"":328,""t"":4903},{""x"":400,""y"":330,""t"":4931},{""x"":414,""y"":330,""t"":5006},{""x"":426,""y"":330,""t"":5034},{""x"":399,""y"":350,""t"":5109},{""x"":376,""y"":368,""t"":5134},{""x"":369,""y"":364,""t"":5200},{""x"":371,""y"":355,""t"":5215},{""x"":387,""y"":353,""t"":5276},{""x"":417,""y"":348,""t"":5306},{""x"":461,""y"":324,""t"":5379},{""x"":504,""y"":299,""t"":5406},{""x"":528,""y"":274,""t"":5466},{""x"":552,""y"":263,""t"":5480},{""x"":576,""y"":258,""t"":5540},{""x"":595,""y"":255,""t"":5555},{""x"":685,""y"":170,""t"":5614}]",0,0.8230170770104811,0.17698292298951884,wa_b-last,0
147-attributes,0,26,exp_57,1.0,743.0999999940395,0.41,0.21,1.7999999999999998,6.2,higher_p,higher_m,0,1,attributes,1.0,True,0.7379999999999999,1.302,-0.5640000000000002,-0.3231885851028555,0.5,0.5,0.6,0.4,0.0,1.0,higher_p,higher_m,False,"{""durations"":[1500,1000,1500,1000],""alternatives"":[""all"",""all"",""all"",""all""],""attributes"":[""p"",""m"",""p"",""m""]}","[{""x"":579,""y"":236,""t"":-17},{""x"":554,""y"":243,""t"":0},{""x"":549,""y"":255,""t"":65},{""x"":529,""y"":270,""t"":81},{""x"":534,""y"":268,""t"":131},{""x"":530,""y"":268,""t"":190},{""x"":532,""y"":274,""t"":227},{""x"":529,""y"":286,""t"":265},{""x"":520,""y"":290,""t"":303},{""x"":516,""y"":306,""t"":340},{""x"":500,""y"":315,""t"":378},{""x"":470,""y"":333,""t"":438},{""x"":448,""y"":331,""t"":453},{""x"":461,""y"":324,""t"":514},{""x"":448,""y"":326,""t"":564},{""x"":437,""y"":320,""t"":578},{""x"":428,""y"":315,""t"":640},{""x"":422,""y"":311,""t"":655},{""x"":431,""y"":311,""t"":715},{""x"":497,""y"":312,""t"":769},{""x"":554,""y"":312,""t"":784},{""x"":609,""y"":314,""t"":842},{""x"":664,""y"":319,""t"":857},{""x"":724,""y"":321,""t"":917},{""x"":771,""y"":322,""t"":932},{""x"":813,""y"":319,""t"":999},{""x"":853,""y"":309,""t"":1027},{""x"":867,""y"":323,""t"":1095},{""x"":880,""y"":333,""t"":1123},{""x"":844,""y"":330,""t"":1198},{""x"":789,""y"":315,""t"":1224},{""x"":705,""y"":306,""t"":1311},{""x"":625,""y"":293,""t"":1326},{""x"":537,""y"":291,""t"":1386},{""x"":483,""y"":287,""t"":1401},{""x"":443,""y"":300,""t"":1462},{""x"":413,""y"":311,""t"":1476},{""x"":465,""y"":318,""t"":1535},{""x"":542,""y"":317,""t"":1565},{""x"":601,""y"":308,""t"":1642},{""x"":643,""y"":298,""t"":1667},{""x"":678,""y"":287,""t"":1726},{""x"":710,""y"":284,""t"":1740},{""x"":746,""y"":233,""t"":1800},{""x"":774,""y"":190,""t"":1816},{""x"":812,""y"":153,""t"":1876},{""x"":847,""y"":139,""t"":1926},{""x"":862,""y"":113,""t"":1943},{""x"":865,""y"":122,""t"":2002},{""x"":873,""y"":128,""t"":2016},{""x"":856,""y"":135,""t"":2077},{""x"":769,""y"":109,""t"":2131},{""x"":690,""y"":96,""t"":2154},{""x"":612,""y"":91,""t"":2215},{""x"":579,""y"":90,""t"":2245},{""x"":541,""y"":85,""t"":2302},{""x"":510,""y"":82,""t"":2318},{""x"":470,""y"":74,""t"":2377},{""x"":447,""y"":72,""t"":2391},{""x"":430,""y"":65,""t"":2453},{""x"":411,""y"":61,""t"":2483},{""x"":396,""y"":70,""t"":2535},{""x"":393,""y"":82,""t"":2573},{""x"":393,""y"":96,""t"":2611},{""x"":405,""y"":91,""t"":2648},{""x"":421,""y"":104,""t"":2686},{""x"":411,""y"":95,""t"":2736},{""x"":403,""y"":88,""t"":2786},{""x"":394,""y"":82,""t"":2826},{""x"":473,""y"":138,""t"":2886},{""x"":558,""y"":169,""t"":2901},{""x"":631,""y"":204,""t"":2961},{""x"":685,""y"":237,""t"":3011},{""x"":739,""y"":261,""t"":3028},{""x"":822,""y"":291,""t"":3089},{""x"":869,""y"":309,""t"":3104},{""x"":881,""y"":311,""t"":3162},{""x"":891,""y"":307,""t"":3232},{""x"":913,""y"":318,""t"":3288},{""x"":901,""y"":325,""t"":3304},{""x"":906,""y"":330,""t"":3364},{""x"":897,""y"":335,""t"":3378},{""x"":874,""y"":309,""t"":3437},{""x"":785,""y"":316,""t"":3490},{""x"":709,""y"":323,""t"":3505},{""x"":611,""y"":313,""t"":3564},{""x"":539,""y"":311,""t"":3579},{""x"":470,""y"":312,""t"":3641},{""x"":417,""y"":320,""t"":3690},{""x"":377,""y"":326,""t"":3707},{""x"":354,""y"":311,""t"":3766},{""x"":339,""y"":299,""t"":3782},{""x"":345,""y"":279,""t"":3844},{""x"":345,""y"":254,""t"":3904},{""x"":324,""y"":230,""t"":3920},{""x"":328,""y"":217,""t"":3980},{""x"":336,""y"":184,""t"":4013},{""x"":321,""y"":162,""t"":4086},{""x"":332,""y"":134,""t"":4138},{""x"":344,""y"":110,""t"":4154},{""x"":366,""y"":157,""t"":4213},{""x"":387,""y"":202,""t"":4228},{""x"":397,""y"":230,""t"":4289},{""x"":410,""y"":241,""t"":4320},{""x"":440,""y"":258,""t"":4380},{""x"":460,""y"":274,""t"":4394},{""x"":442,""y"":243,""t"":4455},{""x"":421,""y"":210,""t"":4511},{""x"":403,""y"":181,""t"":4525},{""x"":416,""y"":157,""t"":4586},{""x"":397,""y"":148,""t"":4600},{""x"":424,""y"":112,""t"":4663},{""x"":442,""y"":91,""t"":4718},{""x"":433,""y"":65,""t"":4734},{""x"":435,""y"":55,""t"":4783},{""x"":421,""y"":48,""t"":4823},{""x"":443,""y"":54,""t"":4860},{""x"":454,""y"":64,""t"":4898},{""x"":568,""y"":80,""t"":4973},{""x"":641,""y"":105,""t"":4999},{""x"":717,""y"":127,""t"":5059},{""x"":778,""y"":145,""t"":5074},{""x"":822,""y"":146,""t"":5135},{""x"":855,""y"":147,""t"":5195},{""x"":878,""y"":148,""t"":5210},{""x"":884,""y"":160,""t"":5269},{""x"":884,""y"":169,""t"":5283},{""x"":829,""y"":161,""t"":5342},{""x"":738,""y"":150,""t"":5398},{""x"":658,""y"":152,""t"":5424},{""x"":635,""y"":157,""t"":5462},{""x"":606,""y"":153,""t"":5499},{""x"":607,""y"":175,""t"":5537},{""x"":610,""y"":198,""t"":5573},{""x"":600,""y"":220,""t"":5611},{""x"":591,""y"":229,""t"":5670},{""x"":584,""y"":235,""t"":5686},{""x"":584,""y"":231,""t"":5748},{""x"":598,""y"":225,""t"":5800},{""x"":597,""y"":231,""t"":5815},{""x"":578,""y"":245,""t"":5877},{""x"":562,""y"":257,""t"":5893},{""x"":564,""y"":253,""t"":5954},{""x"":560,""y"":257,""t"":6008},{""x"":560,""y"":248,""t"":6023},{""x"":567,""y"":231,""t"":6084},{""x"":560,""y"":211,""t"":6098},{""x"":573,""y"":226,""t"":6162},{""x"":575,""y"":257,""t"":6189},{""x"":755,""y"":197,""t"":6265},{""x"":772,""y"":200,""t"":6292},{""x"":760,""y"":209,""t"":6347}]",0,0.19162598565986752,0.8083740143401325,wa_b-last,0
147-attributes,0,28,exp_37,0.0,252.0,0.79,0.7,2.0,3.2,higher_p,higher_m,0,1,attributes,1.0,True,1.58,2.24,-0.6599999999999997,-0.4219978340514986,0.5,0.5,0.4,0.6,1.0,0.0,higher_m,higher_p,True,"{""durations"":[1500,1000,1500,1000],""alternatives"":[""all"",""all"",""all"",""all""],""attributes"":[""m"",""p"",""m"",""p""]}","[{""x"":610,""y"":210,""t"":-38},{""x"":628,""y"":207,""t"":0},{""x"":626,""y"":218,""t"":65},{""x"":659,""y"":224,""t"":83},{""x"":673,""y"":224,""t"":130},{""x"":675,""y"":234,""t"":190},{""x"":674,""y"":211,""t"":228},{""x"":664,""y"":208,""t"":265},{""x"":683,""y"":188,""t"":303},{""x"":688,""y"":179,""t"":340},{""x"":687,""y"":187,""t"":400},{""x"":701,""y"":175,""t"":415},{""x"":712,""y"":166,""t"":475},{""x"":735,""y"":167,""t"":489},{""x"":740,""y"":178,""t"":549},{""x"":728,""y"":184,""t"":615},{""x"":712,""y"":166,""t"":667},{""x"":698,""y"":151,""t"":682},{""x"":615,""y"":105,""t"":740},{""x"":516,""y"":99,""t"":756},{""x"":443,""y"":107,""t"":816},{""x"":367,""y"":99,""t"":831},{""x"":321,""y"":119,""t"":868},{""x"":320,""y"":117,""t"":908},{""x"":320,""y"":156,""t"":945},{""x"":310,""y"":173,""t"":983},{""x"":328,""y"":178,""t"":1022},{""x"":419,""y"":180,""t"":1080},{""x"":482,""y"":178,""t"":1097},{""x"":540,""y"":180,""t"":1168},{""x"":594,""y"":179,""t"":1192},{""x"":640,""y"":179,""t"":1254},{""x"":677,""y"":177,""t"":1268},{""x"":710,""y"":175,""t"":1329},{""x"":742,""y"":167,""t"":1360},{""x"":774,""y"":158,""t"":1447},{""x"":797,""y"":150,""t"":1463},{""x"":803,""y"":139,""t"":1523},{""x"":804,""y"":130,""t"":1539},{""x"":809,""y"":137,""t"":1598},{""x"":783,""y"":152,""t"":1614},{""x"":713,""y"":181,""t"":1651},{""x"":678,""y"":178,""t"":1703},{""x"":623,""y"":187,""t"":1763},{""x"":578,""y"":193,""t"":1777},{""x"":508,""y"":206,""t"":1836},{""x"":454,""y"":223,""t"":1887},{""x"":410,""y"":237,""t"":1904},{""x"":380,""y"":262,""t"":1965},{""x"":357,""y"":294,""t"":1980},{""x"":321,""y"":313,""t"":2039},{""x"":295,""y"":328,""t"":2055},{""x"":301,""y"":334,""t"":2116},{""x"":309,""y"":337,""t"":2144},{""x"":310,""y"":318,""t"":2220},{""x"":313,""y"":300,""t"":2245},{""x"":331,""y"":298,""t"":2304},{""x"":348,""y"":295,""t"":2321},{""x"":433,""y"":291,""t"":2380},{""x"":553,""y"":296,""t"":2447},{""x"":644,""y"":304,""t"":2462},{""x"":695,""y"":308,""t"":2520},{""x"":734,""y"":311,""t"":2551},{""x"":763,""y"":297,""t"":2611},{""x"":773,""y"":285,""t"":2627},{""x"":797,""y"":290,""t"":2686},{""x"":793,""y"":289,""t"":2739},{""x"":836,""y"":287,""t"":2754},{""x"":759,""y"":287,""t"":2814},{""x"":722,""y"":269,""t"":2829},{""x"":695,""y"":243,""t"":2881},{""x"":637,""y"":222,""t"":2917},{""x"":620,""y"":199,""t"":2957},{""x"":606,""y"":181,""t"":2995},{""x"":541,""y"":177,""t"":3055},{""x"":488,""y"":175,""t"":3069},{""x"":449,""y"":166,""t"":3130},{""x"":410,""y"":174,""t"":3182},{""x"":381,""y"":182,""t"":3197},{""x"":384,""y"":192,""t"":3255},{""x"":391,""y"":202,""t"":3271},{""x"":400,""y"":195,""t"":3332},{""x"":410,""y"":190,""t"":3346},{""x"":480,""y"":183,""t"":3406},{""x"":554,""y"":186,""t"":3455},{""x"":647,""y"":174,""t"":3470},{""x"":698,""y"":179,""t"":3532},{""x"":729,""y"":162,""t"":3549},{""x"":748,""y"":164,""t"":3600},{""x"":762,""y"":168,""t"":3637},{""x"":770,""y"":171,""t"":3677},{""x"":772,""y"":176,""t"":3750},{""x"":770,""y"":180,""t"":3776},{""x"":692,""y"":207,""t"":3838},{""x"":615,""y"":232,""t"":3853},{""x"":554,""y"":262,""t"":3917},{""x"":503,""y"":286,""t"":3944},{""x"":464,""y"":294,""t"":4007},{""x"":434,""y"":300,""t"":4021},{""x"":399,""y"":304,""t"":4087},{""x"":380,""y"":287,""t"":4115},{""x"":375,""y"":284,""t"":4176},{""x"":362,""y"":288,""t"":4192},{""x"":355,""y"":290,""t"":4254},{""x"":370,""y"":286,""t"":4306},{""x"":384,""y"":283,""t"":4321},{""x"":373,""y"":274,""t"":4381},{""x"":361,""y"":269,""t"":4396},{""x"":363,""y"":263,""t"":4459},{""x"":369,""y"":261,""t"":4513},{""x"":376,""y"":240,""t"":4528},{""x"":386,""y"":219,""t"":4590},{""x"":378,""y"":234,""t"":4605},{""x"":387,""y"":208,""t"":4643},{""x"":394,""y"":199,""t"":4681},{""x"":399,""y"":207,""t"":4721},{""x"":401,""y"":216,""t"":4759},{""x"":394,""y"":243,""t"":4798},{""x"":400,""y"":255,""t"":4863},{""x"":490,""y"":258,""t"":4915},{""x"":566,""y"":261,""t"":4930},{""x"":638,""y"":267,""t"":4996},{""x"":697,""y"":272,""t"":5010},{""x"":743,""y"":281,""t"":5075},{""x"":792,""y"":276,""t"":5101},{""x"":823,""y"":291,""t"":5176},{""x"":813,""y"":282,""t"":5204},{""x"":831,""y"":306,""t"":5267},{""x"":843,""y"":326,""t"":5281},{""x"":853,""y"":324,""t"":5343},{""x"":828,""y"":272,""t"":5395},{""x"":785,""y"":258,""t"":5410},{""x"":772,""y"":246,""t"":5471},{""x"":761,""y"":235,""t"":5486},{""x"":734,""y"":227,""t"":5548},{""x"":712,""y"":232,""t"":5577},{""x"":695,""y"":212,""t"":5640},{""x"":687,""y"":206,""t"":5655},{""x"":699,""y"":212,""t"":5717},{""x"":678,""y"":214,""t"":5771},{""x"":664,""y"":212,""t"":5785}]",0,0.664365877914818,0.33563412208518184,wa_b-last,0
147-attributes,0,30,exp_91,0.0,27.5,0.5,0.38,3.0,4.0,higher_p,higher_m,0,1,attributes,1.0,True,1.5,1.52,-0.02,0.2367304922727919,0.5,0.5,0.6,0.4,0.0,0.0,higher_p,higher_p,True,"{""durations"":[1000,1500,1000,1500],""alternatives"":[""all"",""all"",""all"",""all""],""attributes"":[""m"",""p"",""m"",""p""]}","[{""x"":627,""y"":165,""t"":-19},{""x"":641,""y"":161,""t"":0},{""x"":837,""y"":86,""t"":68},{""x"":879,""y"":53,""t"":86},{""x"":890,""y"":99,""t"":134},{""x"":831,""y"":128,""t"":193},{""x"":763,""y"":158,""t"":231},{""x"":694,""y"":167,""t"":268},{""x"":637,""y"":166,""t"":308},{""x"":526,""y"":161,""t"":367},{""x"":463,""y"":185,""t"":383},{""x"":427,""y"":190,""t"":444},{""x"":381,""y"":187,""t"":496},{""x"":372,""y"":184,""t"":526},{""x"":457,""y"":162,""t"":563},{""x"":509,""y"":174,""t"":601},{""x"":561,""y"":175,""t"":638},{""x"":605,""y"":176,""t"":676},{""x"":636,""y"":172,""t"":712},{""x"":664,""y"":163,""t"":750},{""x"":691,""y"":157,""t"":811},{""x"":715,""y"":156,""t"":825},{""x"":730,""y"":152,""t"":886},{""x"":643,""y"":152,""t"":936},{""x"":578,""y"":141,""t"":952},{""x"":524,""y"":145,""t"":1014},{""x"":484,""y"":145,""t"":1029},{""x"":459,""y"":163,""t"":1088},{""x"":440,""y"":178,""t"":1103},{""x"":418,""y"":171,""t"":1162},{""x"":413,""y"":168,""t"":1212},{""x"":411,""y"":166,""t"":1228},{""x"":458,""y"":170,""t"":1287},{""x"":499,""y"":174,""t"":1301},{""x"":560,""y"":187,""t"":1361},{""x"":597,""y"":199,""t"":1394},{""x"":635,""y"":210,""t"":1481},{""x"":643,""y"":220,""t"":1500},{""x"":654,""y"":226,""t"":1561},{""x"":661,""y"":231,""t"":1575},{""x"":779,""y"":188,""t"":1637},{""x"":837,""y"":145,""t"":1667},{""x"":851,""y"":204,""t"":1742},{""x"":883,""y"":211,""t"":1769},{""x"":906,""y"":192,""t"":1829},{""x"":907,""y"":221,""t"":1843},{""x"":896,""y"":240,""t"":1903},{""x"":884,""y"":255,""t"":1918},{""x"":817,""y"":287,""t"":1978},{""x"":747,""y"":309,""t"":2007},{""x"":669,""y"":300,""t"":2067},{""x"":603,""y"":291,""t"":2082},{""x"":551,""y"":283,""t"":2142},{""x"":514,""y"":287,""t"":2156},{""x"":474,""y"":293,""t"":2215},{""x"":442,""y"":298,""t"":2267},{""x"":421,""y"":324,""t"":2296},{""x"":408,""y"":320,""t"":2332},{""x"":432,""y"":332,""t"":2369},{""x"":513,""y"":339,""t"":2407},{""x"":591,""y"":337,""t"":2444},{""x"":659,""y"":334,""t"":2483},{""x"":699,""y"":348,""t"":2543},{""x"":731,""y"":359,""t"":2558},{""x"":768,""y"":332,""t"":2619},{""x"":808,""y"":339,""t"":2688},{""x"":828,""y"":334,""t"":2757},{""x"":808,""y"":297,""t"":2808},{""x"":770,""y"":266,""t"":2825},{""x"":709,""y"":260,""t"":2885},{""x"":657,""y"":256,""t"":2900},{""x"":581,""y"":238,""t"":2957},{""x"":532,""y"":219,""t"":2973},{""x"":486,""y"":196,""t"":3035},{""x"":435,""y"":185,""t"":3060},{""x"":471,""y"":177,""t"":3135},{""x"":512,""y"":168,""t"":3163},{""x"":551,""y"":165,""t"":3239},{""x"":585,""y"":164,""t"":3266},{""x"":634,""y"":160,""t"":3341},{""x"":677,""y"":169,""t"":3367},{""x"":629,""y"":174,""t"":3452},{""x"":633,""y"":168,""t"":3476},{""x"":556,""y"":155,""t"":3545},{""x"":519,""y"":169,""t"":3571},{""x"":489,""y"":168,""t"":3629},{""x"":464,""y"":168,""t"":3644},{""x"":450,""y"":166,""t"":3706},{""x"":440,""y"":166,""t"":3720},{""x"":478,""y"":172,""t"":3780},{""x"":517,""y"":193,""t"":3808},{""x"":586,""y"":233,""t"":3870},{""x"":640,""y"":256,""t"":3884},{""x"":692,""y"":256,""t"":3946},{""x"":714,""y"":272,""t"":3997},{""x"":759,""y"":271,""t"":4013},{""x"":791,""y"":285,""t"":4076},{""x"":815,""y"":295,""t"":4090},{""x"":842,""y"":291,""t"":4151},{""x"":843,""y"":295,""t"":4204},{""x"":840,""y"":297,""t"":4218},{""x"":842,""y"":301,""t"":4276},{""x"":842,""y"":303,""t"":4290},{""x"":751,""y"":311,""t"":4350},{""x"":673,""y"":318,""t"":4363},{""x"":621,""y"":326,""t"":4424},{""x"":579,""y"":333,""t"":4455},{""x"":517,""y"":326,""t"":4515},{""x"":461,""y"":326,""t"":4529},{""x"":425,""y"":306,""t"":4589},{""x"":413,""y"":297,""t"":4604},{""x"":492,""y"":278,""t"":4665},{""x"":549,""y"":280,""t"":4693},{""x"":620,""y"":273,""t"":4770},{""x"":682,""y"":270,""t"":4794},{""x"":717,""y"":276,""t"":4872},{""x"":744,""y"":281,""t"":4897},{""x"":774,""y"":281,""t"":4956},{""x"":770,""y"":280,""t"":4972},{""x"":779,""y"":291,""t"":5034},{""x"":784,""y"":301,""t"":5066},{""x"":788,""y"":304,""t"":5144},{""x"":790,""y"":307,""t"":5169},{""x"":796,""y"":291,""t"":5236},{""x"":800,""y"":278,""t"":5251},{""x"":820,""y"":260,""t"":5312},{""x"":821,""y"":267,""t"":5340},{""x"":758,""y"":262,""t"":5401},{""x"":704,""y"":258,""t"":5416},{""x"":681,""y"":247,""t"":5476},{""x"":661,""y"":237,""t"":5529},{""x"":649,""y"":219,""t"":5544}]",0,0.781791079205113,0.21820892079488705,wa_b-last,0
147-attributes,0,33,exp_107,0.0,83.29999999701977,0.78,0.4,2.1,3.0,higher_p,higher_m,0,1,attributes,1.0,True,1.638,1.2000000000000002,0.4379999999999999,0.7081329507986127,0.5,0.5,0.6,0.4,0.0,0.0,higher_p,higher_p,True,"{""durations"":[1000,1500,1000,1500],""alternatives"":[""all"",""all"",""all"",""all""],""attributes"":[""m"",""p"",""m"",""p""]}","[{""x"":620,""y"":209,""t"":-16},{""x"":623,""y"":209,""t"":0},{""x"":648,""y"":195,""t"":67},{""x"":642,""y"":189,""t"":83},{""x"":645,""y"":201,""t"":130},{""x"":637,""y"":212,""t"":190},{""x"":638,""y"":210,""t"":228},{""x"":594,""y"":197,""t"":264},{""x"":525,""y"":179,""t"":302},{""x"":481,""y"":162,""t"":340},{""x"":438,""y"":161,""t"":401},{""x"":395,""y"":182,""t"":416},{""x"":370,""y"":157,""t"":477},{""x"":367,""y"":153,""t"":532},{""x"":368,""y"":150,""t"":546},{""x"":389,""y"":146,""t"":606},{""x"":410,""y"":144,""t"":622},{""x"":486,""y"":131,""t"":683},{""x"":579,""y"":117,""t"":734},{""x"":658,""y"":106,""t"":751},{""x"":705,""y"":112,""t"":811},{""x"":742,""y"":118,""t"":826},{""x"":772,""y"":120,""t"":886},{""x"":790,""y"":146,""t"":938},{""x"":802,""y"":168,""t"":954},{""x"":757,""y"":163,""t"":1011},{""x"":736,""y"":164,""t"":1029},{""x"":629,""y"":160,""t"":1088},{""x"":557,""y"":156,""t"":1144},{""x"":498,""y"":152,""t"":1169},{""x"":438,""y"":168,""t"":1232},{""x"":401,""y"":176,""t"":1259},{""x"":442,""y"":180,""t"":1317},{""x"":480,""y"":183,""t"":1331},{""x"":528,""y"":192,""t"":1390},{""x"":570,""y"":199,""t"":1405},{""x"":630,""y"":217,""t"":1466},{""x"":691,""y"":228,""t"":1530},{""x"":722,""y"":241,""t"":1582},{""x"":745,""y"":252,""t"":1598},{""x"":775,""y"":251,""t"":1656},{""x"":767,""y"":279,""t"":1671},{""x"":781,""y"":298,""t"":1734},{""x"":784,""y"":292,""t"":1748},{""x"":790,""y"":294,""t"":1808},{""x"":801,""y"":318,""t"":1838},{""x"":771,""y"":293,""t"":1897},{""x"":735,""y"":281,""t"":1914},{""x"":667,""y"":284,""t"":1975},{""x"":605,""y"":299,""t"":2030},{""x"":538,""y"":308,""t"":2044},{""x"":514,""y"":304,""t"":2106},{""x"":497,""y"":300,""t"":2121},{""x"":460,""y"":286,""t"":2180},{""x"":441,""y"":299,""t"":2250},{""x"":428,""y"":310,""t"":2278},{""x"":451,""y"":299,""t"":2340},{""x"":503,""y"":292,""t"":2356},{""x"":576,""y"":282,""t"":2414},{""x"":637,""y"":269,""t"":2485},{""x"":647,""y"":284,""t"":2540},{""x"":690,""y"":273,""t"":2556},{""x"":731,""y"":272,""t"":2615},{""x"":751,""y"":287,""t"":2631},{""x"":753,""y"":269,""t"":2690},{""x"":751,""y"":259,""t"":2743},{""x"":755,""y"":246,""t"":2759},{""x"":749,""y"":229,""t"":2817},{""x"":747,""y"":209,""t"":2832},{""x"":719,""y"":198,""t"":2892},{""x"":660,""y"":173,""t"":2942},{""x"":607,""y"":159,""t"":2958},{""x"":568,""y"":151,""t"":3019},{""x"":536,""y"":146,""t"":3034},{""x"":499,""y"":148,""t"":3093},{""x"":470,""y"":150,""t"":3109},{""x"":447,""y"":147,""t"":3168},{""x"":422,""y"":143,""t"":3235},{""x"":404,""y"":141,""t"":3265},{""x"":433,""y"":143,""t"":3325},{""x"":460,""y"":146,""t"":3339},{""x"":520,""y"":173,""t"":3400},{""x"":562,""y"":197,""t"":3469},{""x"":598,""y"":203,""t"":3541},{""x"":644,""y"":209,""t"":3594},{""x"":681,""y"":213,""t"":3609},{""x"":693,""y"":209,""t"":3669},{""x"":701,""y"":204,""t"":3685},{""x"":687,""y"":206,""t"":3744},{""x"":693,""y"":224,""t"":3775},{""x"":719,""y"":230,""t"":3836},{""x"":739,""y"":234,""t"":3850},{""x"":774,""y"":256,""t"":3914},{""x"":788,""y"":286,""t"":3982},{""x"":783,""y"":303,""t"":4014},{""x"":786,""y"":305,""t"":4076},{""x"":788,""y"":298,""t"":4092},{""x"":778,""y"":297,""t"":4152},{""x"":774,""y"":314,""t"":4183},{""x"":708,""y"":285,""t"":4242},{""x"":628,""y"":267,""t"":4281},{""x"":560,""y"":265,""t"":4319},{""x"":543,""y"":260,""t"":4381},{""x"":522,""y"":265,""t"":4396},{""x"":502,""y"":256,""t"":4457},{""x"":479,""y"":260,""t"":4511},{""x"":461,""y"":264,""t"":4526},{""x"":453,""y"":280,""t"":4585},{""x"":459,""y"":284,""t"":4599},{""x"":525,""y"":280,""t"":4660},{""x"":553,""y"":263,""t"":4721},{""x"":603,""y"":272,""t"":4742},{""x"":657,""y"":264,""t"":4781},{""x"":685,""y"":269,""t"":4819},{""x"":693,""y"":266,""t"":4859},{""x"":712,""y"":271,""t"":4897},{""x"":706,""y"":273,""t"":4958},{""x"":715,""y"":268,""t"":4973},{""x"":733,""y"":272,""t"":5036},{""x"":725,""y"":259,""t"":5086},{""x"":750,""y"":255,""t"":5101},{""x"":724,""y"":243,""t"":5165},{""x"":704,""y"":236,""t"":5179},{""x"":693,""y"":245,""t"":5242},{""x"":696,""y"":250,""t"":5271},{""x"":725,""y"":245,""t"":5347},{""x"":726,""y"":246,""t"":5372},{""x"":744,""y"":239,""t"":5433},{""x"":759,""y"":234,""t"":5449},{""x"":739,""y"":248,""t"":5509},{""x"":710,""y"":239,""t"":5563},{""x"":684,""y"":231,""t"":5577}]",0,0.993377805933692,0.006622194066308092,wa_b-last,0
147-attributes,0,34,exp_29,0.0,315.70000000298023,0.3,0.17,2.0,3.0,higher_p,higher_m,0,1,attributes,1.0,True,0.6,0.51,0.0899999999999999,0.3499494233597794,0.5,0.5,0.4,0.6,1.0,0.0,higher_m,higher_p,True,"{""durations"":[1500,1000,1500,1000],""alternatives"":[""all"",""all"",""all"",""all""],""attributes"":[""m"",""p"",""m"",""p""]}","[{""x"":602,""y"":205,""t"":-40},{""x"":613,""y"":218,""t"":0},{""x"":630,""y"":216,""t"":66},{""x"":630,""y"":219,""t"":83},{""x"":642,""y"":229,""t"":133},{""x"":658,""y"":235,""t"":192},{""x"":669,""y"":240,""t"":228},{""x"":646,""y"":255,""t"":266},{""x"":706,""y"":212,""t"":305},{""x"":725,""y"":203,""t"":342},{""x"":718,""y"":186,""t"":405},{""x"":711,""y"":165,""t"":420},{""x"":737,""y"":146,""t"":480},{""x"":647,""y"":151,""t"":538},{""x"":575,""y"":159,""t"":562},{""x"":530,""y"":166,""t"":600},{""x"":497,""y"":165,""t"":637},{""x"":472,""y"":163,""t"":674},{""x"":450,""y"":163,""t"":710},{""x"":434,""y"":163,""t"":749},{""x"":421,""y"":165,""t"":808},{""x"":413,""y"":168,""t"":823},{""x"":446,""y"":175,""t"":885},{""x"":492,""y"":179,""t"":939},{""x"":531,""y"":183,""t"":954},{""x"":567,""y"":174,""t"":1013},{""x"":597,""y"":167,""t"":1029},{""x"":649,""y"":172,""t"":1089},{""x"":682,""y"":195,""t"":1155},{""x"":708,""y"":214,""t"":1171},{""x"":715,""y"":212,""t"":1229},{""x"":720,""y"":210,""t"":1259},{""x"":643,""y"":194,""t"":1319},{""x"":587,""y"":202,""t"":1335},{""x"":563,""y"":204,""t"":1395},{""x"":520,""y"":205,""t"":1465},{""x"":481,""y"":212,""t"":1520},{""x"":423,""y"":209,""t"":1535},{""x"":428,""y"":238,""t"":1594},{""x"":418,""y"":233,""t"":1610},{""x"":421,""y"":250,""t"":1669},{""x"":454,""y"":231,""t"":1701},{""x"":497,""y"":229,""t"":1763},{""x"":534,""y"":226,""t"":1777},{""x"":509,""y"":228,""t"":1837},{""x"":518,""y"":228,""t"":1870},{""x"":501,""y"":230,""t"":1930},{""x"":487,""y"":232,""t"":1944},{""x"":564,""y"":229,""t"":2005},{""x"":641,""y"":219,""t"":2019},{""x"":695,""y"":239,""t"":2081},{""x"":739,""y"":256,""t"":2108},{""x"":762,""y"":264,""t"":2184},{""x"":788,""y"":262,""t"":2210},{""x"":811,""y"":282,""t"":2274},{""x"":824,""y"":289,""t"":2290},{""x"":827,""y"":300,""t"":2348},{""x"":814,""y"":303,""t"":2381},{""x"":714,""y"":305,""t"":2457},{""x"":639,""y"":297,""t"":2483},{""x"":580,""y"":287,""t"":2542},{""x"":534,""y"":289,""t"":2558},{""x"":492,""y"":288,""t"":2617},{""x"":456,""y"":267,""t"":2633},{""x"":462,""y"":239,""t"":2692},{""x"":449,""y"":227,""t"":2721},{""x"":515,""y"":246,""t"":2782},{""x"":574,""y"":263,""t"":2796},{""x"":632,""y"":275,""t"":2855},{""x"":682,""y"":285,""t"":2871},{""x"":696,""y"":255,""t"":2930},{""x"":706,""y"":229,""t"":2959},{""x"":731,""y"":214,""t"":3019},{""x"":751,""y"":201,""t"":3034},{""x"":685,""y"":187,""t"":3094},{""x"":635,""y"":181,""t"":3110},{""x"":571,""y"":170,""t"":3168},{""x"":517,""y"":161,""t"":3197},{""x"":454,""y"":150,""t"":3257},{""x"":403,""y"":142,""t"":3273},{""x"":361,""y"":140,""t"":3336},{""x"":328,""y"":140,""t"":3366},{""x"":332,""y"":152,""t"":3440},{""x"":337,""y"":154,""t"":3497},{""x"":344,""y"":156,""t"":3513},{""x"":356,""y"":158,""t"":3571},{""x"":372,""y"":175,""t"":3625},{""x"":390,""y"":199,""t"":3651},{""x"":397,""y"":200,""t"":3712},{""x"":401,""y"":219,""t"":3764},{""x"":405,""y"":235,""t"":3781},{""x"":393,""y"":248,""t"":3840},{""x"":387,""y"":251,""t"":3855},{""x"":408,""y"":262,""t"":3916},{""x"":389,""y"":258,""t"":3986},{""x"":402,""y"":258,""t"":4013},{""x"":401,""y"":239,""t"":4074},{""x"":392,""y"":248,""t"":4089},{""x"":413,""y"":244,""t"":4150},{""x"":412,""y"":257,""t"":4215},{""x"":411,""y"":269,""t"":4230},{""x"":427,""y"":256,""t"":4289},{""x"":436,""y"":266,""t"":4348},{""x"":419,""y"":260,""t"":4372},{""x"":435,""y"":266,""t"":4408},{""x"":444,""y"":264,""t"":4447},{""x"":498,""y"":260,""t"":4485},{""x"":568,""y"":263,""t"":4523},{""x"":626,""y"":271,""t"":4583},{""x"":670,""y"":284,""t"":4598},{""x"":727,""y"":293,""t"":4662},{""x"":772,""y"":305,""t"":4716},{""x"":811,""y"":283,""t"":4732},{""x"":835,""y"":289,""t"":4790},{""x"":858,""y"":307,""t"":4805},{""x"":885,""y"":331,""t"":4877},{""x"":917,""y"":336,""t"":4896},{""x"":915,""y"":338,""t"":4958},{""x"":917,""y"":326,""t"":4973},{""x"":915,""y"":303,""t"":5033},{""x"":899,""y"":308,""t"":5086},{""x"":893,""y"":299,""t"":5102},{""x"":873,""y"":300,""t"":5161},{""x"":864,""y"":290,""t"":5176},{""x"":810,""y"":283,""t"":5237},{""x"":794,""y"":272,""t"":5290},{""x"":780,""y"":263,""t"":5305},{""x"":731,""y"":258,""t"":5364},{""x"":708,""y"":251,""t"":5379},{""x"":680,""y"":243,""t"":5441},{""x"":648,""y"":237,""t"":5508},{""x"":628,""y"":232,""t"":5560},{""x"":632,""y"":225,""t"":5577},{""x"":624,""y"":228,""t"":5639},{""x"":619,""y"":231,""t"":5654},{""x"":617,""y"":244,""t"":5714},{""x"":613,""y"":248,""t"":5782},{""x"":599,""y"":245,""t"":5833},{""x"":588,""y"":243,""t"":5848}]",1,0.8047823142694732,0.19521768573052672,wa_b-last,0
147-attributes,0,36,exp_19,1.0,466.59999999403954,0.28,0.17,4.3,8.3,higher_p,higher_m,0,1,attributes,1.0,True,1.204,1.4110000000000005,-0.2070000000000003,0.0442583094249129,0.5,0.5,0.6,0.4,0.0,0.0,higher_p,higher_p,False,"{""durations"":[1000,1500,1000,1500],""alternatives"":[""all"",""all"",""all"",""all""],""attributes"":[""m"",""p"",""m"",""p""]}","[{""x"":701,""y"":296,""t"":-19},{""x"":679,""y"":301,""t"":0},{""x"":673,""y"":297,""t"":74},{""x"":653,""y"":300,""t"":134},{""x"":637,""y"":302,""t"":148},{""x"":647,""y"":277,""t"":208},{""x"":610,""y"":253,""t"":256},{""x"":585,""y"":243,""t"":273},{""x"":557,""y"":220,""t"":331},{""x"":519,""y"":183,""t"":346},{""x"":465,""y"":145,""t"":409},{""x"":442,""y"":140,""t"":457},{""x"":426,""y"":117,""t"":478},{""x"":392,""y"":104,""t"":539},{""x"":366,""y"":95,""t"":553},{""x"":355,""y"":81,""t"":614},{""x"":469,""y"":86,""t"":662},{""x"":536,""y"":108,""t"":681},{""x"":600,""y"":128,""t"":740},{""x"":665,""y"":138,""t"":754},{""x"":745,""y"":125,""t"":814},{""x"":792,""y"":146,""t"":828},{""x"":815,""y"":139,""t"":887},{""x"":834,""y"":150,""t"":938},{""x"":842,""y"":156,""t"":967},{""x"":872,""y"":139,""t"":1029},{""x"":887,""y"":147,""t"":1075},{""x"":892,""y"":156,""t"":1089},{""x"":882,""y"":177,""t"":1148},{""x"":878,""y"":176,""t"":1162},{""x"":879,""y"":182,""t"":1223},{""x"":857,""y"":179,""t"":1239},{""x"":847,""y"":150,""t"":1293},{""x"":861,""y"":194,""t"":1357},{""x"":854,""y"":239,""t"":1372},{""x"":859,""y"":270,""t"":1432},{""x"":868,""y"":278,""t"":1483},{""x"":874,""y"":295,""t"":1508},{""x"":806,""y"":298,""t"":1569},{""x"":727,""y"":291,""t"":1617},{""x"":645,""y"":315,""t"":1633},{""x"":582,""y"":318,""t"":1694},{""x"":532,""y"":319,""t"":1710},{""x"":470,""y"":316,""t"":1771},{""x"":438,""y"":309,""t"":1830},{""x"":393,""y"":325,""t"":1850},{""x"":392,""y"":318,""t"":1911},{""x"":409,""y"":314,""t"":1968},{""x"":441,""y"":305,""t"":1983},{""x"":533,""y"":305,""t"":2045},{""x"":628,""y"":308,""t"":2095},{""x"":693,""y"":318,""t"":2108},{""x"":763,""y"":314,""t"":2170},{""x"":821,""y"":311,""t"":2184},{""x"":839,""y"":329,""t"":2244},{""x"":870,""y"":347,""t"":2292},{""x"":879,""y"":346,""t"":2313},{""x"":838,""y"":304,""t"":2375},{""x"":807,""y"":271,""t"":2401},{""x"":726,""y"":242,""t"":2440},{""x"":643,""y"":207,""t"":2479},{""x"":577,""y"":190,""t"":2520},{""x"":516,""y"":182,""t"":2585},{""x"":473,""y"":178,""t"":2643},{""x"":432,""y"":167,""t"":2659},{""x"":391,""y"":144,""t"":2718},{""x"":360,""y"":126,""t"":2732},{""x"":336,""y"":119,""t"":2790},{""x"":337,""y"":113,""t"":2854},{""x"":352,""y"":91,""t"":2870},{""x"":346,""y"":89,""t"":2927},{""x"":464,""y"":70,""t"":2974},{""x"":546,""y"":67,""t"":2992},{""x"":629,""y"":94,""t"":3052},{""x"":707,""y"":112,""t"":3067},{""x"":799,""y"":134,""t"":3127},{""x"":865,""y"":140,""t"":3142},{""x"":912,""y"":136,""t"":3201},{""x"":933,""y"":138,""t"":3248},{""x"":930,""y"":133,""t"":3265},{""x"":796,""y"":117,""t"":3325},{""x"":683,""y"":114,""t"":3339},{""x"":626,""y"":99,""t"":3399},{""x"":578,""y"":87,""t"":3415},{""x"":538,""y"":67,""t"":3475},{""x"":487,""y"":59,""t"":3523},{""x"":463,""y"":66,""t"":3537},{""x"":444,""y"":78,""t"":3596},{""x"":431,""y"":89,""t"":3612},{""x"":458,""y"":148,""t"":3672},{""x"":492,""y"":187,""t"":3686},{""x"":521,""y"":205,""t"":3745},{""x"":550,""y"":237,""t"":3797},{""x"":582,""y"":268,""t"":3821},{""x"":550,""y"":293,""t"":3881},{""x"":523,""y"":306,""t"":3942},{""x"":516,""y"":335,""t"":3956},{""x"":490,""y"":336,""t"":4017},{""x"":461,""y"":328,""t"":4063},{""x"":450,""y"":321,""t"":4080},{""x"":454,""y"":319,""t"":4138},{""x"":454,""y"":292,""t"":4153},{""x"":454,""y"":271,""t"":4214},{""x"":473,""y"":246,""t"":4229},{""x"":493,""y"":228,""t"":4288},{""x"":481,""y"":232,""t"":4346},{""x"":470,""y"":236,""t"":4366},{""x"":459,""y"":252,""t"":4431},{""x"":470,""y"":263,""t"":4456},{""x"":479,""y"":262,""t"":4527},{""x"":558,""y"":282,""t"":4576},{""x"":624,""y"":288,""t"":4591},{""x"":693,""y"":295,""t"":4651},{""x"":751,""y"":315,""t"":4666},{""x"":828,""y"":326,""t"":4735},{""x"":894,""y"":333,""t"":4760},{""x"":919,""y"":324,""t"":4822},{""x"":936,""y"":316,""t"":4836},{""x"":938,""y"":308,""t"":4900},{""x"":939,""y"":304,""t"":4950},{""x"":936,""y"":300,""t"":4965},{""x"":909,""y"":305,""t"":5027},{""x"":879,""y"":287,""t"":5043},{""x"":790,""y"":290,""t"":5106},{""x"":699,""y"":284,""t"":5155},{""x"":612,""y"":274,""t"":5171},{""x"":550,""y"":275,""t"":5231},{""x"":517,""y"":275,""t"":5246},{""x"":499,""y"":257,""t"":5313},{""x"":513,""y"":238,""t"":5360},{""x"":508,""y"":230,""t"":5376},{""x"":534,""y"":224,""t"":5438},{""x"":546,""y"":236,""t"":5453},{""x"":587,""y"":237,""t"":5495},{""x"":595,""y"":223,""t"":5534},{""x"":600,""y"":229,""t"":5574},{""x"":621,""y"":235,""t"":5614},{""x"":626,""y"":242,""t"":5678},{""x"":637,""y"":239,""t"":5725},{""x"":644,""y"":254,""t"":5747},{""x"":658,""y"":248,""t"":5816},{""x"":654,""y"":257,""t"":5866},{""x"":650,""y"":265,""t"":5884},{""x"":669,""y"":248,""t"":5945},{""x"":679,""y"":241,""t"":5960},{""x"":850,""y"":225,""t"":6022},{""x"":836,""y"":271,""t"":6068}]",0,0.1900712666385888,0.8099287333614112,wa_b-last,0
147-attributes,0,37,catch_3,0.0,25.400000005960464,0.19,0.38,5.8,6.799999999999999,dominated,dominant,1,1,attributes,1.0,True,1.102,2.584,-1.4819999999999998,-1.2680520281742598,0.5,0.5,0.5,0.5,,1.0,,dominant,False,"{""durations"":[1250,1250,1250,1250],""attributes"":[""p"",""m"",""p"",""m""],""alternatives"":[""all"",""all"",""all"",""all""]}","[{""x"":706,""y"":226,""t"":-39},{""x"":708,""y"":220,""t"":0},{""x"":697,""y"":236,""t"":64},{""x"":673,""y"":230,""t"":81},{""x"":655,""y"":247,""t"":130},{""x"":621,""y"":259,""t"":192},{""x"":637,""y"":230,""t"":229},{""x"":636,""y"":224,""t"":282},{""x"":617,""y"":246,""t"":342},{""x"":583,""y"":238,""t"":389},{""x"":555,""y"":231,""t"":409},{""x"":540,""y"":237,""t"":470},{""x"":528,""y"":243,""t"":484},{""x"":528,""y"":250,""t"":544},{""x"":529,""y"":255,""t"":558},{""x"":567,""y"":264,""t"":619},{""x"":664,""y"":289,""t"":666},{""x"":717,""y"":313,""t"":681},{""x"":772,""y"":304,""t"":741},{""x"":818,""y"":295,""t"":757},{""x"":868,""y"":299,""t"":816},{""x"":891,""y"":310,""t"":831},{""x"":948,""y"":325,""t"":870},{""x"":921,""y"":324,""t"":907},{""x"":943,""y"":323,""t"":944},{""x"":937,""y"":333,""t"":982},{""x"":958,""y"":328,""t"":1018},{""x"":933,""y"":319,""t"":1056},{""x"":921,""y"":320,""t"":1116},{""x"":918,""y"":320,""t"":1131},{""x"":943,""y"":315,""t"":1202},{""x"":964,""y"":311,""t"":1226},{""x"":960,""y"":323,""t"":1285},{""x"":915,""y"":292,""t"":1300},{""x"":876,""y"":265,""t"":1366},{""x"":849,""y"":227,""t"":1428},{""x"":866,""y"":186,""t"":1443},{""x"":856,""y"":156,""t"":1483},{""x"":848,""y"":122,""t"":1520},{""x"":842,""y"":113,""t"":1557},{""x"":829,""y"":98,""t"":1594},{""x"":819,""y"":87,""t"":1632},{""x"":811,""y"":80,""t"":1667},{""x"":822,""y"":91,""t"":1734},{""x"":840,""y"":109,""t"":1769},{""x"":724,""y"":100,""t"":1846},{""x"":628,""y"":74,""t"":1891},{""x"":558,""y"":47,""t"":1907},{""x"":478,""y"":45,""t"":1967},{""x"":414,""y"":45,""t"":1981},{""x"":410,""y"":53,""t"":2041},{""x"":391,""y"":77,""t"":2089},{""x"":378,""y"":72,""t"":2109},{""x"":367,""y"":71,""t"":2167},{""x"":368,""y"":79,""t"":2183},{""x"":477,""y"":69,""t"":2245},{""x"":591,""y"":68,""t"":2290},{""x"":682,""y"":72,""t"":2313},{""x"":718,""y"":89,""t"":2388},{""x"":755,""y"":106,""t"":2431},{""x"":783,""y"":119,""t"":2449},{""x"":697,""y"":126,""t"":2510},{""x"":645,""y"":103,""t"":2525},{""x"":593,""y"":112,""t"":2587},{""x"":519,""y"":101,""t"":2633},{""x"":484,""y"":103,""t"":2652},{""x"":438,""y"":109,""t"":2723},{""x"":453,""y"":107,""t"":2771},{""x"":449,""y"":102,""t"":2789},{""x"":460,""y"":164,""t"":2850},{""x"":482,""y"":191,""t"":2866},{""x"":494,""y"":213,""t"":2927},{""x"":475,""y"":246,""t"":2975},{""x"":460,""y"":273,""t"":2993},{""x"":462,""y"":272,""t"":3051},{""x"":465,""y"":269,""t"":3066},{""x"":584,""y"":276,""t"":3126},{""x"":655,""y"":307,""t"":3140},{""x"":733,""y"":304,""t"":3200},{""x"":799,""y"":322,""t"":3248},{""x"":852,""y"":336,""t"":3264},{""x"":893,""y"":335,""t"":3323},{""x"":927,""y"":335,""t"":3338},{""x"":937,""y"":341,""t"":3390},{""x"":895,""y"":343,""t"":3427},{""x"":820,""y"":313,""t"":3464},{""x"":753,""y"":286,""t"":3504},{""x"":702,""y"":269,""t"":3566},{""x"":652,""y"":273,""t"":3582},{""x"":578,""y"":277,""t"":3645},{""x"":528,""y"":283,""t"":3693},{""x"":488,""y"":289,""t"":3709},{""x"":442,""y"":246,""t"":3769},{""x"":407,""y"":210,""t"":3786},{""x"":364,""y"":174,""t"":3845},{""x"":332,""y"":150,""t"":3894},{""x"":309,""y"":130,""t"":3911},{""x"":326,""y"":116,""t"":3970},{""x"":343,""y"":106,""t"":3986},{""x"":358,""y"":87,""t"":4046},{""x"":343,""y"":86,""t"":4094},{""x"":358,""y"":74,""t"":4115},{""x"":466,""y"":85,""t"":4175},{""x"":558,""y"":96,""t"":4191},{""x"":673,""y"":86,""t"":4254},{""x"":778,""y"":89,""t"":4301},{""x"":847,""y"":89,""t"":4320},{""x"":887,""y"":92,""t"":4378},{""x"":908,""y"":82,""t"":4394},{""x"":910,""y"":75,""t"":4454},{""x"":907,""y"":68,""t"":4468},{""x"":864,""y"":73,""t"":4543},{""x"":784,""y"":82,""t"":4558},{""x"":677,""y"":89,""t"":4619},{""x"":604,""y"":92,""t"":4634},{""x"":549,""y"":81,""t"":4696},{""x"":511,""y"":103,""t"":4740},{""x"":475,""y"":110,""t"":4761},{""x"":461,""y"":114,""t"":4838},{""x"":468,""y"":117,""t"":4886},{""x"":458,""y"":127,""t"":4901},{""x"":424,""y"":120,""t"":4960},{""x"":418,""y"":124,""t"":4974},{""x"":399,""y"":124,""t"":5036},{""x"":409,""y"":130,""t"":5084},{""x"":419,""y"":134,""t"":5102},{""x"":443,""y"":165,""t"":5165},{""x"":483,""y"":184,""t"":5182},{""x"":507,""y"":180,""t"":5242},{""x"":511,""y"":187,""t"":5289},{""x"":512,""y"":183,""t"":5305},{""x"":504,""y"":207,""t"":5366},{""x"":505,""y"":218,""t"":5380},{""x"":561,""y"":208,""t"":5442},{""x"":568,""y"":219,""t"":5489},{""x"":573,""y"":229,""t"":5509},{""x"":617,""y"":228,""t"":5570},{""x"":653,""y"":226,""t"":5586}]",1,0.01830760386843745,0.9816923961315627,wa_b-last,0
147-attributes,0,39,catch_5,1.0,78.09999999403954,0.4,0.49,3.2,4.3,dominated,dominant,1,1,attributes,1.0,True,1.2800000000000002,2.107,-0.8269999999999995,-0.593884756701743,0.5,0.5,0.5,0.5,,1.0,,dominant,True,"{""durations"":[1250,1250,1250,1250],""attributes"":[""p"",""m"",""p"",""m""],""alternatives"":[""all"",""all"",""all"",""all""]}","[{""x"":547,""y"":256,""t"":-18},{""x"":555,""y"":265,""t"":0},{""x"":552,""y"":278,""t"":70},{""x"":559,""y"":280,""t"":145},{""x"":579,""y"":261,""t"":192},{""x"":605,""y"":260,""t"":207},{""x"":612,""y"":255,""t"":267},{""x"":618,""y"":251,""t"":283},{""x"":591,""y"":287,""t"":345},{""x"":579,""y"":294,""t"":399},{""x"":541,""y"":307,""t"":422},{""x"":521,""y"":320,""t"":486},{""x"":505,""y"":329,""t"":512},{""x"":481,""y"":330,""t"":588},{""x"":484,""y"":336,""t"":613},{""x"":545,""y"":336,""t"":673},{""x"":598,""y"":335,""t"":688},{""x"":670,""y"":332,""t"":751},{""x"":717,""y"":337,""t"":794},{""x"":755,""y"":341,""t"":817},{""x"":820,""y"":337,""t"":886},{""x"":826,""y"":342,""t"":938},{""x"":845,""y"":348,""t"":953},{""x"":846,""y"":347,""t"":1018},{""x"":820,""y"":345,""t"":1035},{""x"":827,""y"":343,""t"":1097},{""x"":799,""y"":345,""t"":1155},{""x"":724,""y"":363,""t"":1171},{""x"":646,""y"":363,""t"":1210},{""x"":610,""y"":348,""t"":1251},{""x"":564,""y"":331,""t"":1288},{""x"":510,""y"":329,""t"":1328},{""x"":466,""y"":332,""t"":1389},{""x"":455,""y"":351,""t"":1404},{""x"":464,""y"":344,""t"":1467},{""x"":524,""y"":333,""t"":1524},{""x"":577,""y"":324,""t"":1539},{""x"":596,""y"":307,""t"":1606},{""x"":657,""y"":296,""t"":1662},{""x"":702,""y"":267,""t"":1679},{""x"":716,""y"":240,""t"":1725},{""x"":765,""y"":212,""t"":1766},{""x"":798,""y"":203,""t"":1810},{""x"":716,""y"":185,""t"":1876},{""x"":657,""y"":168,""t"":1906},{""x"":596,""y"":173,""t"":1977},{""x"":532,""y"":168,""t"":2028},{""x"":478,""y"":164,""t"":2044},{""x"":448,""y"":168,""t"":2105},{""x"":422,""y"":167,""t"":2120},{""x"":410,""y"":185,""t"":2162},{""x"":423,""y"":194,""t"":2205},{""x"":436,""y"":202,""t"":2249},{""x"":550,""y"":185,""t"":2312},{""x"":598,""y"":192,""t"":2366},{""x"":694,""y"":159,""t"":2382},{""x"":760,""y"":169,""t"":2461},{""x"":818,""y"":161,""t"":2482},{""x"":755,""y"":147,""t"":2547},{""x"":653,""y"":150,""t"":2565},{""x"":588,""y"":154,""t"":2623},{""x"":522,""y"":161,""t"":2672},{""x"":466,""y"":168,""t"":2687},{""x"":448,""y"":166,""t"":2746},{""x"":430,""y"":168,""t"":2761},{""x"":412,""y"":179,""t"":2822},{""x"":405,""y"":219,""t"":2838},{""x"":397,""y"":252,""t"":2882},{""x"":389,""y"":262,""t"":2922},{""x"":395,""y"":275,""t"":2972},{""x"":429,""y"":280,""t"":3035},{""x"":441,""y"":287,""t"":3060},{""x"":439,""y"":288,""t"":3114},{""x"":437,""y"":288,""t"":3153},{""x"":460,""y"":288,""t"":3194},{""x"":489,""y"":287,""t"":3240},{""x"":459,""y"":300,""t"":3301},{""x"":528,""y"":322,""t"":3348},{""x"":601,""y"":342,""t"":3367},{""x"":677,""y"":332,""t"":3428},{""x"":739,""y"":322,""t"":3443},{""x"":773,""y"":326,""t"":3507},{""x"":806,""y"":326,""t"":3553},{""x"":839,""y"":322,""t"":3570},{""x"":851,""y"":340,""t"":3634},{""x"":846,""y"":360,""t"":3648},{""x"":865,""y"":356,""t"":3708},{""x"":877,""y"":346,""t"":3755},{""x"":885,""y"":352,""t"":3775},{""x"":884,""y"":347,""t"":3834},{""x"":869,""y"":333,""t"":3851},{""x"":847,""y"":316,""t"":3925},{""x"":827,""y"":301,""t"":3944},{""x"":829,""y"":268,""t"":4009},{""x"":830,""y"":239,""t"":4023},{""x"":825,""y"":199,""t"":4082},{""x"":823,""y"":172,""t"":4131},{""x"":821,""y"":150,""t"":4149},{""x"":795,""y"":131,""t"":4207},{""x"":774,""y"":118,""t"":4222},{""x"":706,""y"":118,""t"":4282},{""x"":648,""y"":121,""t"":4296},{""x"":554,""y"":118,""t"":4366},{""x"":490,""y"":126,""t"":4387},{""x"":421,""y"":121,""t"":4450},{""x"":366,""y"":119,""t"":4466},{""x"":323,""y"":141,""t"":4529},{""x"":350,""y"":159,""t"":4573},{""x"":343,""y"":184,""t"":4590},{""x"":433,""y"":193,""t"":4664},{""x"":482,""y"":197,""t"":4711},{""x"":553,""y"":209,""t"":4727},{""x"":601,""y"":219,""t"":4789},{""x"":637,""y"":213,""t"":4805},{""x"":667,""y"":203,""t"":4869},{""x"":690,""y"":194,""t"":4915},{""x"":709,""y"":186,""t"":4931},{""x"":727,""y"":187,""t"":4993},{""x"":741,""y"":187,""t"":5007},{""x"":740,""y"":201,""t"":5070},{""x"":738,""y"":210,""t"":5116},{""x"":734,""y"":218,""t"":5135},{""x"":760,""y"":252,""t"":5194},{""x"":740,""y"":269,""t"":5209},{""x"":742,""y"":292,""t"":5272},{""x"":757,""y"":295,""t"":5321},{""x"":764,""y"":293,""t"":5338},{""x"":773,""y"":289,""t"":5398},{""x"":772,""y"":275,""t"":5414},{""x"":785,""y"":245,""t"":5476},{""x"":770,""y"":227,""t"":5523},{""x"":764,""y"":217,""t"":5543},{""x"":746,""y"":175,""t"":5604},{""x"":732,""y"":152,""t"":5620},{""x"":728,""y"":122,""t"":5684}]",1,0.0650753231888083,0.9349246768111917,wa_b-last,0
147-attributes,0,40,exp_69,0.0,378.09999999403954,0.72,0.51,4.2,5.2,higher_p,higher_m,0,1,attributes,1.0,True,3.024,2.652,0.3719999999999999,0.6402015921464201,0.5,0.5,0.4,0.6,1.0,0.0,higher_m,higher_p,True,"{""durations"":[1500,1000,1500,1000],""alternatives"":[""all"",""all"",""all"",""all""],""attributes"":[""m"",""p"",""m"",""p""]}","[{""x"":662,""y"":62,""t"":-38},{""x"":645,""y"":71,""t"":0},{""x"":644,""y"":81,""t"":72},{""x"":637,""y"":62,""t"":134},{""x"":675,""y"":44,""t"":150},{""x"":670,""y"":72,""t"":191},{""x"":649,""y"":78,""t"":229},{""x"":632,""y"":66,""t"":266},{""x"":604,""y"":66,""t"":305},{""x"":581,""y"":67,""t"":341},{""x"":558,""y"":48,""t"":403},{""x"":528,""y"":37,""t"":419},{""x"":538,""y"":13,""t"":479},{""x"":505,""y"":22,""t"":528},{""x"":496,""y"":8,""t"":545},{""x"":571,""y"":5,""t"":610},{""x"":637,""y"":-17,""t"":631},{""x"":713,""y"":-33,""t"":678},{""x"":777,""y"":-45,""t"":716},{""x"":823,""y"":-73,""t"":779},{""x"":859,""y"":-97,""t"":793},{""x"":881,""y"":-94,""t"":855},{""x"":899,""y"":-92,""t"":901},{""x"":910,""y"":-90,""t"":918},{""x"":828,""y"":-49,""t"":979},{""x"":769,""y"":-30,""t"":998},{""x"":712,""y"":-27,""t"":1046},{""x"":671,""y"":-42,""t"":1086},{""x"":647,""y"":-19,""t"":1126},{""x"":605,""y"":-5,""t"":1187},{""x"":571,""y"":6,""t"":1202},{""x"":593,""y"":-6,""t"":1263},{""x"":572,""y"":-10,""t"":1311},{""x"":562,""y"":-13,""t"":1326},{""x"":542,""y"":-11,""t"":1389},{""x"":514,""y"":-11,""t"":1404},{""x"":563,""y"":-48,""t"":1465},{""x"":538,""y"":-41,""t"":1527},{""x"":513,""y"":-17,""t"":1556},{""x"":536,""y"":-17,""t"":1594},{""x"":510,""y"":14,""t"":1632},{""x"":526,""y"":29,""t"":1671},{""x"":533,""y"":28,""t"":1733},{""x"":586,""y"":7,""t"":1747},{""x"":580,""y"":48,""t"":1808},{""x"":563,""y"":84,""t"":1856},{""x"":561,""y"":103,""t"":1871},{""x"":547,""y"":119,""t"":1930},{""x"":535,""y"":131,""t"":1945},{""x"":512,""y"":158,""t"":2005},{""x"":501,""y"":170,""t"":2020},{""x"":548,""y"":179,""t"":2080},{""x"":620,""y"":192,""t"":2129},{""x"":667,""y"":208,""t"":2158},{""x"":699,""y"":210,""t"":2201},{""x"":718,""y"":224,""t"":2240},{""x"":719,""y"":248,""t"":2298},{""x"":722,""y"":270,""t"":2342},{""x"":725,""y"":275,""t"":2385},{""x"":730,""y"":261,""t"":2465},{""x"":733,""y"":248,""t"":2482},{""x"":735,""y"":234,""t"":2545},{""x"":745,""y"":217,""t"":2560},{""x"":724,""y"":200,""t"":2633},{""x"":720,""y"":199,""t"":2653},{""x"":687,""y"":179,""t"":2714},{""x"":652,""y"":179,""t"":2729},{""x"":615,""y"":181,""t"":2790},{""x"":576,""y"":178,""t"":2839},{""x"":551,""y"":185,""t"":2856},{""x"":546,""y"":144,""t"":2914},{""x"":532,""y"":138,""t"":2929},{""x"":530,""y"":116,""t"":2990},{""x"":514,""y"":94,""t"":3005},{""x"":558,""y"":64,""t"":3065},{""x"":569,""y"":49,""t"":3112},{""x"":559,""y"":55,""t"":3129},{""x"":624,""y"":25,""t"":3191},{""x"":673,""y"":-21,""t"":3206},{""x"":699,""y"":-37,""t"":3269},{""x"":731,""y"":-47,""t"":3317},{""x"":756,""y"":-54,""t"":3334},{""x"":766,""y"":-43,""t"":3408},{""x"":782,""y"":-35,""t"":3455},{""x"":793,""y"":-27,""t"":3471},{""x"":767,""y"":-14,""t"":3535},{""x"":721,""y"":0,""t"":3549},{""x"":668,""y"":26,""t"":3614},{""x"":633,""y"":44,""t"":3640},{""x"":624,""y"":52,""t"":3701},{""x"":581,""y"":57,""t"":3717},{""x"":541,""y"":82,""t"":3779},{""x"":560,""y"":73,""t"":3836},{""x"":567,""y"":75,""t"":3853},{""x"":553,""y"":86,""t"":3914},{""x"":539,""y"":98,""t"":3962},{""x"":557,""y"":105,""t"":3979},{""x"":553,""y"":130,""t"":4041},{""x"":550,""y"":141,""t"":4057},{""x"":540,""y"":150,""t"":4141},{""x"":532,""y"":157,""t"":4157},{""x"":502,""y"":170,""t"":4222},{""x"":508,""y"":185,""t"":4269},{""x"":499,""y"":185,""t"":4284},{""x"":504,""y"":190,""t"":4345},{""x"":496,""y"":186,""t"":4361},{""x"":496,""y"":178,""t"":4424},{""x"":497,""y"":168,""t"":4469},{""x"":513,""y"":167,""t"":4489},{""x"":532,""y"":154,""t"":4548},{""x"":549,""y"":143,""t"":4562},{""x"":551,""y"":142,""t"":4623},{""x"":559,""y"":137,""t"":4639},{""x"":562,""y"":142,""t"":4701},{""x"":557,""y"":154,""t"":4749},{""x"":553,""y"":165,""t"":4764},{""x"":633,""y"":165,""t"":4824},{""x"":702,""y"":165,""t"":4841},{""x"":759,""y"":164,""t"":4903},{""x"":807,""y"":131,""t"":4952},{""x"":836,""y"":133,""t"":4969},{""x"":854,""y"":143,""t"":5033},{""x"":852,""y"":172,""t"":5082},{""x"":846,""y"":188,""t"":5101},{""x"":866,""y"":194,""t"":5161},{""x"":870,""y"":186,""t"":5176},{""x"":851,""y"":201,""t"":5239},{""x"":849,""y"":210,""t"":5288},{""x"":843,""y"":190,""t"":5314},{""x"":817,""y"":161,""t"":5362},{""x"":808,""y"":117,""t"":5400},{""x"":790,""y"":91,""t"":5437},{""x"":799,""y"":67,""t"":5477},{""x"":800,""y"":52,""t"":5538},{""x"":795,""y"":48,""t"":5553},{""x"":808,""y"":15,""t"":5616},{""x"":815,""y"":5,""t"":5662},{""x"":820,""y"":-2,""t"":5679},{""x"":801,""y"":-16,""t"":5740},{""x"":785,""y"":-26,""t"":5755},{""x"":775,""y"":-13,""t"":5821},{""x"":770,""y"":33,""t"":5872},{""x"":751,""y"":105,""t"":5886},{""x"":767,""y"":127,""t"":5948}]",0,0.9268332282489483,0.07316677175105164,wa_b-last,0
147-attributes,0,41,exp_27,0.0,92.09999999403954,0.3,0.17,2.0,3.0,higher_p,higher_m,0,1,attributes,1.0,True,0.6,0.51,0.0899999999999999,0.3499494233597794,0.5,0.5,0.6,0.4,0.0,0.0,higher_p,higher_p,True,"{""durations"":[1000,1500,1000,1500],""alternatives"":[""all"",""all"",""all"",""all""],""attributes"":[""m"",""p"",""m"",""p""]}","[{""x"":783,""y"":53,""t"":-21},{""x"":782,""y"":48,""t"":0},{""x"":776,""y"":44,""t"":90},{""x"":785,""y"":49,""t"":107},{""x"":767,""y"":65,""t"":194},{""x"":744,""y"":59,""t"":209},{""x"":736,""y"":39,""t"":269},{""x"":708,""y"":25,""t"":285},{""x"":639,""y"":11,""t"":346},{""x"":619,""y"":12,""t"":392},{""x"":604,""y"":14,""t"":409},{""x"":616,""y"":0,""t"":468},{""x"":628,""y"":-11,""t"":484},{""x"":630,""y"":3,""t"":543},{""x"":647,""y"":11,""t"":559},{""x"":655,""y"":38,""t"":620},{""x"":693,""y"":43,""t"":666},{""x"":723,""y"":55,""t"":681},{""x"":734,""y"":60,""t"":742},{""x"":743,""y"":41,""t"":757},{""x"":751,""y"":61,""t"":816},{""x"":782,""y"":38,""t"":865},{""x"":831,""y"":10,""t"":885},{""x"":767,""y"":26,""t"":945},{""x"":710,""y"":40,""t"":961},{""x"":665,""y"":33,""t"":1025},{""x"":644,""y"":27,""t"":1072},{""x"":627,""y"":23,""t"":1088},{""x"":617,""y"":5,""t"":1147},{""x"":610,""y"":-9,""t"":1162},{""x"":571,""y"":15,""t"":1221},{""x"":552,""y"":21,""t"":1236},{""x"":533,""y"":28,""t"":1297},{""x"":609,""y"":32,""t"":1341},{""x"":675,""y"":35,""t"":1361},{""x"":717,""y"":54,""t"":1420},{""x"":751,""y"":71,""t"":1435},{""x"":799,""y"":62,""t"":1494},{""x"":826,""y"":64,""t"":1509},{""x"":858,""y"":80,""t"":1568},{""x"":863,""y"":89,""t"":1616},{""x"":864,""y"":96,""t"":1633},{""x"":829,""y"":115,""t"":1693},{""x"":798,""y"":131,""t"":1709},{""x"":729,""y"":151,""t"":1768},{""x"":685,""y"":142,""t"":1783},{""x"":650,""y"":137,""t"":1822},{""x"":608,""y"":138,""t"":1860},{""x"":599,""y"":141,""t"":1898},{""x"":606,""y"":147,""t"":1936},{""x"":629,""y"":157,""t"":1973},{""x"":608,""y"":165,""t"":2032},{""x"":672,""y"":165,""t"":2049},{""x"":710,""y"":175,""t"":2104},{""x"":769,""y"":183,""t"":2141},{""x"":818,""y"":189,""t"":2179},{""x"":855,""y"":198,""t"":2237},{""x"":882,""y"":214,""t"":2252},{""x"":906,""y"":216,""t"":2331},{""x"":906,""y"":194,""t"":2347},{""x"":903,""y"":176,""t"":2406},{""x"":893,""y"":154,""t"":2422},{""x"":916,""y"":143,""t"":2481},{""x"":934,""y"":134,""t"":2495},{""x"":923,""y"":109,""t"":2557},{""x"":906,""y"":100,""t"":2584},{""x"":879,""y"":81,""t"":2645},{""x"":899,""y"":27,""t"":2661},{""x"":911,""y"":-7,""t"":2721},{""x"":882,""y"":13,""t"":2777},{""x"":853,""y"":30,""t"":2800},{""x"":866,""y"":1,""t"":2860},{""x"":841,""y"":3,""t"":2914},{""x"":808,""y"":7,""t"":2935},{""x"":724,""y"":17,""t"":2999},{""x"":665,""y"":8,""t"":3028},{""x"":597,""y"":21,""t"":3087},{""x"":566,""y"":15,""t"":3104},{""x"":551,""y"":50,""t"":3163},{""x"":557,""y"":51,""t"":3215},{""x"":565,""y"":51,""t"":3230},{""x"":594,""y"":55,""t"":3290},{""x"":605,""y"":59,""t"":3304},{""x"":693,""y"":38,""t"":3367},{""x"":718,""y"":38,""t"":3419},{""x"":785,""y"":22,""t"":3436},{""x"":839,""y"":26,""t"":3497},{""x"":884,""y"":29,""t"":3511},{""x"":888,""y"":57,""t"":3570},{""x"":908,""y"":51,""t"":3586},{""x"":902,""y"":67,""t"":3625},{""x"":879,""y"":109,""t"":3663},{""x"":871,""y"":127,""t"":3701},{""x"":880,""y"":141,""t"":3738},{""x"":886,""y"":151,""t"":3775},{""x"":873,""y"":153,""t"":3838},{""x"":861,""y"":153,""t"":3852},{""x"":845,""y"":169,""t"":3911},{""x"":775,""y"":169,""t"":3964},{""x"":707,""y"":183,""t"":3990},{""x"":668,""y"":167,""t"":4032},{""x"":621,""y"":168,""t"":4070},{""x"":588,""y"":180,""t"":4109},{""x"":567,""y"":166,""t"":4146},{""x"":552,""y"":153,""t"":4183},{""x"":533,""y"":160,""t"":4247},{""x"":594,""y"":150,""t"":4272},{""x"":660,""y"":130,""t"":4334},{""x"":705,""y"":108,""t"":4373},{""x"":731,""y"":115,""t"":4410},{""x"":758,""y"":107,""t"":4448},{""x"":778,""y"":96,""t"":4484},{""x"":804,""y"":83,""t"":4520},{""x"":813,""y"":85,""t"":4560},{""x"":831,""y"":111,""t"":4618},{""x"":835,""y"":110,""t"":4634},{""x"":828,""y"":118,""t"":4697},{""x"":834,""y"":107,""t"":4761},{""x"":829,""y"":85,""t"":4816},{""x"":842,""y"":59,""t"":4831},{""x"":834,""y"":65,""t"":4892},{""x"":827,""y"":71,""t"":4907},{""x"":834,""y"":74,""t"":4971},{""x"":835,""y"":64,""t"":5000},{""x"":834,""y"":72,""t"":5071},{""x"":839,""y"":65,""t"":5101},{""x"":800,""y"":70,""t"":5163},{""x"":766,""y"":74,""t"":5177},{""x"":756,""y"":87,""t"":5240},{""x"":765,""y"":75,""t"":5291},{""x"":773,""y"":65,""t"":5305},{""x"":778,""y"":57,""t"":5369},{""x"":783,""y"":51,""t"":5383},{""x"":790,""y"":55,""t"":5443},{""x"":810,""y"":32,""t"":5498},{""x"":820,""y"":14,""t"":5512},{""x"":815,""y"":9,""t"":5573},{""x"":810,""y"":6,""t"":5588},{""x"":801,""y"":34,""t"":5653}]",1,0.8047823142694732,0.19521768573052672,wa_b-last,0
147-attributes,0,46,exp_53,0.0,230.70000000298023,0.49,0.32,6.9,8.2,higher_p,higher_m,0,1,attributes,1.0,True,3.381,2.624,0.7570000000000006,1.0364678509508771,0.5,0.5,0.4,0.6,1.0,0.0,higher_m,higher_p,True,"{""durations"":[1500,1000,1500,1000],""alternatives"":[""all"",""all"",""all"",""all""],""attributes"":[""m"",""p"",""m"",""p""]}","[{""x"":544,""y"":266,""t"":-17},{""x"":556,""y"":262,""t"":0},{""x"":565,""y"":246,""t"":74},{""x"":568,""y"":254,""t"":134},{""x"":570,""y"":261,""t"":150},{""x"":592,""y"":261,""t"":209},{""x"":608,""y"":291,""t"":262},{""x"":621,""y"":317,""t"":277},{""x"":539,""y"":293,""t"":335},{""x"":469,""y"":271,""t"":350},{""x"":410,""y"":245,""t"":411},{""x"":379,""y"":212,""t"":466},{""x"":372,""y"":164,""t"":491},{""x"":366,""y"":131,""t"":541},{""x"":363,""y"":112,""t"":578},{""x"":362,""y"":98,""t"":617},{""x"":438,""y"":95,""t"":677},{""x"":512,""y"":86,""t"":692},{""x"":604,""y"":72,""t"":752},{""x"":670,""y"":80,""t"":803},{""x"":727,""y"":96,""t"":818},{""x"":760,""y"":100,""t"":878},{""x"":785,""y"":105,""t"":893},{""x"":814,""y"":114,""t"":952},{""x"":711,""y"":117,""t"":1011},{""x"":640,""y"":107,""t"":1045},{""x"":597,""y"":89,""t"":1090},{""x"":517,""y"":86,""t"":1152},{""x"":450,""y"":84,""t"":1167},{""x"":501,""y"":95,""t"":1227},{""x"":574,""y"":113,""t"":1281},{""x"":616,""y"":151,""t"":1296},{""x"":669,""y"":163,""t"":1357},{""x"":676,""y"":177,""t"":1371},{""x"":697,""y"":184,""t"":1430},{""x"":704,""y"":189,""t"":1463},{""x"":726,""y"":200,""t"":1536},{""x"":744,""y"":209,""t"":1565},{""x"":745,""y"":243,""t"":1626},{""x"":743,""y"":278,""t"":1641},{""x"":753,""y"":300,""t"":1704},{""x"":754,""y"":336,""t"":1768},{""x"":775,""y"":365,""t"":1788},{""x"":799,""y"":389,""t"":1825},{""x"":803,""y"":398,""t"":1863},{""x"":804,""y"":425,""t"":1900},{""x"":747,""y"":428,""t"":1937},{""x"":697,""y"":427,""t"":1978},{""x"":626,""y"":429,""t"":2038},{""x"":586,""y"":418,""t"":2053},{""x"":549,""y"":409,""t"":2112},{""x"":530,""y"":375,""t"":2166},{""x"":493,""y"":358,""t"":2180},{""x"":500,""y"":342,""t"":2240},{""x"":489,""y"":320,""t"":2257},{""x"":446,""y"":318,""t"":2317},{""x"":521,""y"":317,""t"":2369},{""x"":613,""y"":313,""t"":2384},{""x"":691,""y"":313,""t"":2444},{""x"":755,""y"":314,""t"":2459},{""x"":799,""y"":323,""t"":2524},{""x"":834,""y"":331,""t"":2551},{""x"":864,""y"":336,""t"":2614},{""x"":878,""y"":350,""t"":2630},{""x"":885,""y"":342,""t"":2692},{""x"":881,""y"":354,""t"":2745},{""x"":867,""y"":357,""t"":2760},{""x"":912,""y"":329,""t"":2819},{""x"":898,""y"":310,""t"":2834},{""x"":909,""y"":334,""t"":2898},{""x"":919,""y"":315,""t"":2925},{""x"":885,""y"":287,""t"":2986},{""x"":902,""y"":263,""t"":3000},{""x"":904,""y"":261,""t"":3064},{""x"":906,""y"":246,""t"":3094},{""x"":886,""y"":221,""t"":3155},{""x"":869,""y"":200,""t"":3171},{""x"":898,""y"":204,""t"":3229},{""x"":877,""y"":182,""t"":3244},{""x"":862,""y"":189,""t"":3285},{""x"":828,""y"":226,""t"":3323},{""x"":794,""y"":230,""t"":3362},{""x"":766,""y"":234,""t"":3401},{""x"":734,""y"":204,""t"":3464},{""x"":706,""y"":169,""t"":3478},{""x"":684,""y"":134,""t"":3542},{""x"":667,""y"":105,""t"":3571},{""x"":640,""y"":60,""t"":3631},{""x"":626,""y"":19,""t"":3653},{""x"":622,""y"":10,""t"":3695},{""x"":617,""y"":-10,""t"":3733},{""x"":602,""y"":-31,""t"":3770},{""x"":590,""y"":-38,""t"":3808},{""x"":582,""y"":-64,""t"":3869},{""x"":584,""y"":-76,""t"":3885},{""x"":573,""y"":-71,""t"":3945},{""x"":551,""y"":6,""t"":3999},{""x"":503,""y"":75,""t"":4014},{""x"":496,""y"":110,""t"":4074},{""x"":487,""y"":157,""t"":4091},{""x"":496,""y"":175,""t"":4153},{""x"":489,""y"":194,""t"":4205},{""x"":483,""y"":210,""t"":4219},{""x"":498,""y"":211,""t"":4278},{""x"":513,""y"":210,""t"":4294},{""x"":516,""y"":226,""t"":4353},{""x"":590,""y"":253,""t"":4408},{""x"":643,""y"":269,""t"":4423},{""x"":713,""y"":290,""t"":4482},{""x"":749,""y"":300,""t"":4496},{""x"":800,""y"":317,""t"":4558},{""x"":811,""y"":310,""t"":4624},{""x"":861,""y"":312,""t"":4640},{""x"":889,""y"":314,""t"":4677},{""x"":892,""y"":332,""t"":4716},{""x"":891,""y"":342,""t"":4753},{""x"":911,""y"":355,""t"":4791},{""x"":925,""y"":365,""t"":4829},{""x"":927,""y"":367,""t"":4890},{""x"":926,""y"":367,""t"":4904},{""x"":890,""y"":377,""t"":4964},{""x"":872,""y"":381,""t"":5016},{""x"":857,""y"":383,""t"":5032},{""x"":844,""y"":386,""t"":5095},{""x"":834,""y"":388,""t"":5111},{""x"":811,""y"":373,""t"":5172},{""x"":766,""y"":375,""t"":5237},{""x"":732,""y"":366,""t"":5290},{""x"":705,""y"":358,""t"":5305},{""x"":690,""y"":377,""t"":5363},{""x"":677,""y"":384,""t"":5378},{""x"":630,""y"":361,""t"":5441},{""x"":610,""y"":357,""t"":5492},{""x"":564,""y"":360,""t"":5509},{""x"":554,""y"":343,""t"":5571},{""x"":548,""y"":329,""t"":5585},{""x"":528,""y"":304,""t"":5648},{""x"":521,""y"":287,""t"":5679},{""x"":531,""y"":261,""t"":5740},{""x"":560,""y"":273,""t"":5754}]",0,0.848026848814295,0.15197315118570498,wa_b-last,0
147-attributes,0,47,catch_1,0.0,188.70000000298023,0.29,0.41,4.2,5.9,dominated,dominant,1,1,attributes,1.0,True,1.218,2.419,-1.201,-0.9788291223975012,0.5,0.5,0.5,0.5,,1.0,,dominant,False,"{""durations"":[1250,1250,1250,1250],""attributes"":[""p"",""m"",""p"",""m""],""alternatives"":[""all"",""all"",""all"",""all""]}","[{""x"":655,""y"":374,""t"":-15},{""x"":619,""y"":390,""t"":0},{""x"":618,""y"":391,""t"":76},{""x"":629,""y"":389,""t"":137},{""x"":618,""y"":397,""t"":188},{""x"":607,""y"":397,""t"":204},{""x"":614,""y"":388,""t"":265},{""x"":621,""y"":379,""t"":280},{""x"":566,""y"":385,""t"":339},{""x"":520,""y"":390,""t"":354},{""x"":484,""y"":381,""t"":414},{""x"":462,""y"":381,""t"":481},{""x"":448,""y"":373,""t"":550},{""x"":435,""y"":369,""t"":600},{""x"":427,""y"":372,""t"":615},{""x"":506,""y"":377,""t"":677},{""x"":576,""y"":381,""t"":691},{""x"":672,""y"":394,""t"":751},{""x"":741,""y"":387,""t"":801},{""x"":798,""y"":382,""t"":817},{""x"":827,""y"":386,""t"":877},{""x"":849,""y"":389,""t"":893},{""x"":879,""y"":398,""t"":953},{""x"":858,""y"":401,""t"":1009},{""x"":837,""y"":403,""t"":1025},{""x"":769,""y"":396,""t"":1086},{""x"":709,""y"":389,""t"":1100},{""x"":644,""y"":393,""t"":1161},{""x"":590,""y"":397,""t"":1213},{""x"":546,""y"":401,""t"":1228},{""x"":505,""y"":405,""t"":1287},{""x"":473,""y"":409,""t"":1301},{""x"":498,""y"":408,""t"":1363},{""x"":492,""y"":393,""t"":1417},{""x"":489,""y"":379,""t"":1432},{""x"":481,""y"":384,""t"":1491},{""x"":488,""y"":394,""t"":1507},{""x"":433,""y"":321,""t"":1567},{""x"":376,""y"":276,""t"":1619},{""x"":348,""y"":228,""t"":1650},{""x"":309,""y"":184,""t"":1688},{""x"":308,""y"":159,""t"":1725},{""x"":290,""y"":130,""t"":1763},{""x"":269,""y"":113,""t"":1800},{""x"":253,""y"":101,""t"":1837},{""x"":321,""y"":85,""t"":1899},{""x"":381,""y"":73,""t"":1914},{""x"":523,""y"":64,""t"":1972},{""x"":615,""y"":90,""t"":2040},{""x"":682,""y"":110,""t"":2093},{""x"":725,""y"":114,""t"":2109},{""x"":782,""y"":124,""t"":2169},{""x"":827,""y"":132,""t"":2184},{""x"":856,""y"":152,""t"":2242},{""x"":883,""y"":167,""t"":2259},{""x"":864,""y"":186,""t"":2321},{""x"":843,""y"":202,""t"":2347},{""x"":719,""y"":200,""t"":2408},{""x"":621,""y"":193,""t"":2424},{""x"":533,""y"":181,""t"":2485},{""x"":481,""y"":149,""t"":2537},{""x"":422,""y"":147,""t"":2553},{""x"":409,""y"":154,""t"":2605},{""x"":386,""y"":153,""t"":2644},{""x"":356,""y"":185,""t"":2680},{""x"":376,""y"":255,""t"":2718},{""x"":381,""y"":302,""t"":2756},{""x"":401,""y"":332,""t"":2816},{""x"":420,""y"":355,""t"":2830},{""x"":410,""y"":374,""t"":2892},{""x"":405,""y"":379,""t"":2948},{""x"":462,""y"":391,""t"":2973},{""x"":565,""y"":400,""t"":3012},{""x"":637,""y"":401,""t"":3052},{""x"":704,""y"":404,""t"":3089},{""x"":757,""y"":411,""t"":3127},{""x"":798,""y"":415,""t"":3164},{""x"":811,""y"":412,""t"":3225},{""x"":818,""y"":409,""t"":3240},{""x"":846,""y"":408,""t"":3299},{""x"":888,""y"":405,""t"":3350},{""x"":908,""y"":397,""t"":3367},{""x"":892,""y"":400,""t"":3426},{""x"":875,""y"":402,""t"":3440},{""x"":825,""y"":391,""t"":3501},{""x"":747,""y"":389,""t"":3517},{""x"":698,""y"":380,""t"":3576},{""x"":649,""y"":388,""t"":3605},{""x"":637,""y"":387,""t"":3665},{""x"":630,""y"":387,""t"":3680},{""x"":665,""y"":394,""t"":3744},{""x"":711,""y"":406,""t"":3797},{""x"":737,""y"":402,""t"":3811},{""x"":764,""y"":414,""t"":3873},{""x"":786,""y"":423,""t"":3889},{""x"":804,""y"":423,""t"":3962},{""x"":818,""y"":423,""t"":3979},{""x"":835,""y"":422,""t"":4038},{""x"":847,""y"":421,""t"":4053},{""x"":855,""y"":372,""t"":4113},{""x"":871,""y"":316,""t"":4128},{""x"":864,""y"":273,""t"":4204},{""x"":857,""y"":238,""t"":4221},{""x"":875,""y"":208,""t"":4280},{""x"":871,""y"":179,""t"":4295},{""x"":832,""y"":159,""t"":4356},{""x"":737,""y"":151,""t"":4406},{""x"":656,""y"":146,""t"":4421},{""x"":569,""y"":124,""t"":4482},{""x"":498,""y"":108,""t"":4498},{""x"":432,""y"":113,""t"":4557},{""x"":398,""y"":118,""t"":4609},{""x"":374,""y"":124,""t"":4625},{""x"":306,""y"":125,""t"":4684},{""x"":253,""y"":128,""t"":4700},{""x"":284,""y"":129,""t"":4761},{""x"":396,""y"":117,""t"":4831},{""x"":509,""y"":134,""t"":4898},{""x"":600,""y"":148,""t"":4950},{""x"":667,""y"":146,""t"":4965},{""x"":726,""y"":166,""t"":5024},{""x"":774,""y"":183,""t"":5039},{""x"":812,""y"":198,""t"":5100},{""x"":844,""y"":203,""t"":5116},{""x"":865,""y"":208,""t"":5155},{""x"":880,""y"":225,""t"":5194},{""x"":888,""y"":240,""t"":5239},{""x"":890,""y"":232,""t"":5303},{""x"":876,""y"":229,""t"":5319},{""x"":863,""y"":236,""t"":5359},{""x"":906,""y"":220,""t"":5398},{""x"":921,""y"":233,""t"":5437},{""x"":946,""y"":229,""t"":5478},{""x"":910,""y"":286,""t"":5538},{""x"":890,""y"":313,""t"":5554},{""x"":870,""y"":312,""t"":5604},{""x"":852,""y"":319,""t"":5644},{""x"":831,""y"":324,""t"":5682},{""x"":810,""y"":338,""t"":5760},{""x"":792,""y"":349,""t"":5782}]",1,0.026520508964133598,0.9734794910358665,wa_b-last,0
147-attributes,0,49,exp_35,1.0,366.79999999701977,0.79,0.7,2.0,3.2,higher_p,higher_m,0,1,attributes,1.0,True,1.58,2.24,-0.6599999999999997,-0.4219978340514986,0.5,0.5,0.6,0.4,0.0,0.0,higher_p,higher_p,False,"{""durations"":[1000,1500,1000,1500],""alternatives"":[""all"",""all"",""all"",""all""],""attributes"":[""m"",""p"",""m"",""p""]}","[{""x"":545,""y"":280,""t"":-17},{""x"":577,""y"":275,""t"":0},{""x"":542,""y"":258,""t"":77},{""x"":518,""y"":243,""t"":137},{""x"":522,""y"":210,""t"":188},{""x"":525,""y"":183,""t"":204},{""x"":500,""y"":176,""t"":265},{""x"":480,""y"":171,""t"":279},{""x"":444,""y"":153,""t"":342},{""x"":429,""y"":145,""t"":394},{""x"":417,""y"":140,""t"":408},{""x"":402,""y"":123,""t"":469},{""x"":391,""y"":110,""t"":484},{""x"":478,""y"":111,""t"":544},{""x"":571,""y"":117,""t"":558},{""x"":657,""y"":133,""t"":619},{""x"":729,""y"":147,""t"":648},{""x"":791,""y"":148,""t"":726},{""x"":848,""y"":153,""t"":750},{""x"":883,""y"":178,""t"":823},{""x"":908,""y"":199,""t"":852},{""x"":893,""y"":208,""t"":912},{""x"":877,""y"":214,""t"":928},{""x"":869,""y"":213,""t"":989},{""x"":844,""y"":214,""t"":1042},{""x"":844,""y"":212,""t"":1056},{""x"":841,""y"":205,""t"":1117},{""x"":832,""y"":199,""t"":1142},{""x"":838,""y"":216,""t"":1178},{""x"":817,""y"":228,""t"":1215},{""x"":775,""y"":257,""t"":1254},{""x"":760,""y"":280,""t"":1290},{""x"":745,""y"":304,""t"":1327},{""x"":779,""y"":308,""t"":1391},{""x"":792,""y"":318,""t"":1407},{""x"":811,""y"":315,""t"":1466},{""x"":748,""y"":345,""t"":1535},{""x"":671,""y"":340,""t"":1585},{""x"":599,""y"":333,""t"":1600},{""x"":540,""y"":332,""t"":1660},{""x"":510,""y"":336,""t"":1675},{""x"":466,""y"":367,""t"":1738},{""x"":438,""y"":363,""t"":1768},{""x"":399,""y"":361,""t"":1828},{""x"":364,""y"":365,""t"":1842},{""x"":353,""y"":365,""t"":1904},{""x"":347,""y"":360,""t"":1920},{""x"":340,""y"":366,""t"":1957},{""x"":334,""y"":380,""t"":1995},{""x"":332,""y"":399,""t"":2032},{""x"":474,""y"":385,""t"":2069},{""x"":599,""y"":359,""t"":2107},{""x"":688,""y"":350,""t"":2145},{""x"":747,""y"":329,""t"":2205},{""x"":819,""y"":308,""t"":2220},{""x"":845,""y"":319,""t"":2279},{""x"":831,""y"":311,""t"":2330},{""x"":802,""y"":313,""t"":2347},{""x"":811,""y"":314,""t"":2411},{""x"":811,""y"":333,""t"":2425},{""x"":944,""y"":251,""t"":2488},{""x"":1048,""y"":169,""t"":2517},{""x"":1037,""y"":186,""t"":2593},{""x"":996,""y"":196,""t"":2620},{""x"":932,""y"":215,""t"":2699},{""x"":888,""y"":248,""t"":2722},{""x"":857,""y"":231,""t"":2799},{""x"":845,""y"":236,""t"":2825},{""x"":814,""y"":214,""t"":2897},{""x"":795,""y"":186,""t"":2925},{""x"":681,""y"":174,""t"":3003},{""x"":584,""y"":165,""t"":3027},{""x"":516,""y"":171,""t"":3105},{""x"":441,""y"":166,""t"":3128},{""x"":386,""y"":149,""t"":3203},{""x"":337,""y"":144,""t"":3231},{""x"":400,""y"":149,""t"":3295},{""x"":474,""y"":159,""t"":3311},{""x"":523,""y"":172,""t"":3382},{""x"":574,""y"":189,""t"":3403},{""x"":599,""y"":208,""t"":3464},{""x"":635,""y"":212,""t"":3479},{""x"":647,""y"":246,""t"":3541},{""x"":662,""y"":271,""t"":3572},{""x"":698,""y"":286,""t"":3645},{""x"":720,""y"":311,""t"":3673},{""x"":742,""y"":329,""t"":3733},{""x"":763,""y"":347,""t"":3747},{""x"":779,""y"":348,""t"":3807},{""x"":791,""y"":348,""t"":3822},{""x"":815,""y"":344,""t"":3883},{""x"":816,""y"":367,""t"":3934},{""x"":825,""y"":374,""t"":3950},{""x"":841,""y"":362,""t"":4013},{""x"":847,""y"":365,""t"":4063},{""x"":828,""y"":344,""t"":4081},{""x"":748,""y"":341,""t"":4141},{""x"":679,""y"":338,""t"":4155},{""x"":577,""y"":325,""t"":4220},{""x"":492,""y"":316,""t"":4279},{""x"":432,""y"":314,""t"":4307},{""x"":394,""y"":315,""t"":4351},{""x"":366,""y"":316,""t"":4388},{""x"":349,""y"":303,""t"":4452},{""x"":338,""y"":292,""t"":4467},{""x"":341,""y"":291,""t"":4530},{""x"":328,""y"":284,""t"":4556},{""x"":344,""y"":280,""t"":4618},{""x"":351,""y"":274,""t"":4632},{""x"":362,""y"":259,""t"":4696},{""x"":373,""y"":247,""t"":4726},{""x"":378,""y"":252,""t"":4810},{""x"":384,""y"":258,""t"":4829},{""x"":385,""y"":266,""t"":4892},{""x"":386,""y"":274,""t"":4906},{""x"":387,""y"":265,""t"":4971},{""x"":385,""y"":269,""t"":4999},{""x"":402,""y"":276,""t"":5074},{""x"":411,""y"":297,""t"":5101},{""x"":406,""y"":315,""t"":5164},{""x"":376,""y"":338,""t"":5179},{""x"":390,""y"":335,""t"":5238},{""x"":413,""y"":311,""t"":5292},{""x"":398,""y"":296,""t"":5306},{""x"":400,""y"":304,""t"":5366},{""x"":402,""y"":311,""t"":5380},{""x"":431,""y"":291,""t"":5441},{""x"":452,""y"":277,""t"":5495},{""x"":470,""y"":266,""t"":5521},{""x"":508,""y"":250,""t"":5583},{""x"":540,""y"":237,""t"":5610},{""x"":569,""y"":227,""t"":5671},{""x"":593,""y"":219,""t"":5686},{""x"":616,""y"":211,""t"":5749},{""x"":626,""y"":211,""t"":5812},{""x"":647,""y"":215,""t"":5832},{""x"":704,""y"":188,""t"":5871},{""x"":900,""y"":160,""t"":5910}]",1,0.664365877914818,0.33563412208518184,wa_b-last,0
147-attributes,0,51,exp_45,1.0,344.79999999701977,0.81,0.48,1.6999999999999995,7.9,higher_p,higher_m,0,1,attributes,1.0,True,1.3769999999999998,3.792,-2.415,-2.2283544163938904,0.5,0.5,0.4,0.6,1.0,0.0,higher_m,higher_p,False,"{""durations"":[1500,1000,1500,1000],""alternatives"":[""all"",""all"",""all"",""all""],""attributes"":[""m"",""p"",""m"",""p""]}","[{""x"":579,""y"":307,""t"":-38},{""x"":592,""y"":294,""t"":0},{""x"":596,""y"":275,""t"":74},{""x"":597,""y"":284,""t"":136},{""x"":602,""y"":278,""t"":150},{""x"":573,""y"":289,""t"":210},{""x"":549,""y"":298,""t"":239},{""x"":504,""y"":269,""t"":298},{""x"":443,""y"":245,""t"":315},{""x"":400,""y"":219,""t"":373},{""x"":376,""y"":204,""t"":389},{""x"":348,""y"":191,""t"":428},{""x"":340,""y"":179,""t"":465},{""x"":310,""y"":177,""t"":502},{""x"":303,""y"":177,""t"":541},{""x"":319,""y"":153,""t"":577},{""x"":321,""y"":157,""t"":615},{""x"":436,""y"":132,""t"":674},{""x"":517,""y"":121,""t"":689},{""x"":606,""y"":123,""t"":750},{""x"":689,""y"":120,""t"":783},{""x"":742,""y"":123,""t"":843},{""x"":782,""y"":126,""t"":857},{""x"":799,""y"":125,""t"":922},{""x"":811,""y"":102,""t"":977},{""x"":823,""y"":110,""t"":1005},{""x"":812,""y"":122,""t"":1057},{""x"":811,""y"":114,""t"":1118},{""x"":808,""y"":107,""t"":1132},{""x"":822,""y"":109,""t"":1194},{""x"":823,""y"":146,""t"":1250},{""x"":818,""y"":179,""t"":1274},{""x"":805,""y"":225,""t"":1311},{""x"":788,""y"":258,""t"":1349},{""x"":776,""y"":291,""t"":1389},{""x"":784,""y"":315,""t"":1428},{""x"":790,""y"":334,""t"":1468},{""x"":776,""y"":337,""t"":1531},{""x"":764,""y"":315,""t"":1585},{""x"":739,""y"":291,""t"":1600},{""x"":706,""y"":276,""t"":1660},{""x"":678,""y"":263,""t"":1675},{""x"":659,""y"":250,""t"":1739},{""x"":652,""y"":244,""t"":1790},{""x"":649,""y"":239,""t"":1804},{""x"":650,""y"":249,""t"":1865},{""x"":662,""y"":254,""t"":1881},{""x"":668,""y"":267,""t"":1945},{""x"":657,""y"":263,""t"":1974},{""x"":678,""y"":280,""t"":2037},{""x"":695,""y"":295,""t"":2052},{""x"":629,""y"":313,""t"":2114},{""x"":576,""y"":321,""t"":2142},{""x"":521,""y"":336,""t"":2207},{""x"":477,""y"":349,""t"":2222},{""x"":434,""y"":359,""t"":2284},{""x"":409,""y"":370,""t"":2312},{""x"":385,""y"":357,""t"":2374},{""x"":344,""y"":345,""t"":2388},{""x"":338,""y"":361,""t"":2450},{""x"":359,""y"":377,""t"":2509},{""x"":364,""y"":367,""t"":2532},{""x"":387,""y"":335,""t"":2571},{""x"":366,""y"":310,""t"":2609},{""x"":351,""y"":303,""t"":2646},{""x"":337,""y"":290,""t"":2685},{""x"":340,""y"":281,""t"":2723},{""x"":333,""y"":299,""t"":2784},{""x"":338,""y"":310,""t"":2801},{""x"":413,""y"":303,""t"":2864},{""x"":499,""y"":300,""t"":2891},{""x"":569,""y"":279,""t"":2954},{""x"":627,""y"":262,""t"":2969},{""x"":672,""y"":249,""t"":3031},{""x"":702,""y"":244,""t"":3062},{""x"":725,""y"":244,""t"":3124},{""x"":731,""y"":242,""t"":3138},{""x"":733,""y"":229,""t"":3201},{""x"":703,""y"":224,""t"":3261},{""x"":635,""y"":237,""t"":3284},{""x"":538,""y"":237,""t"":3322},{""x"":490,""y"":243,""t"":3361},{""x"":444,""y"":259,""t"":3398},{""x"":394,""y"":263,""t"":3437},{""x"":365,""y"":258,""t"":3500},{""x"":343,""y"":253,""t"":3514},{""x"":302,""y"":251,""t"":3576},{""x"":270,""y"":250,""t"":3605},{""x"":262,""y"":271,""t"":3681},{""x"":278,""y"":284,""t"":3707},{""x"":285,""y"":299,""t"":3769},{""x"":293,""y"":311,""t"":3784},{""x"":300,""y"":304,""t"":3849},{""x"":307,""y"":297,""t"":3878},{""x"":401,""y"":290,""t"":3942},{""x"":483,""y"":284,""t"":3957},{""x"":566,""y"":293,""t"":4022},{""x"":638,""y"":297,""t"":4047},{""x"":707,""y"":303,""t"":4102},{""x"":751,""y"":315,""t"":4140},{""x"":791,""y"":342,""t"":4179},{""x"":833,""y"":352,""t"":4218},{""x"":848,""y"":340,""t"":4279},{""x"":864,""y"":339,""t"":4294},{""x"":850,""y"":339,""t"":4354},{""x"":845,""y"":369,""t"":4407},{""x"":855,""y"":387,""t"":4421},{""x"":796,""y"":371,""t"":4480},{""x"":744,""y"":357,""t"":4495},{""x"":666,""y"":338,""t"":4556},{""x"":574,""y"":333,""t"":4572},{""x"":515,""y"":320,""t"":4610},{""x"":456,""y"":317,""t"":4649},{""x"":409,""y"":315,""t"":4701},{""x"":375,""y"":318,""t"":4761},{""x"":354,""y"":313,""t"":4813},{""x"":335,""y"":326,""t"":4829},{""x"":328,""y"":315,""t"":4906},{""x"":325,""y"":306,""t"":4931},{""x"":336,""y"":271,""t"":5006},{""x"":331,""y"":250,""t"":5033},{""x"":347,""y"":232,""t"":5094},{""x"":356,""y"":216,""t"":5109},{""x"":356,""y"":194,""t"":5171},{""x"":360,""y"":181,""t"":5239},{""x"":346,""y"":175,""t"":5293},{""x"":339,""y"":170,""t"":5310},{""x"":371,""y"":161,""t"":5373},{""x"":434,""y"":184,""t"":5444},{""x"":442,""y"":214,""t"":5497},{""x"":458,""y"":224,""t"":5512},{""x"":511,""y"":221,""t"":5571},{""x"":542,""y"":223,""t"":5586},{""x"":563,""y"":229,""t"":5647},{""x"":566,""y"":214,""t"":5700},{""x"":566,""y"":201,""t"":5714},{""x"":569,""y"":202,""t"":5778},{""x"":569,""y"":203,""t"":5792},{""x"":630,""y"":216,""t"":5856},{""x"":668,""y"":225,""t"":5883},{""x"":703,""y"":257,""t"":5946}]",0,0.43575842311496904,0.5642415768850311,wa_b-last,0
147-attributes,0,52,catch_9,1.0,248.79999999701977,0.48,0.72,1.7999999999999998,4.0,dominated,dominant,1,1,attributes,1.0,True,0.8639999999999999,2.88,-2.016,-1.8176784754510904,0.5,0.5,0.5,0.5,,1.0,,dominant,True,"{""durations"":[1250,1250,1250,1250],""attributes"":[""p"",""m"",""p"",""m""],""alternatives"":[""all"",""all"",""all"",""all""]}","[{""x"":656,""y"":302,""t"":-15},{""x"":654,""y"":300,""t"":0},{""x"":634,""y"":309,""t"":74},{""x"":595,""y"":307,""t"":103},{""x"":557,""y"":311,""t"":202},{""x"":534,""y"":316,""t"":217},{""x"":501,""y"":313,""t"":288},{""x"":476,""y"":297,""t"":308},{""x"":468,""y"":312,""t"":369},{""x"":463,""y"":325,""t"":384},{""x"":447,""y"":344,""t"":443},{""x"":421,""y"":334,""t"":510},{""x"":393,""y"":343,""t"":526},{""x"":376,""y"":358,""t"":564},{""x"":431,""y"":352,""t"":602},{""x"":524,""y"":345,""t"":640},{""x"":586,""y"":343,""t"":678},{""x"":656,""y"":335,""t"":716},{""x"":712,""y"":331,""t"":777},{""x"":752,""y"":324,""t"":792},{""x"":807,""y"":331,""t"":852},{""x"":822,""y"":334,""t"":906},{""x"":831,""y"":336,""t"":931},{""x"":849,""y"":328,""t"":990},{""x"":859,""y"":322,""t"":1043},{""x"":864,""y"":318,""t"":1059},{""x"":842,""y"":344,""t"":1117},{""x"":839,""y"":323,""t"":1132},{""x"":732,""y"":327,""t"":1192},{""x"":650,""y"":315,""t"":1245},{""x"":576,""y"":313,""t"":1261},{""x"":534,""y"":304,""t"":1322},{""x"":501,""y"":296,""t"":1337},{""x"":484,""y"":294,""t"":1397},{""x"":450,""y"":279,""t"":1449},{""x"":417,""y"":277,""t"":1464},{""x"":392,""y"":245,""t"":1524},{""x"":374,""y"":217,""t"":1539},{""x"":367,""y"":181,""t"":1599},{""x"":336,""y"":167,""t"":1650},{""x"":340,""y"":155,""t"":1667},{""x"":476,""y"":111,""t"":1726},{""x"":586,""y"":76,""t"":1741},{""x"":694,""y"":85,""t"":1802},{""x"":765,""y"":74,""t"":1817},{""x"":828,""y"":64,""t"":1876},{""x"":877,""y"":57,""t"":1904},{""x"":876,""y"":67,""t"":1972},{""x"":871,""y"":78,""t"":1986},{""x"":858,""y"":77,""t"":2048},{""x"":844,""y"":76,""t"":2074},{""x"":728,""y"":111,""t"":2137},{""x"":628,""y"":141,""t"":2152},{""x"":561,""y"":139,""t"":2213},{""x"":494,""y"":156,""t"":2267},{""x"":473,""y"":158,""t"":2284},{""x"":443,""y"":150,""t"":2333},{""x"":439,""y"":151,""t"":2372},{""x"":414,""y"":163,""t"":2409},{""x"":411,""y"":176,""t"":2447},{""x"":399,""y"":201,""t"":2485},{""x"":377,""y"":210,""t"":2547},{""x"":345,""y"":195,""t"":2564},{""x"":353,""y"":208,""t"":2626},{""x"":363,""y"":213,""t"":2653},{""x"":391,""y"":257,""t"":2764},{""x"":405,""y"":287,""t"":2789},{""x"":395,""y"":316,""t"":2848},{""x"":376,""y"":318,""t"":2893},{""x"":391,""y"":322,""t"":2974},{""x"":406,""y"":323,""t"":2993},{""x"":501,""y"":318,""t"":3052},{""x"":564,""y"":330,""t"":3068},{""x"":642,""y"":344,""t"":3129},{""x"":692,""y"":347,""t"":3202},{""x"":731,""y"":349,""t"":3230},{""x"":771,""y"":356,""t"":3307},{""x"":800,""y"":362,""t"":3333},{""x"":812,""y"":353,""t"":3394},{""x"":836,""y"":354,""t"":3408},{""x"":863,""y"":336,""t"":3468},{""x"":882,""y"":321,""t"":3482},{""x"":899,""y"":312,""t"":3542},{""x"":896,""y"":319,""t"":3571},{""x"":896,""y"":310,""t"":3645},{""x"":893,""y"":302,""t"":3672},{""x"":870,""y"":324,""t"":3733},{""x"":847,""y"":340,""t"":3747},{""x"":845,""y"":359,""t"":3800},{""x"":838,""y"":361,""t"":3839},{""x"":820,""y"":355,""t"":3877},{""x"":829,""y"":324,""t"":3937},{""x"":845,""y"":273,""t"":3952},{""x"":854,""y"":221,""t"":4013},{""x"":845,""y"":200,""t"":4066},{""x"":837,""y"":183,""t"":4081},{""x"":844,""y"":161,""t"":4142},{""x"":850,""y"":145,""t"":4157},{""x"":826,""y"":152,""t"":4218},{""x"":798,""y"":151,""t"":4278},{""x"":730,""y"":141,""t"":4305},{""x"":663,""y"":128,""t"":4350},{""x"":608,""y"":119,""t"":4389},{""x"":556,""y"":103,""t"":4452},{""x"":530,""y"":100,""t"":4467},{""x"":507,""y"":118,""t"":4529},{""x"":490,""y"":135,""t"":4556},{""x"":458,""y"":126,""t"":4619},{""x"":439,""y"":139,""t"":4634},{""x"":431,""y"":124,""t"":4699},{""x"":396,""y"":129,""t"":4728},{""x"":392,""y"":115,""t"":4791},{""x"":384,""y"":116,""t"":4807},{""x"":378,""y"":143,""t"":4869},{""x"":390,""y"":142,""t"":4897},{""x"":435,""y"":158,""t"":4958},{""x"":474,""y"":171,""t"":4972},{""x"":541,""y"":189,""t"":5036},{""x"":596,""y"":196,""t"":5088},{""x"":649,""y"":207,""t"":5103},{""x"":699,""y"":242,""t"":5164},{""x"":739,""y"":271,""t"":5182},{""x"":767,""y"":276,""t"":5244},{""x"":782,""y"":297,""t"":5272},{""x"":798,""y"":291,""t"":5335},{""x"":810,""y"":283,""t"":5351},{""x"":787,""y"":276,""t"":5415},{""x"":765,""y"":268,""t"":5441},{""x"":777,""y"":262,""t"":5527},{""x"":787,""y"":256,""t"":5543},{""x"":750,""y"":257,""t"":5608},{""x"":719,""y"":244,""t"":5622},{""x"":706,""y"":243,""t"":5684},{""x"":696,""y"":242,""t"":5713},{""x"":668,""y"":221,""t"":5793},{""x"":666,""y"":213,""t"":5816}]",1,0.00327644235996826,0.9967235576400316,wa_b-last,0
147-attributes,0,53,exp_67,0.0,93.29999999701975,0.72,0.51,4.2,5.2,higher_p,higher_m,0,1,attributes,1.0,True,3.024,2.652,0.3719999999999999,0.6402015921464201,0.5,0.5,0.6,0.4,0.0,0.0,higher_p,higher_p,True,"{""durations"":[1000,1500,1000,1500],""alternatives"":[""all"",""all"",""all"",""all""],""attributes"":[""m"",""p"",""m"",""p""]}","[{""x"":628,""y"":268,""t"":-16},{""x"":617,""y"":261,""t"":0},{""x"":585,""y"":275,""t"":66},{""x"":560,""y"":287,""t"":81},{""x"":558,""y"":295,""t"":153},{""x"":556,""y"":284,""t"":186},{""x"":564,""y"":301,""t"":224},{""x"":553,""y"":297,""t"":265},{""x"":500,""y"":269,""t"":302},{""x"":450,""y"":235,""t"":343},{""x"":423,""y"":196,""t"":404},{""x"":401,""y"":164,""t"":419},{""x"":381,""y"":165,""t"":479},{""x"":354,""y"":147,""t"":536},{""x"":371,""y"":125,""t"":560},{""x"":404,""y"":109,""t"":600},{""x"":406,""y"":107,""t"":637},{""x"":419,""y"":106,""t"":674},{""x"":409,""y"":99,""t"":712},{""x"":411,""y"":94,""t"":749},{""x"":503,""y"":90,""t"":808},{""x"":560,""y"":96,""t"":825},{""x"":629,""y"":94,""t"":886},{""x"":673,""y"":97,""t"":937},{""x"":730,""y"":94,""t"":954},{""x"":777,""y"":96,""t"":1013},{""x"":813,""y"":98,""t"":1029},{""x"":820,""y"":103,""t"":1093},{""x"":822,""y"":107,""t"":1123},{""x"":847,""y"":109,""t"":1181},{""x"":865,""y"":111,""t"":1197},{""x"":890,""y"":100,""t"":1256},{""x"":880,""y"":93,""t"":1270},{""x"":884,""y"":118,""t"":1332},{""x"":1038,""y"":102,""t"":1382},{""x"":1066,""y"":120,""t"":1398},{""x"":995,""y"":171,""t"":1459},{""x"":912,""y"":229,""t"":1473},{""x"":864,""y"":260,""t"":1533},{""x"":819,""y"":289,""t"":1594},{""x"":711,""y"":350,""t"":1615},{""x"":637,""y"":385,""t"":1654},{""x"":564,""y"":421,""t"":1692},{""x"":501,""y"":439,""t"":1729},{""x"":454,""y"":443,""t"":1766},{""x"":410,""y"":435,""t"":1803},{""x"":388,""y"":438,""t"":1863},{""x"":375,""y"":438,""t"":1877},{""x"":365,""y"":451,""t"":1936},{""x"":361,""y"":461,""t"":1951},{""x"":356,""y"":454,""t"":2011},{""x"":376,""y"":436,""t"":2068},{""x"":465,""y"":428,""t"":2098},{""x"":540,""y"":424,""t"":2144},{""x"":617,""y"":413,""t"":2203},{""x"":679,""y"":398,""t"":2218},{""x"":731,""y"":377,""t"":2277},{""x"":754,""y"":369,""t"":2293},{""x"":788,""y"":351,""t"":2351},{""x"":829,""y"":334,""t"":2380},{""x"":846,""y"":330,""t"":2456},{""x"":894,""y"":318,""t"":2483},{""x"":916,""y"":312,""t"":2559},{""x"":930,""y"":308,""t"":2585},{""x"":949,""y"":278,""t"":2647},{""x"":947,""y"":274,""t"":2663},{""x"":942,""y"":243,""t"":2724},{""x"":918,""y"":215,""t"":2755},{""x"":905,""y"":181,""t"":2816},{""x"":892,""y"":153,""t"":2831},{""x"":890,""y"":140,""t"":2889},{""x"":892,""y"":126,""t"":2906},{""x"":879,""y"":117,""t"":2943},{""x"":877,""y"":110,""t"":2980},{""x"":875,""y"":118,""t"":3018},{""x"":738,""y"":110,""t"":3055},{""x"":657,""y"":112,""t"":3093},{""x"":590,""y"":116,""t"":3131},{""x"":511,""y"":122,""t"":3204},{""x"":438,""y"":128,""t"":3230},{""x"":385,""y"":131,""t"":3304},{""x"":446,""y"":144,""t"":3354},{""x"":514,""y"":145,""t"":3369},{""x"":582,""y"":136,""t"":3433},{""x"":642,""y"":128,""t"":3447},{""x"":710,""y"":129,""t"":3511},{""x"":769,""y"":122,""t"":3538},{""x"":809,""y"":112,""t"":3614},{""x"":835,""y"":99,""t"":3638},{""x"":848,""y"":84,""t"":3713},{""x"":878,""y"":85,""t"":3764},{""x"":900,""y"":86,""t"":3779},{""x"":890,""y"":73,""t"":3841},{""x"":879,""y"":68,""t"":3855},{""x"":831,""y"":140,""t"":3918},{""x"":779,""y"":205,""t"":3944},{""x"":758,""y"":251,""t"":4005},{""x"":740,""y"":288,""t"":4019},{""x"":727,""y"":320,""t"":4082},{""x"":717,""y"":353,""t"":4139},{""x"":709,""y"":379,""t"":4161},{""x"":743,""y"":350,""t"":4223},{""x"":795,""y"":309,""t"":4251},{""x"":846,""y"":321,""t"":4311},{""x"":889,""y"":331,""t"":4326},{""x"":884,""y"":357,""t"":4390},{""x"":838,""y"":391,""t"":4445},{""x"":826,""y"":407,""t"":4460},{""x"":811,""y"":405,""t"":4522},{""x"":799,""y"":402,""t"":4537},{""x"":795,""y"":408,""t"":4598},{""x"":797,""y"":398,""t"":4625},{""x"":786,""y"":387,""t"":4687},{""x"":776,""y"":377,""t"":4701},{""x"":726,""y"":363,""t"":4766},{""x"":632,""y"":398,""t"":4795},{""x"":562,""y"":411,""t"":4859},{""x"":507,""y"":403,""t"":4906},{""x"":478,""y"":403,""t"":4967},{""x"":437,""y"":398,""t"":4998},{""x"":379,""y"":406,""t"":5065},{""x"":346,""y"":403,""t"":5103},{""x"":341,""y"":385,""t"":5165},{""x"":350,""y"":373,""t"":5181},{""x"":351,""y"":371,""t"":5243},{""x"":352,""y"":364,""t"":5271},{""x"":451,""y"":344,""t"":5333},{""x"":518,""y"":339,""t"":5349},{""x"":597,""y"":330,""t"":5411},{""x"":642,""y"":288,""t"":5481},{""x"":674,""y"":269,""t"":5509},{""x"":695,""y"":265,""t"":5573},{""x"":721,""y"":263,""t"":5588},{""x"":721,""y"":249,""t"":5650},{""x"":724,""y"":223,""t"":5678}]",0,0.9268332282489483,0.07316677175105164,wa_b-last,0
147-attributes,0,54,exp_115,0.0,139.0,0.49,0.22,4.2,7.9,higher_p,higher_m,0,1,attributes,1.0,True,2.058,1.738,0.3199999999999998,0.5866799156325715,0.5,0.5,0.6,0.4,0.0,0.0,higher_p,higher_p,True,"{""durations"":[1000,1500,1000,1500],""alternatives"":[""all"",""all"",""all"",""all""],""attributes"":[""m"",""p"",""m"",""p""]}","[{""x"":642,""y"":256,""t"":-41},{""x"":621,""y"":263,""t"":0},{""x"":607,""y"":251,""t"":66},{""x"":613,""y"":232,""t"":82},{""x"":591,""y"":228,""t"":133},{""x"":582,""y"":202,""t"":191},{""x"":548,""y"":201,""t"":228},{""x"":509,""y"":177,""t"":266},{""x"":463,""y"":174,""t"":305},{""x"":464,""y"":177,""t"":342},{""x"":442,""y"":159,""t"":402},{""x"":426,""y"":144,""t"":417},{""x"":406,""y"":138,""t"":475},{""x"":422,""y"":125,""t"":490},{""x"":510,""y"":124,""t"":551},{""x"":574,""y"":123,""t"":579},{""x"":635,""y"":110,""t"":638},{""x"":690,""y"":104,""t"":653},{""x"":732,""y"":116,""t"":712},{""x"":743,""y"":125,""t"":728},{""x"":745,""y"":135,""t"":788},{""x"":746,""y"":134,""t"":839},{""x"":742,""y"":136,""t"":855},{""x"":667,""y"":121,""t"":922},{""x"":582,""y"":108,""t"":954},{""x"":523,""y"":101,""t"":1012},{""x"":466,""y"":117,""t"":1050},{""x"":432,""y"":128,""t"":1088},{""x"":406,""y"":138,""t"":1126},{""x"":406,""y"":186,""t"":1185},{""x"":409,""y"":226,""t"":1199},{""x"":396,""y"":257,""t"":1260},{""x"":397,""y"":282,""t"":1311},{""x"":400,""y"":301,""t"":1327},{""x"":385,""y"":320,""t"":1388},{""x"":374,""y"":333,""t"":1403},{""x"":393,""y"":350,""t"":1463},{""x"":403,""y"":362,""t"":1529},{""x"":458,""y"":356,""t"":1546},{""x"":563,""y"":362,""t"":1583},{""x"":645,""y"":361,""t"":1622},{""x"":704,""y"":361,""t"":1660},{""x"":760,""y"":373,""t"":1697},{""x"":794,""y"":383,""t"":1735},{""x"":804,""y"":385,""t"":1809},{""x"":818,""y"":369,""t"":1837},{""x"":846,""y"":371,""t"":1891},{""x"":875,""y"":353,""t"":1927},{""x"":876,""y"":382,""t"":1965},{""x"":869,""y"":371,""t"":2003},{""x"":860,""y"":361,""t"":2040},{""x"":818,""y"":369,""t"":2100},{""x"":781,""y"":375,""t"":2116},{""x"":690,""y"":377,""t"":2177},{""x"":621,""y"":360,""t"":2229},{""x"":558,""y"":358,""t"":2245},{""x"":495,""y"":329,""t"":2303},{""x"":442,""y"":321,""t"":2318},{""x"":506,""y"":318,""t"":2380},{""x"":557,""y"":320,""t"":2395},{""x"":602,""y"":317,""t"":2455},{""x"":663,""y"":309,""t"":2484},{""x"":706,""y"":292,""t"":2587},{""x"":754,""y"":287,""t"":2639},{""x"":792,""y"":284,""t"":2655},{""x"":794,""y"":227,""t"":2714},{""x"":825,""y"":174,""t"":2729},{""x"":849,""y"":153,""t"":2788},{""x"":871,""y"":119,""t"":2840},{""x"":888,""y"":92,""t"":2856},{""x"":903,""y"":85,""t"":2916},{""x"":913,""y"":82,""t"":2932},{""x"":857,""y"":84,""t"":2991},{""x"":807,""y"":88,""t"":3006},{""x"":694,""y"":83,""t"":3067},{""x"":583,""y"":79,""t"":3095},{""x"":499,""y"":90,""t"":3147},{""x"":436,""y"":89,""t"":3185},{""x"":390,""y"":97,""t"":3223},{""x"":390,""y"":105,""t"":3261},{""x"":394,""y"":112,""t"":3299},{""x"":509,""y"":113,""t"":3357},{""x"":602,""y"":118,""t"":3371},{""x"":668,""y"":124,""t"":3431},{""x"":714,""y"":138,""t"":3445},{""x"":760,""y"":153,""t"":3505},{""x"":817,""y"":150,""t"":3568},{""x"":862,""y"":148,""t"":3595},{""x"":901,""y"":155,""t"":3638},{""x"":914,""y"":150,""t"":3678},{""x"":953,""y"":140,""t"":3738},{""x"":983,""y"":131,""t"":3753},{""x"":983,""y"":144,""t"":3814},{""x"":990,""y"":150,""t"":3865},{""x"":993,""y"":156,""t"":3880},{""x"":954,""y"":204,""t"":3941},{""x"":925,""y"":224,""t"":3956},{""x"":916,""y"":274,""t"":4018},{""x"":871,""y"":329,""t"":4082},{""x"":841,""y"":350,""t"":4135},{""x"":816,""y"":366,""t"":4149},{""x"":797,""y"":389,""t"":4211},{""x"":783,""y"":407,""t"":4228},{""x"":777,""y"":412,""t"":4287},{""x"":782,""y"":410,""t"":4350},{""x"":757,""y"":434,""t"":4369},{""x"":763,""y"":436,""t"":4407},{""x"":763,""y"":424,""t"":4444},{""x"":700,""y"":405,""t"":4486},{""x"":639,""y"":406,""t"":4533},{""x"":586,""y"":394,""t"":4594},{""x"":540,""y"":365,""t"":4663},{""x"":461,""y"":347,""t"":4716},{""x"":398,""y"":332,""t"":4731},{""x"":368,""y"":329,""t"":4794},{""x"":347,""y"":327,""t"":4808},{""x"":314,""y"":344,""t"":4871},{""x"":290,""y"":359,""t"":4898},{""x"":296,""y"":352,""t"":4959},{""x"":297,""y"":337,""t"":4973},{""x"":283,""y"":343,""t"":5039},{""x"":274,""y"":348,""t"":5068},{""x"":289,""y"":339,""t"":5130},{""x"":304,""y"":331,""t"":5145},{""x"":337,""y"":332,""t"":5209},{""x"":367,""y"":334,""t"":5237},{""x"":374,""y"":338,""t"":5300},{""x"":379,""y"":341,""t"":5314},{""x"":381,""y"":341,""t"":5376},{""x"":410,""y"":329,""t"":5444},{""x"":434,""y"":318,""t"":5474},{""x"":450,""y"":310,""t"":5538},{""x"":463,""y"":304,""t"":5553},{""x"":455,""y"":297,""t"":5617},{""x"":447,""y"":291,""t"":5644},{""x"":449,""y"":292,""t"":5722},{""x"":455,""y"":276,""t"":5747}]",0,0.7415691452172718,0.2584308547827281,wa_b-last,0
147-attributes,0,57,exp_89,0.0,187.70000000298023,0.5,0.38,3.0,4.0,higher_p,higher_m,0,1,attributes,1.0,True,1.5,1.52,-0.02,0.2367304922727919,0.5,0.5,0.6,0.4,0.0,1.0,higher_p,higher_m,True,"{""durations"":[1500,1000,1500,1000],""alternatives"":[""all"",""all"",""all"",""all""],""attributes"":[""p"",""m"",""p"",""m""]}","[{""x"":739,""y"":161,""t"":-15},{""x"":745,""y"":156,""t"":0},{""x"":713,""y"":159,""t"":63},{""x"":693,""y"":168,""t"":106},{""x"":688,""y"":183,""t"":196},{""x"":696,""y"":202,""t"":211},{""x"":684,""y"":210,""t"":272},{""x"":673,""y"":216,""t"":287},{""x"":632,""y"":237,""t"":345},{""x"":598,""y"":246,""t"":393},{""x"":570,""y"":253,""t"":409},{""x"":536,""y"":253,""t"":469},{""x"":509,""y"":252,""t"":485},{""x"":477,""y"":269,""t"":544},{""x"":483,""y"":262,""t"":591},{""x"":486,""y"":269,""t"":612},{""x"":574,""y"":271,""t"":671},{""x"":660,""y"":266,""t"":687},{""x"":721,""y"":274,""t"":747},{""x"":762,""y"":277,""t"":763},{""x"":790,""y"":290,""t"":802},{""x"":805,""y"":302,""t"":842},{""x"":818,""y"":305,""t"":882},{""x"":831,""y"":295,""t"":919},{""x"":824,""y"":304,""t"":988},{""x"":833,""y"":291,""t"":1022},{""x"":870,""y"":304,""t"":1083},{""x"":884,""y"":313,""t"":1099},{""x"":892,""y"":321,""t"":1161},{""x"":886,""y"":312,""t"":1207},{""x"":885,""y"":308,""t"":1224},{""x"":807,""y"":297,""t"":1285},{""x"":740,""y"":287,""t"":1299},{""x"":671,""y"":267,""t"":1361},{""x"":616,""y"":262,""t"":1416},{""x"":570,""y"":251,""t"":1431},{""x"":612,""y"":244,""t"":1491},{""x"":651,""y"":238,""t"":1505},{""x"":667,""y"":248,""t"":1567},{""x"":696,""y"":258,""t"":1614},{""x"":721,""y"":266,""t"":1634},{""x"":756,""y"":236,""t"":1694},{""x"":752,""y"":222,""t"":1709},{""x"":752,""y"":198,""t"":1769},{""x"":777,""y"":181,""t"":1814},{""x"":799,""y"":149,""t"":1836},{""x"":785,""y"":129,""t"":1910},{""x"":749,""y"":99,""t"":1957},{""x"":718,""y"":75,""t"":1973},{""x"":641,""y"":79,""t"":2034},{""x"":566,""y"":91,""t"":2049},{""x"":496,""y"":105,""t"":2108},{""x"":440,""y"":118,""t"":2122},{""x"":414,""y"":138,""t"":2181},{""x"":394,""y"":141,""t"":2228},{""x"":380,""y"":144,""t"":2245},{""x"":367,""y"":141,""t"":2303},{""x"":359,""y"":138,""t"":2318},{""x"":370,""y"":142,""t"":2376},{""x"":383,""y"":146,""t"":2392},{""x"":378,""y"":147,""t"":2452},{""x"":451,""y"":126,""t"":2500},{""x"":514,""y"":109,""t"":2516},{""x"":587,""y"":97,""t"":2579},{""x"":637,""y"":103,""t"":2594},{""x"":692,""y"":135,""t"":2654},{""x"":744,""y"":143,""t"":2713},{""x"":782,""y"":163,""t"":2728},{""x"":789,""y"":149,""t"":2787},{""x"":796,""y"":133,""t"":2802},{""x"":802,""y"":125,""t"":2861},{""x"":807,""y"":178,""t"":2908},{""x"":834,""y"":232,""t"":2924},{""x"":832,""y"":247,""t"":2983},{""x"":847,""y"":264,""t"":2997},{""x"":864,""y"":285,""t"":3057},{""x"":881,""y"":277,""t"":3076},{""x"":877,""y"":281,""t"":3121},{""x"":870,""y"":280,""t"":3159},{""x"":864,""y"":272,""t"":3197},{""x"":867,""y"":272,""t"":3255},{""x"":857,""y"":286,""t"":3270},{""x"":809,""y"":298,""t"":3346},{""x"":776,""y"":293,""t"":3367},{""x"":720,""y"":294,""t"":3430},{""x"":663,""y"":297,""t"":3456},{""x"":604,""y"":309,""t"":3493},{""x"":574,""y"":312,""t"":3530},{""x"":548,""y"":318,""t"":3582},{""x"":524,""y"":326,""t"":3643},{""x"":483,""y"":322,""t"":3687},{""x"":458,""y"":315,""t"":3706},{""x"":411,""y"":286,""t"":3769},{""x"":394,""y"":264,""t"":3783},{""x"":371,""y"":227,""t"":3833},{""x"":360,""y"":216,""t"":3869},{""x"":371,""y"":201,""t"":3906},{""x"":384,""y"":188,""t"":3945},{""x"":371,""y"":187,""t"":4005},{""x"":355,""y"":189,""t"":4019},{""x"":376,""y"":185,""t"":4083},{""x"":376,""y"":178,""t"":4131},{""x"":377,""y"":174,""t"":4149},{""x"":388,""y"":168,""t"":4209},{""x"":398,""y"":165,""t"":4225},{""x"":409,""y"":171,""t"":4284},{""x"":425,""y"":170,""t"":4299},{""x"":412,""y"":166,""t"":4357},{""x"":476,""y"":175,""t"":4419},{""x"":529,""y"":183,""t"":4433},{""x"":599,""y"":170,""t"":4496},{""x"":672,""y"":181,""t"":4544},{""x"":731,""y"":191,""t"":4559},{""x"":766,""y"":192,""t"":4621},{""x"":792,""y"":193,""t"":4635},{""x"":819,""y"":194,""t"":4695},{""x"":819,""y"":182,""t"":4743},{""x"":815,""y"":173,""t"":4760},{""x"":809,""y"":162,""t"":4822},{""x"":801,""y"":154,""t"":4837},{""x"":685,""y"":145,""t"":4900},{""x"":578,""y"":152,""t"":4947},{""x"":511,""y"":161,""t"":4965},{""x"":485,""y"":176,""t"":5026},{""x"":454,""y"":182,""t"":5042},{""x"":413,""y"":193,""t"":5105},{""x"":394,""y"":193,""t"":5153},{""x"":381,""y"":192,""t"":5168},{""x"":391,""y"":178,""t"":5231},{""x"":377,""y"":181,""t"":5245},{""x"":388,""y"":190,""t"":5308},{""x"":448,""y"":197,""t"":5363},{""x"":458,""y"":215,""t"":5379},{""x"":471,""y"":236,""t"":5440},{""x"":479,""y"":240,""t"":5455},{""x"":496,""y"":238,""t"":5495},{""x"":511,""y"":259,""t"":5534},{""x"":543,""y"":251,""t"":5571},{""x"":567,""y"":240,""t"":5608},{""x"":586,""y"":230,""t"":5645},{""x"":571,""y"":220,""t"":5712},{""x"":556,""y"":212,""t"":5725}]",0,0.5909802991971858,0.40901970080281425,wa_b-last,0
147-attributes,0,58,exp_113,0.0,201.59999999403956,0.49,0.22,4.2,7.9,higher_p,higher_m,0,1,attributes,1.0,True,2.058,1.738,0.3199999999999998,0.5866799156325715,0.5,0.5,0.6,0.4,0.0,1.0,higher_p,higher_m,True,"{""durations"":[1500,1000,1500,1000],""alternatives"":[""all"",""all"",""all"",""all""],""attributes"":[""p"",""m"",""p"",""m""]}","[{""x"":557,""y"":268,""t"":-40},{""x"":570,""y"":237,""t"":0},{""x"":589,""y"":228,""t"":74},{""x"":566,""y"":249,""t"":140},{""x"":552,""y"":258,""t"":185},{""x"":530,""y"":278,""t"":206},{""x"":544,""y"":263,""t"":267},{""x"":528,""y"":255,""t"":281},{""x"":508,""y"":267,""t"":341},{""x"":488,""y"":279,""t"":388},{""x"":473,""y"":288,""t"":410},{""x"":432,""y"":294,""t"":468},{""x"":398,""y"":297,""t"":482},{""x"":392,""y"":321,""t"":545},{""x"":382,""y"":320,""t"":593},{""x"":380,""y"":305,""t"":614},{""x"":399,""y"":298,""t"":671},{""x"":417,""y"":292,""t"":685},{""x"":510,""y"":291,""t"":744},{""x"":589,""y"":290,""t"":758},{""x"":680,""y"":294,""t"":817},{""x"":746,""y"":299,""t"":863},{""x"":798,""y"":303,""t"":885},{""x"":834,""y"":312,""t"":945},{""x"":861,""y"":319,""t"":959},{""x"":883,""y"":329,""t"":1018},{""x"":898,""y"":337,""t"":1033},{""x"":882,""y"":325,""t"":1093},{""x"":872,""y"":323,""t"":1144},{""x"":860,""y"":318,""t"":1160},{""x"":874,""y"":317,""t"":1218},{""x"":884,""y"":316,""t"":1233},{""x"":893,""y"":293,""t"":1292},{""x"":871,""y"":252,""t"":1307},{""x"":825,""y"":233,""t"":1345},{""x"":801,""y"":227,""t"":1382},{""x"":778,""y"":223,""t"":1419},{""x"":759,""y"":214,""t"":1457},{""x"":732,""y"":199,""t"":1494},{""x"":713,""y"":192,""t"":1531},{""x"":708,""y"":176,""t"":1593},{""x"":702,""y"":160,""t"":1608},{""x"":686,""y"":144,""t"":1667},{""x"":703,""y"":130,""t"":1732},{""x"":729,""y"":128,""t"":1746},{""x"":720,""y"":139,""t"":1809},{""x"":722,""y"":141,""t"":1837},{""x"":739,""y"":146,""t"":1899},{""x"":744,""y"":151,""t"":1913},{""x"":654,""y"":154,""t"":1972},{""x"":590,""y"":143,""t"":2038},{""x"":537,""y"":133,""t"":2052},{""x"":481,""y"":144,""t"":2110},{""x"":430,""y"":130,""t"":2163},{""x"":391,""y"":119,""t"":2179},{""x"":335,""y"":117,""t"":2252},{""x"":297,""y"":105,""t"":2279},{""x"":306,""y"":121,""t"":2338},{""x"":317,""y"":135,""t"":2353},{""x"":343,""y"":128,""t"":2414},{""x"":399,""y"":137,""t"":2428},{""x"":497,""y"":125,""t"":2468},{""x"":564,""y"":133,""t"":2507},{""x"":631,""y"":125,""t"":2544},{""x"":674,""y"":111,""t"":2582},{""x"":705,""y"":98,""t"":2620},{""x"":738,""y"":94,""t"":2679},{""x"":763,""y"":90,""t"":2694},{""x"":781,""y"":119,""t"":2760},{""x"":792,""y"":129,""t"":2789},{""x"":808,""y"":172,""t"":2849},{""x"":814,""y"":215,""t"":2864},{""x"":821,""y"":240,""t"":2924},{""x"":817,""y"":273,""t"":2940},{""x"":823,""y"":301,""t"":3002},{""x"":827,""y"":323,""t"":3027},{""x"":753,""y"":330,""t"":3103},{""x"":690,""y"":333,""t"":3128},{""x"":628,""y"":324,""t"":3188},{""x"":576,""y"":315,""t"":3204},{""x"":530,""y"":319,""t"":3265},{""x"":493,""y"":328,""t"":3317},{""x"":453,""y"":337,""t"":3333},{""x"":418,""y"":347,""t"":3392},{""x"":392,""y"":355,""t"":3408},{""x"":400,""y"":349,""t"":3464},{""x"":424,""y"":348,""t"":3480},{""x"":500,""y"":350,""t"":3539},{""x"":564,""y"":354,""t"":3571},{""x"":634,""y"":329,""t"":3638},{""x"":692,""y"":311,""t"":3701},{""x"":711,""y"":315,""t"":3717},{""x"":743,""y"":304,""t"":3777},{""x"":777,""y"":299,""t"":3819},{""x"":806,""y"":319,""t"":3879},{""x"":807,""y"":305,""t"":3931},{""x"":806,""y"":293,""t"":3945},{""x"":795,""y"":262,""t"":4007},{""x"":783,""y"":237,""t"":4021},{""x"":772,""y"":228,""t"":4081},{""x"":774,""y"":205,""t"":4132},{""x"":774,""y"":187,""t"":4149},{""x"":754,""y"":180,""t"":4210},{""x"":735,""y"":176,""t"":4224},{""x"":711,""y"":167,""t"":4285},{""x"":725,""y"":156,""t"":4336},{""x"":737,""y"":148,""t"":4353},{""x"":655,""y"":137,""t"":4415},{""x"":566,""y"":141,""t"":4429},{""x"":511,""y"":126,""t"":4492},{""x"":442,""y"":131,""t"":4545},{""x"":387,""y"":137,""t"":4559},{""x"":351,""y"":126,""t"":4622},{""x"":340,""y"":132,""t"":4638},{""x"":348,""y"":132,""t"":4698},{""x"":374,""y"":127,""t"":4727},{""x"":373,""y"":131,""t"":4789},{""x"":374,""y"":133,""t"":4804},{""x"":449,""y"":115,""t"":4866},{""x"":518,""y"":117,""t"":4897},{""x"":587,""y"":110,""t"":4978},{""x"":644,""y"":104,""t"":4999},{""x"":692,""y"":96,""t"":5060},{""x"":730,""y"":90,""t"":5076},{""x"":753,""y"":101,""t"":5139},{""x"":801,""y"":113,""t"":5206},{""x"":807,""y"":120,""t"":5236},{""x"":819,""y"":132,""t"":5295},{""x"":826,""y"":150,""t"":5340},{""x"":800,""y"":180,""t"":5410},{""x"":784,""y"":194,""t"":5465},{""x"":769,""y"":207,""t"":5490},{""x"":758,""y"":212,""t"":5550},{""x"":739,""y"":210,""t"":5610},{""x"":722,""y"":208,""t"":5624},{""x"":699,""y"":221,""t"":5687},{""x"":679,""y"":232,""t"":5713},{""x"":671,""y"":237,""t"":5777},{""x"":664,""y"":241,""t"":5792}]",0,0.536441520619533,0.4635584793804669,wa_b-last,0
147-attributes,0,60,exp_15,0.0,108.5,0.7,0.29,1.7999999999999998,5.0,higher_p,higher_m,0,1,attributes,1.0,True,1.2599999999999998,1.45,-0.1900000000000001,0.061755780592902,0.5,0.5,0.4,0.6,1.0,1.0,higher_m,higher_m,True,"{""durations"":[1000,1500,1000,1500],""alternatives"":[""all"",""all"",""all"",""all""],""attributes"":[""p"",""m"",""p"",""m""]}","[{""x"":652,""y"":228,""t"":-16},{""x"":655,""y"":226,""t"":0},{""x"":653,""y"":215,""t"":74},{""x"":639,""y"":232,""t"":138},{""x"":658,""y"":238,""t"":188},{""x"":663,""y"":240,""t"":205},{""x"":655,""y"":236,""t"":267},{""x"":648,""y"":232,""t"":281},{""x"":582,""y"":252,""t"":342},{""x"":543,""y"":281,""t"":410},{""x"":490,""y"":289,""t"":462},{""x"":447,""y"":294,""t"":478},{""x"":415,""y"":281,""t"":550},{""x"":383,""y"":263,""t"":579},{""x"":382,""y"":268,""t"":640},{""x"":402,""y"":261,""t"":657},{""x"":392,""y"":277,""t"":717},{""x"":469,""y"":296,""t"":769},{""x"":530,""y"":304,""t"":785},{""x"":592,""y"":306,""t"":846},{""x"":631,""y"":315,""t"":862},{""x"":678,""y"":308,""t"":923},{""x"":715,""y"":302,""t"":952},{""x"":746,""y"":322,""t"":1012},{""x"":745,""y"":327,""t"":1028},{""x"":754,""y"":330,""t"":1102},{""x"":760,""y"":332,""t"":1123},{""x"":755,""y"":328,""t"":1199},{""x"":748,""y"":325,""t"":1225},{""x"":751,""y"":282,""t"":1311},{""x"":752,""y"":246,""t"":1328},{""x"":756,""y"":216,""t"":1387},{""x"":758,""y"":191,""t"":1402},{""x"":740,""y"":164,""t"":1463},{""x"":769,""y"":128,""t"":1514},{""x"":786,""y"":100,""t"":1531},{""x"":807,""y"":107,""t"":1591},{""x"":813,""y"":122,""t"":1606},{""x"":836,""y"":102,""t"":1667},{""x"":745,""y"":106,""t"":1736},{""x"":643,""y"":117,""t"":1786},{""x"":556,""y"":128,""t"":1802},{""x"":487,""y"":141,""t"":1862},{""x"":438,""y"":135,""t"":1877},{""x"":389,""y"":141,""t"":1937},{""x"":352,""y"":146,""t"":1952},{""x"":359,""y"":136,""t"":2013},{""x"":368,""y"":127,""t"":2042},{""x"":371,""y"":122,""t"":2120},{""x"":352,""y"":139,""t"":2142},{""x"":365,""y"":138,""t"":2201},{""x"":378,""y"":136,""t"":2217},{""x"":385,""y"":145,""t"":2275},{""x"":408,""y"":146,""t"":2291},{""x"":442,""y"":144,""t"":2351},{""x"":457,""y"":146,""t"":2381},{""x"":447,""y"":166,""t"":2441},{""x"":438,""y"":184,""t"":2456},{""x"":425,""y"":219,""t"":2516},{""x"":440,""y"":240,""t"":2531},{""x"":419,""y"":264,""t"":2572},{""x"":415,""y"":292,""t"":2609},{""x"":411,""y"":318,""t"":2647},{""x"":416,""y"":339,""t"":2685},{""x"":409,""y"":348,""t"":2725},{""x"":409,""y"":361,""t"":2787},{""x"":410,""y"":367,""t"":2803},{""x"":438,""y"":350,""t"":2842},{""x"":452,""y"":338,""t"":2879},{""x"":459,""y"":338,""t"":2918},{""x"":567,""y"":344,""t"":2956},{""x"":622,""y"":324,""t"":2993},{""x"":681,""y"":319,""t"":3054},{""x"":724,""y"":312,""t"":3069},{""x"":750,""y"":324,""t"":3128},{""x"":788,""y"":304,""t"":3199},{""x"":799,""y"":309,""t"":3268},{""x"":804,""y"":289,""t"":3318},{""x"":804,""y"":273,""t"":3334},{""x"":795,""y"":268,""t"":3392},{""x"":787,""y"":269,""t"":3407},{""x"":775,""y"":279,""t"":3469},{""x"":787,""y"":260,""t"":3537},{""x"":760,""y"":241,""t"":3589},{""x"":770,""y"":216,""t"":3605},{""x"":770,""y"":196,""t"":3667},{""x"":769,""y"":181,""t"":3682},{""x"":770,""y"":158,""t"":3745},{""x"":771,""y"":150,""t"":3798},{""x"":768,""y"":150,""t"":3813},{""x"":754,""y"":153,""t"":3878},{""x"":651,""y"":145,""t"":3930},{""x"":562,""y"":135,""t"":3945},{""x"":506,""y"":150,""t"":4008},{""x"":471,""y"":154,""t"":4023},{""x"":414,""y"":171,""t"":4084},{""x"":374,""y"":174,""t"":4115},{""x"":357,""y"":181,""t"":4193},{""x"":436,""y"":169,""t"":4221},{""x"":493,""y"":160,""t"":4272},{""x"":570,""y"":139,""t"":4311},{""x"":591,""y"":165,""t"":4350},{""x"":609,""y"":188,""t"":4390},{""x"":637,""y"":194,""t"":4463},{""x"":690,""y"":178,""t"":4490},{""x"":718,""y"":185,""t"":4552},{""x"":740,""y"":191,""t"":4566},{""x"":736,""y"":198,""t"":4626},{""x"":721,""y"":216,""t"":4681},{""x"":706,""y"":232,""t"":4696},{""x"":714,""y"":249,""t"":4758},{""x"":724,""y"":279,""t"":4773},{""x"":734,""y"":279,""t"":4835},{""x"":739,""y"":269,""t"":4895},{""x"":748,""y"":257,""t"":4916},{""x"":740,""y"":281,""t"":4957},{""x"":734,""y"":284,""t"":4996},{""x"":729,""y"":285,""t"":5037},{""x"":743,""y"":289,""t"":5103},{""x"":740,""y"":311,""t"":5155},{""x"":735,""y"":313,""t"":5170},{""x"":737,""y"":310,""t"":5232},{""x"":739,""y"":306,""t"":5248},{""x"":741,""y"":298,""t"":5308},{""x"":735,""y"":285,""t"":5361},{""x"":730,""y"":274,""t"":5376},{""x"":732,""y"":268,""t"":5437},{""x"":720,""y"":260,""t"":5458},{""x"":735,""y"":251,""t"":5505},{""x"":715,""y"":247,""t"":5543},{""x"":711,""y"":226,""t"":5604},{""x"":693,""y"":195,""t"":5620}]",0,0.9269953767032563,0.0730046232967437,wa_b-last,0
147-attributes,0,62,exp_25,0.0,54.29999999701977,0.3,0.17,2.0,3.0,higher_p,higher_m,0,1,attributes,1.0,True,0.6,0.51,0.0899999999999999,0.3499494233597794,0.5,0.5,0.6,0.4,0.0,1.0,higher_p,higher_m,True,"{""durations"":[1500,1000,1500,1000],""alternatives"":[""all"",""all"",""all"",""all""],""attributes"":[""p"",""m"",""p"",""m""]}","[{""x"":628,""y"":249,""t"":-15},{""x"":603,""y"":234,""t"":0},{""x"":641,""y"":228,""t"":64},{""x"":618,""y"":244,""t"":81},{""x"":627,""y"":260,""t"":132},{""x"":633,""y"":261,""t"":196},{""x"":624,""y"":247,""t"":233},{""x"":600,""y"":264,""t"":271},{""x"":596,""y"":288,""t"":309},{""x"":563,""y"":285,""t"":370},{""x"":538,""y"":292,""t"":385},{""x"":521,""y"":292,""t"":444},{""x"":498,""y"":293,""t"":495},{""x"":480,""y"":293,""t"":511},{""x"":467,""y"":285,""t"":581},{""x"":458,""y"":279,""t"":613},{""x"":548,""y"":258,""t"":689},{""x"":630,""y"":252,""t"":715},{""x"":676,""y"":258,""t"":784},{""x"":724,""y"":267,""t"":846},{""x"":770,""y"":280,""t"":877},{""x"":791,""y"":300,""t"":942},{""x"":803,""y"":319,""t"":980},{""x"":819,""y"":331,""t"":1017},{""x"":806,""y"":323,""t"":1055},{""x"":823,""y"":325,""t"":1126},{""x"":813,""y"":311,""t"":1178},{""x"":802,""y"":300,""t"":1192},{""x"":720,""y"":311,""t"":1252},{""x"":653,""y"":310,""t"":1280},{""x"":608,""y"":308,""t"":1317},{""x"":575,""y"":320,""t"":1356},{""x"":544,""y"":311,""t"":1393},{""x"":528,""y"":309,""t"":1431},{""x"":498,""y"":298,""t"":1491},{""x"":474,""y"":288,""t"":1505},{""x"":418,""y"":239,""t"":1566},{""x"":408,""y"":177,""t"":1619},{""x"":386,""y"":159,""t"":1634},{""x"":369,""y"":139,""t"":1693},{""x"":359,""y"":121,""t"":1708},{""x"":362,""y"":121,""t"":1768},{""x"":367,""y"":122,""t"":1782},{""x"":367,""y"":112,""t"":1841},{""x"":431,""y"":123,""t"":1893},{""x"":487,""y"":133,""t"":1908},{""x"":564,""y"":151,""t"":1967},{""x"":629,""y"":166,""t"":1982},{""x"":685,""y"":141,""t"":2042},{""x"":710,""y"":164,""t"":2103},{""x"":738,""y"":179,""t"":2124},{""x"":766,""y"":193,""t"":2162},{""x"":766,""y"":184,""t"":2201},{""x"":769,""y"":171,""t"":2239},{""x"":790,""y"":169,""t"":2278},{""x"":800,""y"":173,""t"":2317},{""x"":702,""y"":156,""t"":2377},{""x"":630,""y"":158,""t"":2392},{""x"":578,""y"":155,""t"":2472},{""x"":525,""y"":180,""t"":2492},{""x"":506,""y"":178,""t"":2574},{""x"":493,""y"":175,""t"":2595},{""x"":467,""y"":174,""t"":2671},{""x"":447,""y"":173,""t"":2686},{""x"":413,""y"":191,""t"":2745},{""x"":387,""y"":206,""t"":2760},{""x"":382,""y"":223,""t"":2820},{""x"":380,""y"":236,""t"":2834},{""x"":426,""y"":238,""t"":2894},{""x"":451,""y"":254,""t"":2963},{""x"":482,""y"":260,""t"":2993},{""x"":494,""y"":280,""t"":3054},{""x"":510,""y"":294,""t"":3069},{""x"":501,""y"":302,""t"":3133},{""x"":528,""y"":312,""t"":3185},{""x"":535,""y"":328,""t"":3200},{""x"":523,""y"":324,""t"":3261},{""x"":523,""y"":322,""t"":3277},{""x"":563,""y"":321,""t"":3337},{""x"":622,""y"":342,""t"":3389},{""x"":686,""y"":360,""t"":3405},{""x"":721,""y"":370,""t"":3466},{""x"":749,""y"":377,""t"":3482},{""x"":786,""y"":380,""t"":3545},{""x"":823,""y"":366,""t"":3572},{""x"":851,""y"":357,""t"":3655},{""x"":855,""y"":351,""t"":3673},{""x"":847,""y"":336,""t"":3734},{""x"":838,""y"":323,""t"":3749},{""x"":844,""y"":312,""t"":3809},{""x"":821,""y"":317,""t"":3860},{""x"":800,""y"":321,""t"":3877},{""x"":784,""y"":319,""t"":3934},{""x"":778,""y"":319,""t"":3949},{""x"":692,""y"":312,""t"":4011},{""x"":620,""y"":306,""t"":4025},{""x"":578,""y"":310,""t"":4084},{""x"":545,""y"":295,""t"":4143},{""x"":501,""y"":290,""t"":4164},{""x"":458,""y"":287,""t"":4201},{""x"":458,""y"":277,""t"":4237},{""x"":457,""y"":275,""t"":4275},{""x"":484,""y"":278,""t"":4314},{""x"":545,""y"":251,""t"":4351},{""x"":598,""y"":228,""t"":4390},{""x"":632,""y"":203,""t"":4453},{""x"":661,""y"":184,""t"":4467},{""x"":696,""y"":179,""t"":4528},{""x"":723,""y"":175,""t"":4557},{""x"":743,""y"":174,""t"":4618},{""x"":757,""y"":173,""t"":4633},{""x"":762,""y"":173,""t"":4693},{""x"":798,""y"":165,""t"":4744},{""x"":821,""y"":149,""t"":4761},{""x"":862,""y"":99,""t"":4824},{""x"":894,""y"":57,""t"":4839},{""x"":822,""y"":97,""t"":4898},{""x"":748,""y"":111,""t"":4950},{""x"":696,""y"":129,""t"":4964},{""x"":638,""y"":150,""t"":5024},{""x"":572,""y"":152,""t"":5039},{""x"":518,""y"":172,""t"":5099},{""x"":474,""y"":179,""t"":5116},{""x"":444,""y"":189,""t"":5156},{""x"":418,""y"":193,""t"":5193},{""x"":428,""y"":171,""t"":5230},{""x"":408,""y"":182,""t"":5269},{""x"":396,""y"":186,""t"":5308},{""x"":446,""y"":205,""t"":5369},{""x"":471,""y"":212,""t"":5384},{""x"":492,""y"":218,""t"":5446},{""x"":524,""y"":224,""t"":5496},{""x"":551,""y"":228,""t"":5511},{""x"":565,""y"":252,""t"":5570},{""x"":576,""y"":272,""t"":5585}]",0,0.6244175615012415,0.3755824384987585,wa_b-last,0
147-attributes,0,66,exp_1,1.0,456.29999999701977,0.79,0.49,5.300000000000001,8.3,higher_p,higher_m,0,1,attributes,1.0,True,4.187000000000001,4.067,0.120000000000001,0.3808273136562317,0.5,0.5,0.6,0.4,0.0,1.0,higher_p,higher_m,False,"{""durations"":[1500,1000,1500,1000],""alternatives"":[""all"",""all"",""all"",""all""],""attributes"":[""p"",""m"",""p"",""m""]}","[{""x"":643,""y"":281,""t"":-15},{""x"":641,""y"":291,""t"":0},{""x"":651,""y"":277,""t"":75},{""x"":654,""y"":264,""t"":139},{""x"":665,""y"":256,""t"":193},{""x"":674,""y"":249,""t"":208},{""x"":673,""y"":236,""t"":268},{""x"":670,""y"":225,""t"":283},{""x"":625,""y"":249,""t"":344},{""x"":595,""y"":260,""t"":397},{""x"":570,""y"":269,""t"":412},{""x"":517,""y"":293,""t"":471},{""x"":477,""y"":315,""t"":485},{""x"":471,""y"":318,""t"":547},{""x"":445,""y"":322,""t"":600},{""x"":425,""y"":324,""t"":616},{""x"":396,""y"":343,""t"":679},{""x"":375,""y"":374,""t"":696},{""x"":368,""y"":386,""t"":736},{""x"":359,""y"":381,""t"":775},{""x"":338,""y"":381,""t"":815},{""x"":358,""y"":378,""t"":852},{""x"":329,""y"":402,""t"":916},{""x"":353,""y"":406,""t"":931},{""x"":368,""y"":406,""t"":995},{""x"":382,""y"":405,""t"":1021},{""x"":458,""y"":409,""t"":1082},{""x"":523,""y"":412,""t"":1098},{""x"":636,""y"":419,""t"":1160},{""x"":726,""y"":394,""t"":1190},{""x"":798,""y"":404,""t"":1268},{""x"":847,""y"":414,""t"":1292},{""x"":860,""y"":417,""t"":1354},{""x"":866,""y"":419,""t"":1369},{""x"":858,""y"":415,""t"":1442},{""x"":847,""y"":412,""t"":1464},{""x"":737,""y"":408,""t"":1526},{""x"":670,""y"":414,""t"":1542},{""x"":587,""y"":431,""t"":1603},{""x"":551,""y"":413,""t"":1667},{""x"":525,""y"":406,""t"":1701},{""x"":495,""y"":411,""t"":1763},{""x"":481,""y"":423,""t"":1777},{""x"":519,""y"":408,""t"":1841},{""x"":551,""y"":397,""t"":1901},{""x"":584,""y"":375,""t"":1923},{""x"":668,""y"":321,""t"":1962},{""x"":736,""y"":245,""t"":2000},{""x"":744,""y"":206,""t"":2039},{""x"":763,""y"":170,""t"":2077},{""x"":782,""y"":151,""t"":2139},{""x"":795,""y"":138,""t"":2153},{""x"":827,""y"":139,""t"":2215},{""x"":845,""y"":97,""t"":2270},{""x"":859,""y"":63,""t"":2286},{""x"":869,""y"":54,""t"":2349},{""x"":881,""y"":41,""t"":2381},{""x"":770,""y"":65,""t"":2459},{""x"":673,""y"":88,""t"":2484},{""x"":544,""y"":97,""t"":2547},{""x"":457,""y"":110,""t"":2563},{""x"":396,""y"":144,""t"":2625},{""x"":349,""y"":146,""t"":2654},{""x"":325,""y"":146,""t"":2729},{""x"":320,""y"":128,""t"":2756},{""x"":329,""y"":131,""t"":2816},{""x"":342,""y"":133,""t"":2831},{""x"":465,""y"":202,""t"":2892},{""x"":552,""y"":263,""t"":2951},{""x"":640,""y"":299,""t"":2973},{""x"":709,""y"":336,""t"":3013},{""x"":764,""y"":365,""t"":3066},{""x"":805,""y"":394,""t"":3127},{""x"":835,""y"":416,""t"":3143},{""x"":848,""y"":429,""t"":3205},{""x"":854,""y"":438,""t"":3231},{""x"":773,""y"":445,""t"":3295},{""x"":701,""y"":448,""t"":3310},{""x"":625,""y"":455,""t"":3373},{""x"":560,""y"":459,""t"":3400},{""x"":514,""y"":438,""t"":3482},{""x"":476,""y"":434,""t"":3503},{""x"":438,""y"":425,""t"":3569},{""x"":409,""y"":418,""t"":3583},{""x"":402,""y"":411,""t"":3649},{""x"":373,""y"":408,""t"":3672},{""x"":334,""y"":398,""t"":3741},{""x"":315,""y"":388,""t"":3794},{""x"":305,""y"":382,""t"":3811},{""x"":332,""y"":375,""t"":3874},{""x"":357,""y"":370,""t"":3888},{""x"":363,""y"":366,""t"":3959},{""x"":348,""y"":386,""t"":3979},{""x"":356,""y"":396,""t"":4043},{""x"":363,""y"":404,""t"":4058},{""x"":422,""y"":373,""t"":4121},{""x"":453,""y"":328,""t"":4149},{""x"":510,""y"":291,""t"":4211},{""x"":554,""y"":255,""t"":4226},{""x"":670,""y"":218,""t"":4289},{""x"":725,""y"":185,""t"":4318},{""x"":757,""y"":161,""t"":4380},{""x"":779,""y"":143,""t"":4396},{""x"":796,""y"":126,""t"":4459},{""x"":731,""y"":99,""t"":4512},{""x"":685,""y"":91,""t"":4529},{""x"":640,""y"":81,""t"":4581},{""x"":582,""y"":81,""t"":4619},{""x"":531,""y"":84,""t"":4658},{""x"":471,""y"":84,""t"":4696},{""x"":542,""y"":82,""t"":4757},{""x"":582,""y"":77,""t"":4772},{""x"":652,""y"":73,""t"":4834},{""x"":712,""y"":70,""t"":4863},{""x"":733,""y"":70,""t"":4936},{""x"":748,""y"":72,""t"":4965},{""x"":698,""y"":80,""t"":5043},{""x"":653,""y"":87,""t"":5067},{""x"":576,""y"":97,""t"":5129},{""x"":499,""y"":108,""t"":5144},{""x"":486,""y"":122,""t"":5204},{""x"":466,""y"":128,""t"":5267},{""x"":476,""y"":165,""t"":5287},{""x"":448,""y"":222,""t"":5327},{""x"":447,""y"":288,""t"":5366},{""x"":460,""y"":337,""t"":5404},{""x"":482,""y"":364,""t"":5443},{""x"":525,""y"":357,""t"":5505},{""x"":541,""y"":374,""t"":5521},{""x"":548,""y"":386,""t"":5568},{""x"":570,""y"":375,""t"":5608},{""x"":570,""y"":344,""t"":5647},{""x"":594,""y"":351,""t"":5707},{""x"":591,""y"":352,""t"":5723},{""x"":615,""y"":361,""t"":5783},{""x"":628,""y"":360,""t"":5836},{""x"":647,""y"":346,""t"":5855},{""x"":674,""y"":338,""t"":5919},{""x"":750,""y"":316,""t"":5973},{""x"":808,""y"":273,""t"":5989},{""x"":802,""y"":307,""t"":6050},{""x"":797,""y"":337,""t"":6064}]",1,0.7631886687194852,0.23681133128051476,wa_b-last,0
147-attributes,0,67,exp_117,0.0,215.20000000298023,0.49,0.22,4.2,7.9,higher_p,higher_m,0,1,attributes,1.0,True,2.058,1.738,0.3199999999999998,0.5866799156325715,0.5,0.5,0.4,0.6,1.0,0.0,higher_m,higher_p,True,"{""durations"":[1500,1000,1500,1000],""alternatives"":[""all"",""all"",""all"",""all""],""attributes"":[""m"",""p"",""m"",""p""]}","[{""x"":635,""y"":383,""t"":-39},{""x"":646,""y"":387,""t"":0},{""x"":653,""y"":372,""t"":71},{""x"":672,""y"":347,""t"":138},{""x"":666,""y"":363,""t"":193},{""x"":665,""y"":374,""t"":208},{""x"":671,""y"":372,""t"":270},{""x"":680,""y"":368,""t"":285},{""x"":657,""y"":322,""t"":345},{""x"":576,""y"":262,""t"":398},{""x"":507,""y"":212,""t"":413},{""x"":459,""y"":169,""t"":472},{""x"":412,""y"":151,""t"":487},{""x"":400,""y"":125,""t"":548},{""x"":373,""y"":96,""t"":600},{""x"":352,""y"":82,""t"":618},{""x"":332,""y"":68,""t"":676},{""x"":337,""y"":64,""t"":690},{""x"":348,""y"":43,""t"":752},{""x"":453,""y"":31,""t"":803},{""x"":550,""y"":37,""t"":819},{""x"":637,""y"":35,""t"":879},{""x"":708,""y"":35,""t"":893},{""x"":759,""y"":49,""t"":954},{""x"":795,""y"":64,""t"":1013},{""x"":821,""y"":78,""t"":1035},{""x"":820,""y"":95,""t"":1094},{""x"":816,""y"":110,""t"":1124},{""x"":825,""y"":118,""t"":1201},{""x"":830,""y"":124,""t"":1225},{""x"":831,""y"":133,""t"":1286},{""x"":834,""y"":136,""t"":1301},{""x"":837,""y"":148,""t"":1351},{""x"":841,""y"":161,""t"":1388},{""x"":836,""y"":170,""t"":1426},{""x"":864,""y"":178,""t"":1463},{""x"":849,""y"":184,""t"":1524},{""x"":862,""y"":178,""t"":1539},{""x"":858,""y"":201,""t"":1602},{""x"":882,""y"":190,""t"":1656},{""x"":901,""y"":180,""t"":1672},{""x"":853,""y"":197,""t"":1734},{""x"":795,""y"":234,""t"":1749},{""x"":708,""y"":278,""t"":1811},{""x"":636,""y"":315,""t"":1838},{""x"":605,""y"":334,""t"":1902},{""x"":574,""y"":356,""t"":1919},{""x"":522,""y"":393,""t"":1982},{""x"":482,""y"":423,""t"":2007},{""x"":450,""y"":438,""t"":2067},{""x"":427,""y"":449,""t"":2084},{""x"":428,""y"":456,""t"":2146},{""x"":425,""y"":464,""t"":2210},{""x"":426,""y"":469,""t"":2224},{""x"":453,""y"":441,""t"":2285},{""x"":477,""y"":415,""t"":2314},{""x"":595,""y"":411,""t"":2374},{""x"":686,""y"":402,""t"":2391},{""x"":763,""y"":393,""t"":2452},{""x"":818,""y"":393,""t"":2503},{""x"":862,""y"":394,""t"":2518},{""x"":881,""y"":403,""t"":2579},{""x"":873,""y"":400,""t"":2597},{""x"":872,""y"":400,""t"":2694},{""x"":873,""y"":390,""t"":2741},{""x"":858,""y"":392,""t"":2781},{""x"":860,""y"":387,""t"":2818},{""x"":870,""y"":374,""t"":2856},{""x"":873,""y"":332,""t"":2915},{""x"":901,""y"":294,""t"":2931},{""x"":888,""y"":244,""t"":2998},{""x"":859,""y"":219,""t"":3028},{""x"":877,""y"":190,""t"":3088},{""x"":891,""y"":168,""t"":3103},{""x"":890,""y"":176,""t"":3165},{""x"":841,""y"":192,""t"":3217},{""x"":801,""y"":203,""t"":3232},{""x"":827,""y"":239,""t"":3293},{""x"":826,""y"":255,""t"":3308},{""x"":829,""y"":245,""t"":3369},{""x"":835,""y"":226,""t"":3423},{""x"":857,""y"":220,""t"":3439},{""x"":864,""y"":212,""t"":3499},{""x"":870,""y"":192,""t"":3513},{""x"":823,""y"":219,""t"":3574},{""x"":703,""y"":201,""t"":3638},{""x"":648,""y"":174,""t"":3654},{""x"":568,""y"":162,""t"":3713},{""x"":502,""y"":153,""t"":3741},{""x"":496,""y"":116,""t"":3802},{""x"":494,""y"":85,""t"":3817},{""x"":485,""y"":100,""t"":3878},{""x"":503,""y"":100,""t"":3930},{""x"":521,""y"":101,""t"":3950},{""x"":484,""y"":100,""t"":4019},{""x"":442,""y"":103,""t"":4047},{""x"":405,""y"":106,""t"":4123},{""x"":418,""y"":97,""t"":4148},{""x"":412,""y"":107,""t"":4221},{""x"":517,""y"":121,""t"":4272},{""x"":609,""y"":132,""t"":4288},{""x"":714,""y"":157,""t"":4346},{""x"":801,""y"":179,""t"":4361},{""x"":850,""y"":182,""t"":4421},{""x"":874,""y"":216,""t"":4473},{""x"":890,""y"":245,""t"":4489},{""x"":898,""y"":301,""t"":4548},{""x"":902,""y"":347,""t"":4564},{""x"":885,""y"":379,""t"":4625},{""x"":802,""y"":404,""t"":4677},{""x"":739,""y"":411,""t"":4694},{""x"":679,""y"":429,""t"":4770},{""x"":612,""y"":441,""t"":4795},{""x"":608,""y"":418,""t"":4862},{""x"":575,""y"":409,""t"":4916},{""x"":529,""y"":397,""t"":4931},{""x"":567,""y"":412,""t"":4993},{""x"":602,""y"":424,""t"":5008},{""x"":653,""y"":429,""t"":5068},{""x"":696,""y"":440,""t"":5128},{""x"":736,""y"":438,""t"":5150},{""x"":793,""y"":428,""t"":5191},{""x"":819,""y"":412,""t"":5228},{""x"":839,""y"":404,""t"":5268},{""x"":854,""y"":397,""t"":5305},{""x"":866,""y"":393,""t"":5367},{""x"":874,""y"":389,""t"":5383},{""x"":859,""y"":402,""t"":5445},{""x"":818,""y"":380,""t"":5511},{""x"":780,""y"":367,""t"":5562},{""x"":738,""y"":352,""t"":5577},{""x"":722,""y"":329,""t"":5641},{""x"":710,""y"":310,""t"":5656},{""x"":705,""y"":305,""t"":5714},{""x"":695,""y"":296,""t"":5766},{""x"":687,""y"":289,""t"":5782},{""x"":848,""y"":258,""t"":5841},{""x"":1007,""y"":194,""t"":5856}]",1,0.7415691452172718,0.2584308547827281,wa_b-last,0
147-attributes,0,68,exp_23,1.0,251.19999998807907,0.28,0.17,4.3,8.3,higher_p,higher_m,0,1,attributes,1.0,True,1.204,1.4110000000000005,-0.2070000000000003,0.0442583094249129,0.5,0.5,0.4,0.6,1.0,1.0,higher_m,higher_m,False,"{""durations"":[1000,1500,1000,1500],""alternatives"":[""all"",""all"",""all"",""all""],""attributes"":[""p"",""m"",""p"",""m""]}","[{""x"":636,""y"":354,""t"":-17},{""x"":642,""y"":350,""t"":0},{""x"":625,""y"":352,""t"":73},{""x"":611,""y"":361,""t"":138},{""x"":623,""y"":374,""t"":193},{""x"":634,""y"":384,""t"":208},{""x"":622,""y"":377,""t"":269},{""x"":608,""y"":374,""t"":284},{""x"":539,""y"":375,""t"":345},{""x"":522,""y"":368,""t"":407},{""x"":508,""y"":362,""t"":422},{""x"":486,""y"":360,""t"":481},{""x"":463,""y"":347,""t"":512},{""x"":453,""y"":339,""t"":574},{""x"":445,""y"":333,""t"":588},{""x"":447,""y"":357,""t"":652},{""x"":445,""y"":381,""t"":681},{""x"":454,""y"":378,""t"":740},{""x"":464,""y"":375,""t"":756},{""x"":465,""y"":366,""t"":814},{""x"":456,""y"":378,""t"":830},{""x"":445,""y"":372,""t"":889},{""x"":460,""y"":382,""t"":941},{""x"":471,""y"":378,""t"":956},{""x"":488,""y"":357,""t"":1016},{""x"":514,""y"":348,""t"":1033},{""x"":552,""y"":346,""t"":1093},{""x"":639,""y"":338,""t"":1144},{""x"":712,""y"":332,""t"":1159},{""x"":747,""y"":342,""t"":1220},{""x"":803,""y"":377,""t"":1235},{""x"":833,""y"":377,""t"":1296},{""x"":891,""y"":343,""t"":1347},{""x"":910,""y"":331,""t"":1362},{""x"":925,""y"":291,""t"":1423},{""x"":951,""y"":256,""t"":1439},{""x"":928,""y"":215,""t"":1498},{""x"":927,""y"":191,""t"":1550},{""x"":912,""y"":180,""t"":1566},{""x"":823,""y"":158,""t"":1625},{""x"":746,""y"":142,""t"":1639},{""x"":617,""y"":128,""t"":1700},{""x"":562,""y"":93,""t"":1753},{""x"":519,""y"":66,""t"":1769},{""x"":431,""y"":58,""t"":1829},{""x"":360,""y"":54,""t"":1843},{""x"":317,""y"":43,""t"":1903},{""x"":286,""y"":35,""t"":1917},{""x"":315,""y"":41,""t"":1978},{""x"":406,""y"":68,""t"":2031},{""x"":497,""y"":91,""t"":2045},{""x"":561,""y"":117,""t"":2110},{""x"":619,""y"":134,""t"":2162},{""x"":668,""y"":148,""t"":2177},{""x"":706,""y"":172,""t"":2236},{""x"":736,""y"":191,""t"":2252},{""x"":783,""y"":200,""t"":2311},{""x"":802,""y"":247,""t"":2326},{""x"":831,""y"":314,""t"":2365},{""x"":860,""y"":352,""t"":2402},{""x"":864,""y"":376,""t"":2439},{""x"":867,""y"":397,""t"":2477},{""x"":877,""y"":408,""t"":2513},{""x"":882,""y"":414,""t"":2550},{""x"":870,""y"":423,""t"":2612},{""x"":849,""y"":423,""t"":2627},{""x"":854,""y"":434,""t"":2687},{""x"":776,""y"":436,""t"":2740},{""x"":709,""y"":435,""t"":2754},{""x"":631,""y"":436,""t"":2813},{""x"":574,""y"":430,""t"":2828},{""x"":544,""y"":427,""t"":2890},{""x"":520,""y"":433,""t"":2905},{""x"":492,""y"":412,""t"":2943},{""x"":475,""y"":398,""t"":2981},{""x"":454,""y"":386,""t"":3017},{""x"":461,""y"":366,""t"":3054},{""x"":541,""y"":370,""t"":3093},{""x"":629,""y"":365,""t"":3130},{""x"":697,""y"":346,""t"":3191},{""x"":762,""y"":327,""t"":3207},{""x"":802,""y"":317,""t"":3267},{""x"":821,""y"":330,""t"":3324},{""x"":854,""y"":329,""t"":3354},{""x"":866,""y"":342,""t"":3397},{""x"":906,""y"":358,""t"":3434},{""x"":917,""y"":379,""t"":3497},{""x"":923,""y"":397,""t"":3512},{""x"":912,""y"":384,""t"":3572},{""x"":911,""y"":377,""t"":3639},{""x"":912,""y"":384,""t"":3708},{""x"":892,""y"":387,""t"":3759},{""x"":875,""y"":390,""t"":3776},{""x"":855,""y"":325,""t"":3835},{""x"":867,""y"":280,""t"":3850},{""x"":885,""y"":242,""t"":3902},{""x"":893,""y"":197,""t"":3952},{""x"":872,""y"":163,""t"":4013},{""x"":749,""y"":146,""t"":4072},{""x"":669,""y"":126,""t"":4094},{""x"":585,""y"":100,""t"":4154},{""x"":516,""y"":81,""t"":4182},{""x"":451,""y"":66,""t"":4256},{""x"":388,""y"":55,""t"":4285},{""x"":346,""y"":64,""t"":4348},{""x"":317,""y"":75,""t"":4363},{""x"":284,""y"":77,""t"":4422},{""x"":276,""y"":82,""t"":4476},{""x"":274,""y"":87,""t"":4491},{""x"":302,""y"":82,""t"":4552},{""x"":329,""y"":78,""t"":4567},{""x"":458,""y"":83,""t"":4643},{""x"":531,""y"":97,""t"":4658},{""x"":613,""y"":107,""t"":4721},{""x"":677,""y"":121,""t"":4739},{""x"":719,""y"":132,""t"":4798},{""x"":765,""y"":148,""t"":4860},{""x"":808,""y"":149,""t"":4880},{""x"":826,""y"":153,""t"":4918},{""x"":819,""y"":158,""t"":4956},{""x"":820,""y"":163,""t"":4994},{""x"":821,""y"":172,""t"":5035},{""x"":816,""y"":169,""t"":5097},{""x"":809,""y"":165,""t"":5113},{""x"":797,""y"":161,""t"":5176},{""x"":800,""y"":162,""t"":5204},{""x"":803,""y"":172,""t"":5267},{""x"":805,""y"":179,""t"":5282},{""x"":742,""y"":198,""t"":5345},{""x"":688,""y"":214,""t"":5372},{""x"":657,""y"":234,""t"":5436},{""x"":651,""y"":257,""t"":5451},{""x"":625,""y"":268,""t"":5518},{""x"":627,""y"":286,""t"":5543},{""x"":634,""y"":281,""t"":5608},{""x"":625,""y"":278,""t"":5624},{""x"":606,""y"":291,""t"":5687},{""x"":609,""y"":293,""t"":5712},{""x"":624,""y"":300,""t"":5775},{""x"":656,""y"":300,""t"":5789}]",1,0.08645864817435957,0.9135413518256404,wa_b-last,0
147-attributes,0,69,exp_43,1.0,139.90000000596046,0.81,0.48,1.6999999999999995,7.9,higher_p,higher_m,0,1,attributes,1.0,True,1.3769999999999998,3.792,-2.415,-2.2283544163938904,0.5,0.5,0.6,0.4,0.0,0.0,higher_p,higher_p,False,"{""durations"":[1000,1500,1000,1500],""alternatives"":[""all"",""all"",""all"",""all""],""attributes"":[""m"",""p"",""m"",""p""]}","[{""x"":630,""y"":288,""t"":-17},{""x"":637,""y"":302,""t"":0},{""x"":633,""y"":318,""t"":76},{""x"":629,""y"":335,""t"":148},{""x"":625,""y"":349,""t"":171},{""x"":624,""y"":382,""t"":231},{""x"":629,""y"":403,""t"":245},{""x"":565,""y"":350,""t"":305},{""x"":524,""y"":312,""t"":321},{""x"":476,""y"":294,""t"":380},{""x"":437,""y"":279,""t"":409},{""x"":396,""y"":260,""t"":484},{""x"":357,""y"":244,""t"":511},{""x"":350,""y"":242,""t"":570},{""x"":347,""y"":241,""t"":585},{""x"":438,""y"":212,""t"":644},{""x"":503,""y"":181,""t"":659},{""x"":554,""y"":155,""t"":720},{""x"":624,""y"":144,""t"":786},{""x"":671,""y"":126,""t"":838},{""x"":708,""y"":111,""t"":853},{""x"":744,""y"":107,""t"":911},{""x"":772,""y"":105,""t"":928},{""x"":785,""y"":112,""t"":986},{""x"":799,""y"":113,""t"":1052},{""x"":809,""y"":115,""t"":1067},{""x"":805,""y"":155,""t"":1127},{""x"":811,""y"":208,""t"":1179},{""x"":814,""y"":252,""t"":1194},{""x"":802,""y"":304,""t"":1255},{""x"":790,""y"":347,""t"":1270},{""x"":807,""y"":370,""t"":1330},{""x"":826,""y"":397,""t"":1383},{""x"":841,""y"":417,""t"":1398},{""x"":873,""y"":422,""t"":1458},{""x"":883,""y"":412,""t"":1473},{""x"":851,""y"":415,""t"":1534},{""x"":844,""y"":411,""t"":1586},{""x"":841,""y"":408,""t"":1601},{""x"":757,""y"":399,""t"":1660},{""x"":685,""y"":390,""t"":1674},{""x"":611,""y"":370,""t"":1736},{""x"":550,""y"":353,""t"":1768},{""x"":504,""y"":345,""t"":1841},{""x"":465,""y"":348,""t"":1894},{""x"":456,""y"":350,""t"":1909},{""x"":416,""y"":344,""t"":1970},{""x"":386,""y"":339,""t"":1984},{""x"":377,""y"":346,""t"":2044},{""x"":351,""y"":355,""t"":2110},{""x"":353,""y"":348,""t"":2163},{""x"":359,""y"":342,""t"":2177},{""x"":471,""y"":345,""t"":2236},{""x"":568,""y"":348,""t"":2252},{""x"":656,""y"":332,""t"":2310},{""x"":728,""y"":317,""t"":2325},{""x"":778,""y"":324,""t"":2385},{""x"":815,""y"":333,""t"":2415},{""x"":785,""y"":337,""t"":2496},{""x"":756,""y"":340,""t"":2518},{""x"":722,""y"":342,""t"":2577},{""x"":691,""y"":344,""t"":2593},{""x"":623,""y"":365,""t"":2653},{""x"":568,""y"":388,""t"":2711},{""x"":510,""y"":404,""t"":2733},{""x"":498,""y"":406,""t"":2794},{""x"":490,""y"":406,""t"":2822},{""x"":451,""y"":363,""t"":2895},{""x"":430,""y"":324,""t"":2955},{""x"":426,""y"":282,""t"":2975},{""x"":414,""y"":230,""t"":3013},{""x"":407,""y"":188,""t"":3064},{""x"":400,""y"":171,""t"":3124},{""x"":399,""y"":157,""t"":3139},{""x"":509,""y"":116,""t"":3199},{""x"":585,""y"":100,""t"":3263},{""x"":649,""y"":88,""t"":3279},{""x"":717,""y"":78,""t"":3338},{""x"":773,""y"":71,""t"":3368},{""x"":813,""y"":70,""t"":3439},{""x"":840,""y"":75,""t"":3490},{""x"":859,""y"":82,""t"":3505},{""x"":878,""y"":80,""t"":3566},{""x"":891,""y"":80,""t"":3581},{""x"":891,""y"":87,""t"":3642},{""x"":873,""y"":95,""t"":3693},{""x"":880,""y"":96,""t"":3707},{""x"":876,""y"":158,""t"":3766},{""x"":870,""y"":211,""t"":3781},{""x"":846,""y"":279,""t"":3843},{""x"":838,""y"":324,""t"":3898},{""x"":831,""y"":361,""t"":3912},{""x"":771,""y"":391,""t"":3974},{""x"":740,""y"":407,""t"":3989},{""x"":646,""y"":422,""t"":4050},{""x"":567,""y"":432,""t"":4080},{""x"":493,""y"":433,""t"":4174},{""x"":427,""y"":427,""t"":4189},{""x"":368,""y"":403,""t"":4251},{""x"":328,""y"":391,""t"":4304},{""x"":298,""y"":381,""t"":4320},{""x"":263,""y"":383,""t"":4380},{""x"":252,""y"":379,""t"":4396},{""x"":274,""y"":360,""t"":4460},{""x"":297,""y"":343,""t"":4489},{""x"":331,""y"":368,""t"":4552},{""x"":362,""y"":389,""t"":4567},{""x"":475,""y"":378,""t"":4629},{""x"":580,""y"":369,""t"":4659},{""x"":663,""y"":364,""t"":4720},{""x"":731,""y"":360,""t"":4735},{""x"":780,""y"":358,""t"":4796},{""x"":811,""y"":384,""t"":4846},{""x"":834,""y"":406,""t"":4862},{""x"":860,""y"":410,""t"":4924},{""x"":879,""y"":406,""t"":4940},{""x"":909,""y"":407,""t"":5001},{""x"":902,""y"":391,""t"":5062},{""x"":893,""y"":378,""t"":5081},{""x"":904,""y"":371,""t"":5154},{""x"":911,""y"":366,""t"":5172},{""x"":911,""y"":370,""t"":5244},{""x"":910,""y"":373,""t"":5270},{""x"":864,""y"":371,""t"":5332},{""x"":827,""y"":378,""t"":5347},{""x"":768,""y"":370,""t"":5408},{""x"":717,""y"":351,""t"":5459},{""x"":686,""y"":337,""t"":5475},{""x"":661,""y"":320,""t"":5535},{""x"":670,""y"":306,""t"":5551},{""x"":671,""y"":296,""t"":5602},{""x"":647,""y"":281,""t"":5639},{""x"":628,""y"":269,""t"":5679}]",1,0.43575842311496904,0.5642415768850311,wa_b-last,0
147-attributes,1,70,exp_21,1.0,237.1000000089407,0.28,0.17,4.3,8.3,higher_p,higher_m,0,1,attributes,1.0,True,1.204,1.4110000000000005,-0.2070000000000003,0.0442583094249129,0.5,0.5,0.4,0.6,1.0,0.0,higher_m,higher_p,False,"{""durations"":[1500,1000,1500,1000],""alternatives"":[""all"",""all"",""all"",""all""],""attributes"":[""m"",""p"",""m"",""p""]}","[{""x"":569,""y"":442,""t"":-17},{""x"":571,""y"":439,""t"":0},{""x"":568,""y"":432,""t"":69},{""x"":583,""y"":422,""t"":104},{""x"":553,""y"":411,""t"":165},{""x"":527,""y"":402,""t"":180},{""x"":549,""y"":423,""t"":242},{""x"":569,""y"":441,""t"":272},{""x"":598,""y"":387,""t"":350},{""x"":622,""y"":341,""t"":375},{""x"":654,""y"":291,""t"":453},{""x"":691,""y"":271,""t"":477},{""x"":699,""y"":267,""t"":537},{""x"":697,""y"":254,""t"":553},{""x"":708,""y"":242,""t"":612},{""x"":627,""y"":212,""t"":685},{""x"":557,""y"":188,""t"":715},{""x"":488,""y"":172,""t"":783},{""x"":441,""y"":158,""t"":836},{""x"":390,""y"":166,""t"":850},{""x"":369,""y"":157,""t"":910},{""x"":324,""y"":139,""t"":924},{""x"":331,""y"":144,""t"":986},{""x"":425,""y"":164,""t"":1041},{""x"":507,""y"":183,""t"":1055},{""x"":561,""y"":183,""t"":1115},{""x"":626,""y"":181,""t"":1130},{""x"":675,""y"":171,""t"":1190},{""x"":714,""y"":163,""t"":1205},{""x"":727,""y"":179,""t"":1264},{""x"":790,""y"":188,""t"":1316},{""x"":819,""y"":193,""t"":1330},{""x"":835,""y"":198,""t"":1389},{""x"":845,""y"":201,""t"":1404},{""x"":827,""y"":175,""t"":1466},{""x"":823,""y"":189,""t"":1517},{""x"":869,""y"":226,""t"":1533},{""x"":873,""y"":247,""t"":1593},{""x"":842,""y"":264,""t"":1607},{""x"":802,""y"":296,""t"":1674},{""x"":774,""y"":336,""t"":1703},{""x"":778,""y"":347,""t"":1774},{""x"":765,""y"":396,""t"":1835},{""x"":774,""y"":431,""t"":1862},{""x"":782,""y"":472,""t"":1918},{""x"":809,""y"":503,""t"":1978},{""x"":679,""y"":521,""t"":2007},{""x"":596,""y"":526,""t"":2066},{""x"":518,""y"":527,""t"":2118},{""x"":454,""y"":514,""t"":2178},{""x"":415,""y"":495,""t"":2233},{""x"":386,""y"":477,""t"":2247},{""x"":335,""y"":474,""t"":2307},{""x"":295,""y"":467,""t"":2322},{""x"":286,""y"":459,""t"":2384},{""x"":397,""y"":466,""t"":2451},{""x"":478,""y"":466,""t"":2502},{""x"":558,""y"":472,""t"":2517},{""x"":640,""y"":459,""t"":2578},{""x"":695,""y"":469,""t"":2592},{""x"":743,""y"":464,""t"":2658},{""x"":788,""y"":484,""t"":2710},{""x"":809,""y"":497,""t"":2725},{""x"":792,""y"":495,""t"":2787},{""x"":774,""y"":492,""t"":2801},{""x"":694,""y"":430,""t"":2861},{""x"":611,""y"":372,""t"":2927},{""x"":533,""y"":333,""t"":2992},{""x"":487,""y"":282,""t"":3045},{""x"":439,""y"":222,""t"":3072},{""x"":380,""y"":184,""t"":3126},{""x"":350,""y"":159,""t"":3163},{""x"":375,""y"":156,""t"":3225},{""x"":395,""y"":141,""t"":3240},{""x"":504,""y"":148,""t"":3303},{""x"":587,""y"":175,""t"":3358},{""x"":634,""y"":186,""t"":3384},{""x"":683,""y"":193,""t"":3429},{""x"":726,""y"":180,""t"":3469},{""x"":741,""y"":184,""t"":3530},{""x"":757,""y"":203,""t"":3545},{""x"":788,""y"":202,""t"":3605},{""x"":790,""y"":208,""t"":3669},{""x"":810,""y"":222,""t"":3685},{""x"":819,""y"":239,""t"":3745},{""x"":823,""y"":247,""t"":3797},{""x"":823,""y"":254,""t"":3811},{""x"":814,""y"":248,""t"":3874},{""x"":818,""y"":265,""t"":3889},{""x"":770,""y"":293,""t"":3959},{""x"":722,""y"":334,""t"":3988},{""x"":681,""y"":336,""t"":4047},{""x"":644,""y"":353,""t"":4110},{""x"":641,""y"":380,""t"":4127},{""x"":584,""y"":353,""t"":4177},{""x"":565,""y"":358,""t"":4215},{""x"":528,""y"":344,""t"":4253},{""x"":523,""y"":344,""t"":4315},{""x"":528,""y"":361,""t"":4328},{""x"":543,""y"":367,""t"":4392},{""x"":542,""y"":350,""t"":4421},{""x"":509,""y"":338,""t"":4485},{""x"":491,""y"":327,""t"":4501},{""x"":492,""y"":327,""t"":4577},{""x"":495,""y"":327,""t"":4591},{""x"":503,""y"":321,""t"":4655},{""x"":511,""y"":316,""t"":4669},{""x"":522,""y"":328,""t"":4731},{""x"":529,""y"":335,""t"":4807},{""x"":535,""y"":340,""t"":4829},{""x"":558,""y"":321,""t"":4892},{""x"":577,""y"":305,""t"":4907},{""x"":569,""y"":290,""t"":4970},{""x"":562,""y"":278,""t"":4999},{""x"":565,""y"":300,""t"":5077},{""x"":567,""y"":316,""t"":5125},{""x"":568,""y"":329,""t"":5140},{""x"":597,""y"":339,""t"":5204},{""x"":589,""y"":333,""t"":5237},{""x"":598,""y"":329,""t"":5300},{""x"":606,""y"":324,""t"":5314},{""x"":619,""y"":333,""t"":5379},{""x"":630,""y"":340,""t"":5407},{""x"":637,""y"":331,""t"":5470},{""x"":651,""y"":330,""t"":5484},{""x"":658,""y"":327,""t"":5548},{""x"":687,""y"":343,""t"":5607},{""x"":689,""y"":367,""t"":5621},{""x"":688,""y"":375,""t"":5686},{""x"":699,""y"":385,""t"":5713},{""x"":658,""y"":384,""t"":5775},{""x"":623,""y"":382,""t"":5790}]",1,0.1900712666385888,0.8099287333614112,wa_b-last,0
147-attributes,1,73,exp_111,0.0,231.79999999701977,0.78,0.4,2.1,3.0,higher_p,higher_m,0,1,attributes,1.0,True,1.638,1.2000000000000002,0.4379999999999999,0.7081329507986127,0.5,0.5,0.4,0.6,1.0,1.0,higher_m,higher_m,True,"{""durations"":[1000,1500,1000,1500],""alternatives"":[""all"",""all"",""all"",""all""],""attributes"":[""p"",""m"",""p"",""m""]}","[{""x"":496,""y"":419,""t"":-16},{""x"":501,""y"":430,""t"":0},{""x"":494,""y"":442,""t"":78},{""x"":504,""y"":462,""t"":141},{""x"":494,""y"":475,""t"":171},{""x"":476,""y"":477,""t"":232},{""x"":461,""y"":476,""t"":248},{""x"":398,""y"":492,""t"":311},{""x"":383,""y"":499,""t"":363},{""x"":335,""y"":515,""t"":378},{""x"":305,""y"":555,""t"":439},{""x"":269,""y"":578,""t"":453},{""x"":279,""y"":586,""t"":511},{""x"":282,""y"":579,""t"":564},{""x"":286,""y"":571,""t"":578},{""x"":404,""y"":552,""t"":651},{""x"":455,""y"":549,""t"":701},{""x"":532,""y"":547,""t"":717},{""x"":605,""y"":553,""t"":777},{""x"":646,""y"":553,""t"":791},{""x"":684,""y"":558,""t"":850},{""x"":709,""y"":554,""t"":923},{""x"":624,""y"":550,""t"":975},{""x"":549,""y"":546,""t"":990},{""x"":481,""y"":523,""t"":1050},{""x"":435,""y"":519,""t"":1068},{""x"":373,""y"":512,""t"":1128},{""x"":337,""y"":528,""t"":1188},{""x"":309,""y"":543,""t"":1203},{""x"":264,""y"":503,""t"":1263},{""x"":282,""y"":436,""t"":1325},{""x"":296,""y"":378,""t"":1341},{""x"":320,""y"":333,""t"":1381},{""x"":320,""y"":295,""t"":1418},{""x"":390,""y"":271,""t"":1456},{""x"":509,""y"":254,""t"":1495},{""x"":600,""y"":235,""t"":1532},{""x"":670,""y"":217,""t"":1591},{""x"":727,""y"":204,""t"":1606},{""x"":777,""y"":199,""t"":1672},{""x"":806,""y"":228,""t"":1700},{""x"":837,""y"":220,""t"":1761},{""x"":859,""y"":212,""t"":1775},{""x"":877,""y"":221,""t"":1834},{""x"":898,""y"":237,""t"":1850},{""x"":905,""y"":253,""t"":1909},{""x"":782,""y"":253,""t"":1961},{""x"":675,""y"":254,""t"":1976},{""x"":578,""y"":253,""t"":2035},{""x"":497,""y"":252,""t"":2049},{""x"":462,""y"":250,""t"":2109},{""x"":401,""y"":265,""t"":2162},{""x"":358,""y"":260,""t"":2178},{""x"":292,""y"":248,""t"":2240},{""x"":268,""y"":240,""t"":2254},{""x"":265,""y"":241,""t"":2314},{""x"":306,""y"":271,""t"":2383},{""x"":328,""y"":311,""t"":2434},{""x"":350,""y"":344,""t"":2450},{""x"":394,""y"":389,""t"":2508},{""x"":433,""y"":425,""t"":2524},{""x"":524,""y"":458,""t"":2584},{""x"":561,""y"":525,""t"":2599},{""x"":618,""y"":546,""t"":2636},{""x"":641,""y"":566,""t"":2674},{""x"":655,""y"":582,""t"":2743},{""x"":682,""y"":587,""t"":2793},{""x"":705,""y"":592,""t"":2868},{""x"":722,""y"":597,""t"":2913},{""x"":726,""y"":600,""t"":2951},{""x"":727,""y"":596,""t"":2990},{""x"":702,""y"":580,""t"":3026},{""x"":680,""y"":570,""t"":3064},{""x"":683,""y"":488,""t"":3124},{""x"":690,""y"":443,""t"":3139},{""x"":579,""y"":384,""t"":3200},{""x"":492,""y"":393,""t"":3263},{""x"":422,""y"":400,""t"":3277},{""x"":346,""y"":426,""t"":3336},{""x"":298,""y"":437,""t"":3388},{""x"":261,""y"":450,""t"":3403},{""x"":270,""y"":446,""t"":3465},{""x"":285,""y"":438,""t"":3481},{""x"":347,""y"":430,""t"":3540},{""x"":398,""y"":439,""t"":3589},{""x"":435,""y"":439,""t"":3606},{""x"":492,""y"":426,""t"":3667},{""x"":539,""y"":415,""t"":3682},{""x"":566,""y"":421,""t"":3742},{""x"":606,""y"":416,""t"":3793},{""x"":646,""y"":397,""t"":3808},{""x"":663,""y"":428,""t"":3868},{""x"":675,""y"":455,""t"":3882},{""x"":675,""y"":457,""t"":3945},{""x"":685,""y"":456,""t"":3997},{""x"":693,""y"":455,""t"":4013},{""x"":681,""y"":448,""t"":4072},{""x"":654,""y"":444,""t"":4087},{""x"":675,""y"":462,""t"":4148},{""x"":692,""y"":480,""t"":4201},{""x"":654,""y"":501,""t"":4216},{""x"":659,""y"":482,""t"":4276},{""x"":652,""y"":463,""t"":4291},{""x"":637,""y"":446,""t"":4352},{""x"":636,""y"":445,""t"":4419},{""x"":609,""y"":455,""t"":4435},{""x"":592,""y"":447,""t"":4475},{""x"":607,""y"":445,""t"":4513},{""x"":616,""y"":437,""t"":4551},{""x"":600,""y"":436,""t"":4589},{""x"":618,""y"":442,""t"":4626},{""x"":643,""y"":440,""t"":4687},{""x"":665,""y"":438,""t"":4701},{""x"":672,""y"":433,""t"":4764},{""x"":693,""y"":429,""t"":4816},{""x"":711,""y"":427,""t"":4830},{""x"":680,""y"":430,""t"":4893},{""x"":675,""y"":428,""t"":4908},{""x"":666,""y"":448,""t"":4969},{""x"":663,""y"":417,""t"":5021},{""x"":646,""y"":411,""t"":5039},{""x"":641,""y"":425,""t"":5102},{""x"":626,""y"":422,""t"":5166},{""x"":614,""y"":419,""t"":5182},{""x"":624,""y"":434,""t"":5243},{""x"":606,""y"":447,""t"":5270},{""x"":625,""y"":452,""t"":5335},{""x"":639,""y"":458,""t"":5349},{""x"":652,""y"":456,""t"":5411},{""x"":647,""y"":441,""t"":5463},{""x"":643,""y"":427,""t"":5478},{""x"":622,""y"":432,""t"":5542},{""x"":617,""y"":422,""t"":5556},{""x"":607,""y"":428,""t"":5620},{""x"":588,""y"":427,""t"":5646},{""x"":560,""y"":430,""t"":5709},{""x"":532,""y"":412,""t"":5737},{""x"":513,""y"":431,""t"":5779}]",0,0.9837386492434943,0.016261350756505668,wa_b-last,0
147-attributes,1,74,exp_33,1.0,249.79999999701977,0.79,0.7,2.0,3.2,higher_p,higher_m,0,1,attributes,1.0,True,1.58,2.24,-0.6599999999999997,-0.4219978340514986,0.5,0.5,0.6,0.4,0.0,1.0,higher_p,higher_m,False,"{""durations"":[1500,1000,1500,1000],""alternatives"":[""all"",""all"",""all"",""all""],""attributes"":[""p"",""m"",""p"",""m""]}","[{""x"":521,""y"":356,""t"":-15},{""x"":516,""y"":362,""t"":0},{""x"":517,""y"":389,""t"":67},{""x"":540,""y"":380,""t"":83},{""x"":506,""y"":393,""t"":135},{""x"":513,""y"":398,""t"":196},{""x"":541,""y"":378,""t"":233},{""x"":480,""y"":405,""t"":270},{""x"":427,""y"":448,""t"":308},{""x"":394,""y"":488,""t"":367},{""x"":364,""y"":514,""t"":383},{""x"":325,""y"":531,""t"":442},{""x"":294,""y"":541,""t"":457},{""x"":261,""y"":546,""t"":516},{""x"":257,""y"":545,""t"":566},{""x"":260,""y"":550,""t"":581},{""x"":259,""y"":568,""t"":654},{""x"":246,""y"":587,""t"":681},{""x"":347,""y"":600,""t"":740},{""x"":437,""y"":595,""t"":755},{""x"":530,""y"":590,""t"":817},{""x"":607,""y"":586,""t"":869},{""x"":645,""y"":569,""t"":887},{""x"":700,""y"":559,""t"":957},{""x"":726,""y"":524,""t"":1015},{""x"":749,""y"":518,""t"":1041},{""x"":728,""y"":511,""t"":1088},{""x"":703,""y"":516,""t"":1125},{""x"":589,""y"":498,""t"":1185},{""x"":489,""y"":484,""t"":1200},{""x"":437,""y"":478,""t"":1259},{""x"":376,""y"":477,""t"":1319},{""x"":332,""y"":488,""t"":1345},{""x"":399,""y"":484,""t"":1387},{""x"":468,""y"":494,""t"":1426},{""x"":520,""y"":501,""t"":1464},{""x"":579,""y"":505,""t"":1524},{""x"":639,""y"":524,""t"":1540},{""x"":664,""y"":526,""t"":1599},{""x"":716,""y"":551,""t"":1652},{""x"":727,""y"":561,""t"":1666},{""x"":758,""y"":556,""t"":1724},{""x"":783,""y"":559,""t"":1739},{""x"":800,""y"":506,""t"":1798},{""x"":810,""y"":465,""t"":1812},{""x"":815,""y"":403,""t"":1872},{""x"":822,""y"":342,""t"":1926},{""x"":821,""y"":295,""t"":1940},{""x"":736,""y"":273,""t"":1999},{""x"":663,""y"":260,""t"":2014},{""x"":533,""y"":259,""t"":2075},{""x"":478,""y"":237,""t"":2126},{""x"":404,""y"":221,""t"":2143},{""x"":336,""y"":225,""t"":2203},{""x"":283,""y"":243,""t"":2217},{""x"":265,""y"":249,""t"":2279},{""x"":252,""y"":253,""t"":2343},{""x"":247,""y"":240,""t"":2361},{""x"":319,""y"":272,""t"":2422},{""x"":392,""y"":274,""t"":2450},{""x"":506,""y"":249,""t"":2524},{""x"":598,""y"":236,""t"":2551},{""x"":679,""y"":232,""t"":2628},{""x"":736,""y"":222,""t"":2653},{""x"":788,""y"":228,""t"":2713},{""x"":828,""y"":234,""t"":2728},{""x"":848,""y"":304,""t"":2789},{""x"":869,""y"":348,""t"":2850},{""x"":863,""y"":380,""t"":2870},{""x"":878,""y"":424,""t"":2931},{""x"":795,""y"":456,""t"":2980},{""x"":717,""y"":482,""t"":2996},{""x"":580,""y"":497,""t"":3056},{""x"":460,""y"":509,""t"":3071},{""x"":381,""y"":513,""t"":3131},{""x"":298,""y"":530,""t"":3183},{""x"":227,""y"":533,""t"":3197},{""x"":194,""y"":530,""t"":3256},{""x"":173,""y"":527,""t"":3271},{""x"":149,""y"":526,""t"":3330},{""x"":133,""y"":524,""t"":3344},{""x"":245,""y"":527,""t"":3405},{""x"":343,""y"":525,""t"":3435},{""x"":438,""y"":526,""t"":3498},{""x"":518,""y"":515,""t"":3512},{""x"":606,""y"":538,""t"":3572},{""x"":681,""y"":530,""t"":3638},{""x"":741,""y"":522,""t"":3652},{""x"":815,""y"":480,""t"":3711},{""x"":866,""y"":438,""t"":3740},{""x"":907,""y"":427,""t"":3815},{""x"":926,""y"":406,""t"":3842},{""x"":915,""y"":372,""t"":3919},{""x"":900,""y"":345,""t"":3946},{""x"":893,""y"":308,""t"":4008},{""x"":879,""y"":264,""t"":4023},{""x"":870,""y"":265,""t"":4084},{""x"":854,""y"":252,""t"":4150},{""x"":865,""y"":246,""t"":4205},{""x"":873,""y"":244,""t"":4220},{""x"":844,""y"":254,""t"":4280},{""x"":848,""y"":267,""t"":4295},{""x"":757,""y"":248,""t"":4357},{""x"":671,""y"":278,""t"":4386},{""x"":560,""y"":284,""t"":4447},{""x"":468,""y"":290,""t"":4463},{""x"":407,""y"":289,""t"":4523},{""x"":361,""y"":294,""t"":4575},{""x"":328,""y"":298,""t"":4591},{""x"":287,""y"":304,""t"":4650},{""x"":257,""y"":310,""t"":4664},{""x"":359,""y"":292,""t"":4724},{""x"":451,""y"":277,""t"":4739},{""x"":550,""y"":258,""t"":4801},{""x"":634,""y"":243,""t"":4828},{""x"":712,""y"":243,""t"":4890},{""x"":762,""y"":243,""t"":4905},{""x"":791,""y"":233,""t"":4965},{""x"":843,""y"":232,""t"":5019},{""x"":884,""y"":231,""t"":5046},{""x"":925,""y"":249,""t"":5111},{""x"":943,""y"":265,""t"":5135},{""x"":956,""y"":255,""t"":5194},{""x"":964,""y"":246,""t"":5210},{""x"":910,""y"":279,""t"":5270},{""x"":861,""y"":304,""t"":5321},{""x"":817,""y"":324,""t"":5339},{""x"":766,""y"":334,""t"":5398},{""x"":722,""y"":342,""t"":5413},{""x"":705,""y"":361,""t"":5472},{""x"":701,""y"":390,""t"":5487},{""x"":703,""y"":409,""t"":5510},{""x"":670,""y"":413,""t"":5593},{""x"":643,""y"":415,""t"":5611},{""x"":637,""y"":420,""t"":5673},{""x"":633,""y"":439,""t"":5687},{""x"":627,""y"":437,""t"":5751},{""x"":623,""y"":423,""t"":5801}]",1,0.443911100804491,0.556088899195509,wa_b-last,0
147-attributes,1,76,exp_119,0.0,260.19999998807907,0.49,0.22,4.2,7.9,higher_p,higher_m,0,1,attributes,1.0,True,2.058,1.738,0.3199999999999998,0.5866799156325715,0.5,0.5,0.4,0.6,1.0,1.0,higher_m,higher_m,True,"{""durations"":[1000,1500,1000,1500],""alternatives"":[""all"",""all"",""all"",""all""],""attributes"":[""p"",""m"",""p"",""m""]}","[{""x"":475,""y"":423,""t"":-16},{""x"":466,""y"":431,""t"":0},{""x"":451,""y"":432,""t"":63},{""x"":451,""y"":430,""t"":79},{""x"":453,""y"":440,""t"":151},{""x"":479,""y"":431,""t"":187},{""x"":497,""y"":413,""t"":225},{""x"":502,""y"":418,""t"":262},{""x"":497,""y"":426,""t"":301},{""x"":446,""y"":445,""t"":337},{""x"":388,""y"":448,""t"":375},{""x"":361,""y"":453,""t"":434},{""x"":329,""y"":476,""t"":449},{""x"":293,""y"":499,""t"":509},{""x"":243,""y"":513,""t"":524},{""x"":237,""y"":506,""t"":585},{""x"":235,""y"":499,""t"":612},{""x"":348,""y"":522,""t"":694},{""x"":441,""y"":529,""t"":714},{""x"":532,""y"":525,""t"":773},{""x"":614,""y"":519,""t"":787},{""x"":709,""y"":527,""t"":846},{""x"":785,""y"":532,""t"":860},{""x"":844,""y"":527,""t"":921},{""x"":864,""y"":533,""t"":973},{""x"":868,""y"":518,""t"":988},{""x"":853,""y"":532,""t"":1048},{""x"":845,""y"":546,""t"":1063},{""x"":815,""y"":551,""t"":1123},{""x"":808,""y"":564,""t"":1182},{""x"":800,""y"":575,""t"":1203},{""x"":813,""y"":545,""t"":1262},{""x"":797,""y"":480,""t"":1313},{""x"":796,""y"":413,""t"":1328},{""x"":809,""y"":359,""t"":1390},{""x"":839,""y"":330,""t"":1404},{""x"":824,""y"":301,""t"":1464},{""x"":779,""y"":280,""t"":1531},{""x"":648,""y"":252,""t"":1582},{""x"":547,""y"":220,""t"":1599},{""x"":447,""y"":202,""t"":1658},{""x"":363,""y"":168,""t"":1673},{""x"":332,""y"":161,""t"":1732},{""x"":312,""y"":158,""t"":1748},{""x"":319,""y"":148,""t"":1807},{""x"":309,""y"":144,""t"":1837},{""x"":309,""y"":150,""t"":1897},{""x"":293,""y"":155,""t"":1913},{""x"":275,""y"":138,""t"":1971},{""x"":262,""y"":124,""t"":1985},{""x"":281,""y"":120,""t"":2045},{""x"":401,""y"":143,""t"":2121},{""x"":505,""y"":163,""t"":2143},{""x"":556,""y"":202,""t"":2202},{""x"":636,""y"":225,""t"":2217},{""x"":701,""y"":239,""t"":2277},{""x"":718,""y"":247,""t"":2292},{""x"":749,""y"":264,""t"":2350},{""x"":672,""y"":310,""t"":2408},{""x"":603,""y"":354,""t"":2436},{""x"":553,""y"":391,""t"":2482},{""x"":513,""y"":429,""t"":2543},{""x"":458,""y"":448,""t"":2560},{""x"":440,""y"":472,""t"":2620},{""x"":386,""y"":470,""t"":2678},{""x"":340,""y"":473,""t"":2700},{""x"":299,""y"":498,""t"":2761},{""x"":268,""y"":517,""t"":2788},{""x"":269,""y"":492,""t"":2860},{""x"":255,""y"":483,""t"":2912},{""x"":275,""y"":493,""t"":2928},{""x"":283,""y"":482,""t"":2988},{""x"":296,""y"":481,""t"":3002},{""x"":309,""y"":485,""t"":3065},{""x"":311,""y"":487,""t"":3114},{""x"":327,""y"":474,""t"":3129},{""x"":327,""y"":468,""t"":3189},{""x"":322,""y"":464,""t"":3204},{""x"":325,""y"":486,""t"":3266},{""x"":402,""y"":491,""t"":3320},{""x"":467,""y"":495,""t"":3335},{""x"":534,""y"":488,""t"":3401},{""x"":589,""y"":481,""t"":3434},{""x"":634,""y"":491,""t"":3495},{""x"":676,""y"":495,""t"":3510},{""x"":724,""y"":491,""t"":3572},{""x"":754,""y"":491,""t"":3625},{""x"":775,""y"":491,""t"":3639},{""x"":814,""y"":504,""t"":3707},{""x"":860,""y"":424,""t"":3771},{""x"":848,""y"":385,""t"":3815},{""x"":823,""y"":327,""t"":3886},{""x"":804,""y"":296,""t"":3912},{""x"":790,""y"":262,""t"":3975},{""x"":776,""y"":236,""t"":3990},{""x"":796,""y"":228,""t"":4052},{""x"":708,""y"":221,""t"":4104},{""x"":624,""y"":210,""t"":4129},{""x"":537,""y"":196,""t"":4171},{""x"":454,""y"":182,""t"":4209},{""x"":395,""y"":185,""t"":4246},{""x"":328,""y"":177,""t"":4284},{""x"":300,""y"":174,""t"":4321},{""x"":263,""y"":176,""t"":4381},{""x"":235,""y"":167,""t"":4396},{""x"":341,""y"":185,""t"":4460},{""x"":424,""y"":191,""t"":4511},{""x"":497,""y"":197,""t"":4525},{""x"":571,""y"":214,""t"":4587},{""x"":634,""y"":229,""t"":4602},{""x"":708,""y"":230,""t"":4663},{""x"":721,""y"":226,""t"":4714},{""x"":740,""y"":225,""t"":4729},{""x"":754,""y"":218,""t"":4793},{""x"":783,""y"":216,""t"":4807},{""x"":769,""y"":235,""t"":4868},{""x"":773,""y"":256,""t"":4923},{""x"":758,""y"":279,""t"":4949},{""x"":776,""y"":295,""t"":4987},{""x"":784,""y"":299,""t"":5028},{""x"":764,""y"":312,""t"":5065},{""x"":735,""y"":309,""t"":5103},{""x"":737,""y"":310,""t"":5166},{""x"":718,""y"":312,""t"":5180},{""x"":740,""y"":300,""t"":5242},{""x"":713,""y"":315,""t"":5293},{""x"":696,""y"":341,""t"":5308},{""x"":650,""y"":376,""t"":5372},{""x"":602,""y"":405,""t"":5386},{""x"":606,""y"":404,""t"":5426},{""x"":590,""y"":437,""t"":5466},{""x"":606,""y"":471,""t"":5505},{""x"":621,""y"":499,""t"":5544},{""x"":613,""y"":503,""t"":5608},{""x"":597,""y"":498,""t"":5622},{""x"":605,""y"":495,""t"":5685},{""x"":604,""y"":530,""t"":5745},{""x"":572,""y"":456,""t"":5774},{""x"":558,""y"":409,""t"":5819}]",1,0.536441520619533,0.4635584793804669,wa_b-last,0
147-attributes,1,80,exp_81,1.0,275.59999999403954,0.61,0.29,2.2,8.1,higher_p,higher_m,0,1,attributes,1.0,True,1.342,2.349,-1.0069999999999997,-0.7791520984804501,0.5,0.5,0.6,0.4,0.0,1.0,higher_p,higher_m,False,"{""durations"":[1500,1000,1500,1000],""alternatives"":[""all"",""all"",""all"",""all""],""attributes"":[""p"",""m"",""p"",""m""]}","[{""x"":494,""y"":468,""t"":-47},{""x"":497,""y"":479,""t"":0},{""x"":509,""y"":475,""t"":76},{""x"":508,""y"":487,""t"":114},{""x"":499,""y"":479,""t"":175},{""x"":481,""y"":463,""t"":206},{""x"":475,""y"":449,""t"":266},{""x"":500,""y"":446,""t"":281},{""x"":476,""y"":451,""t"":340},{""x"":436,""y"":448,""t"":355},{""x"":377,""y"":455,""t"":414},{""x"":328,""y"":467,""t"":464},{""x"":309,""y"":518,""t"":481},{""x"":317,""y"":509,""t"":530},{""x"":300,""y"":521,""t"":566},{""x"":364,""y"":548,""t"":604},{""x"":482,""y"":575,""t"":641},{""x"":589,""y"":576,""t"":678},{""x"":659,""y"":585,""t"":715},{""x"":674,""y"":579,""t"":775},{""x"":701,""y"":584,""t"":789},{""x"":737,""y"":578,""t"":850},{""x"":775,""y"":564,""t"":865},{""x"":766,""y"":581,""t"":924},{""x"":747,""y"":575,""t"":975},{""x"":729,""y"":588,""t"":990},{""x"":715,""y"":609,""t"":1048},{""x"":731,""y"":612,""t"":1063},{""x"":730,""y"":601,""t"":1124},{""x"":629,""y"":538,""t"":1183},{""x"":535,""y"":512,""t"":1210},{""x"":456,""y"":503,""t"":1254},{""x"":377,""y"":491,""t"":1294},{""x"":313,""y"":477,""t"":1354},{""x"":262,""y"":467,""t"":1369},{""x"":229,""y"":471,""t"":1430},{""x"":226,""y"":480,""t"":1495},{""x"":203,""y"":480,""t"":1510},{""x"":214,""y"":467,""t"":1572},{""x"":227,""y"":456,""t"":1599},{""x"":243,""y"":441,""t"":1660},{""x"":234,""y"":446,""t"":1675},{""x"":254,""y"":427,""t"":1734},{""x"":295,""y"":416,""t"":1785},{""x"":330,""y"":408,""t"":1803},{""x"":336,""y"":396,""t"":1863},{""x"":330,""y"":397,""t"":1877},{""x"":309,""y"":376,""t"":1937},{""x"":281,""y"":358,""t"":1955},{""x"":275,""y"":331,""t"":2004},{""x"":270,""y"":310,""t"":2042},{""x"":250,""y"":322,""t"":2106},{""x"":241,""y"":345,""t"":2120},{""x"":306,""y"":310,""t"":2180},{""x"":348,""y"":267,""t"":2210},{""x"":456,""y"":269,""t"":2288},{""x"":546,""y"":272,""t"":2313},{""x"":643,""y"":265,""t"":2373},{""x"":712,""y"":269,""t"":2387},{""x"":775,""y"":253,""t"":2448},{""x"":824,""y"":240,""t"":2463},{""x"":844,""y"":233,""t"":2522},{""x"":838,""y"":228,""t"":2551},{""x"":837,""y"":220,""t"":2611},{""x"":824,""y"":201,""t"":2626},{""x"":824,""y"":186,""t"":2686},{""x"":853,""y"":182,""t"":2739},{""x"":835,""y"":170,""t"":2755},{""x"":817,""y"":269,""t"":2815},{""x"":809,""y"":347,""t"":2831},{""x"":819,""y"":427,""t"":2890},{""x"":839,""y"":503,""t"":2904},{""x"":832,""y"":531,""t"":2964},{""x"":832,""y"":565,""t"":2994},{""x"":797,""y"":572,""t"":3055},{""x"":766,""y"":570,""t"":3070},{""x"":751,""y"":599,""t"":3131},{""x"":727,""y"":606,""t"":3184},{""x"":708,""y"":610,""t"":3199},{""x"":580,""y"":596,""t"":3262},{""x"":473,""y"":581,""t"":3277},{""x"":393,""y"":562,""t"":3340},{""x"":330,""y"":545,""t"":3366},{""x"":286,""y"":534,""t"":3447},{""x"":254,""y"":525,""t"":3468},{""x"":221,""y"":517,""t"":3528},{""x"":198,""y"":510,""t"":3542},{""x"":208,""y"":503,""t"":3603},{""x"":195,""y"":500,""t"":3617},{""x"":195,""y"":521,""t"":3676},{""x"":184,""y"":527,""t"":3736},{""x"":174,""y"":542,""t"":3765},{""x"":174,""y"":547,""t"":3809},{""x"":301,""y"":551,""t"":3870},{""x"":409,""y"":512,""t"":3884},{""x"":544,""y"":507,""t"":3948},{""x"":650,""y"":509,""t"":3978},{""x"":727,""y"":491,""t"":4039},{""x"":764,""y"":495,""t"":4059},{""x"":809,""y"":497,""t"":4103},{""x"":837,""y"":513,""t"":4141},{""x"":837,""y"":529,""t"":4178},{""x"":842,""y"":540,""t"":4215},{""x"":867,""y"":543,""t"":4253},{""x"":861,""y"":538,""t"":4317},{""x"":852,""y"":533,""t"":4332},{""x"":861,""y"":496,""t"":4393},{""x"":867,""y"":465,""t"":4421},{""x"":849,""y"":426,""t"":4480},{""x"":832,""y"":394,""t"":4495},{""x"":827,""y"":345,""t"":4556},{""x"":814,""y"":330,""t"":4608},{""x"":802,""y"":320,""t"":4625},{""x"":820,""y"":296,""t"":4684},{""x"":835,""y"":277,""t"":4699},{""x"":769,""y"":276,""t"":4760},{""x"":712,""y"":277,""t"":4774},{""x"":619,""y"":305,""t"":4839},{""x"":533,""y"":305,""t"":4867},{""x"":469,""y"":330,""t"":4928},{""x"":412,""y"":347,""t"":4967},{""x"":379,""y"":340,""t"":5027},{""x"":336,""y"":334,""t"":5041},{""x"":290,""y"":333,""t"":5105},{""x"":251,""y"":336,""t"":5154},{""x"":222,""y"":339,""t"":5169},{""x"":230,""y"":340,""t"":5237},{""x"":229,""y"":364,""t"":5299},{""x"":250,""y"":385,""t"":5318},{""x"":288,""y"":412,""t"":5382},{""x"":322,""y"":435,""t"":5407},{""x"":369,""y"":448,""t"":5473},{""x"":396,""y"":460,""t"":5488},{""x"":423,""y"":467,""t"":5552},{""x"":431,""y"":487,""t"":5577},{""x"":447,""y"":503,""t"":5633},{""x"":464,""y"":435,""t"":5672},{""x"":490,""y"":371,""t"":5712},{""x"":599,""y"":306,""t"":5776},{""x"":690,""y"":252,""t"":5790}]",1,0.259552510229022,0.7404474897709781,wa_b-last,0
147-attributes,1,81,exp_13,0.0,30.799999997019768,0.7,0.29,1.7999999999999998,5.0,higher_p,higher_m,0,1,attributes,1.0,True,1.2599999999999998,1.45,-0.1900000000000001,0.061755780592902,0.5,0.5,0.4,0.6,1.0,0.0,higher_m,higher_p,True,"{""durations"":[1500,1000,1500,1000],""alternatives"":[""all"",""all"",""all"",""all""],""attributes"":[""m"",""p"",""m"",""p""]}","[{""x"":455,""y"":494,""t"":-15},{""x"":449,""y"":504,""t"":0},{""x"":445,""y"":500,""t"":66},{""x"":429,""y"":523,""t"":84},{""x"":428,""y"":520,""t"":140},{""x"":450,""y"":502,""t"":203},{""x"":478,""y"":485,""t"":241},{""x"":436,""y"":455,""t"":302},{""x"":365,""y"":448,""t"":317},{""x"":361,""y"":418,""t"":378},{""x"":332,""y"":399,""t"":445},{""x"":290,""y"":381,""t"":515},{""x"":293,""y"":369,""t"":569},{""x"":289,""y"":360,""t"":583},{""x"":333,""y"":352,""t"":644},{""x"":372,""y"":347,""t"":658},{""x"":481,""y"":334,""t"":717},{""x"":550,""y"":346,""t"":772},{""x"":650,""y"":323,""t"":786},{""x"":704,""y"":308,""t"":846},{""x"":758,""y"":284,""t"":863},{""x"":774,""y"":279,""t"":922},{""x"":804,""y"":293,""t"":974},{""x"":795,""y"":293,""t"":991},{""x"":797,""y"":283,""t"":1041},{""x"":817,""y"":258,""t"":1077},{""x"":813,""y"":263,""t"":1115},{""x"":822,""y"":253,""t"":1153},{""x"":812,""y"":268,""t"":1189},{""x"":808,""y"":283,""t"":1227},{""x"":794,""y"":299,""t"":1287},{""x"":787,""y"":291,""t"":1301},{""x"":773,""y"":279,""t"":1362},{""x"":788,""y"":271,""t"":1422},{""x"":789,""y"":264,""t"":1443},{""x"":672,""y"":291,""t"":1503},{""x"":545,""y"":296,""t"":1531},{""x"":475,""y"":310,""t"":1593},{""x"":397,""y"":314,""t"":1607},{""x"":336,""y"":341,""t"":1669},{""x"":282,""y"":365,""t"":1723},{""x"":244,""y"":377,""t"":1738},{""x"":295,""y"":400,""t"":1809},{""x"":300,""y"":425,""t"":1837},{""x"":328,""y"":444,""t"":1899},{""x"":352,""y"":462,""t"":1944},{""x"":439,""y"":507,""t"":2003},{""x"":491,""y"":540,""t"":2016},{""x"":550,""y"":554,""t"":2079},{""x"":614,""y"":567,""t"":2139},{""x"":667,""y"":576,""t"":2154},{""x"":720,""y"":574,""t"":2214},{""x"":742,""y"":592,""t"":2282},{""x"":757,""y"":606,""t"":2313},{""x"":790,""y"":612,""t"":2385},{""x"":798,""y"":628,""t"":2445},{""x"":805,""y"":629,""t"":2464},{""x"":677,""y"":603,""t"":2502},{""x"":591,""y"":552,""t"":2540},{""x"":517,""y"":547,""t"":2579},{""x"":455,""y"":542,""t"":2617},{""x"":390,""y"":522,""t"":2654},{""x"":367,""y"":503,""t"":2716},{""x"":325,""y"":508,""t"":2730},{""x"":279,""y"":501,""t"":2791},{""x"":263,""y"":512,""t"":2843},{""x"":252,""y"":522,""t"":2857},{""x"":260,""y"":530,""t"":2917},{""x"":270,""y"":537,""t"":2931},{""x"":255,""y"":499,""t"":2992},{""x"":247,""y"":464,""t"":3007},{""x"":242,""y"":443,""t"":3069},{""x"":245,""y"":423,""t"":3095},{""x"":254,""y"":402,""t"":3155},{""x"":262,""y"":385,""t"":3169},{""x"":266,""y"":365,""t"":3230},{""x"":273,""y"":365,""t"":3245},{""x"":298,""y"":342,""t"":3309},{""x"":320,""y"":325,""t"":3334},{""x"":459,""y"":301,""t"":3395},{""x"":561,""y"":292,""t"":3410},{""x"":651,""y"":307,""t"":3471},{""x"":757,""y"":307,""t"":3524},{""x"":831,""y"":307,""t"":3538},{""x"":867,""y"":282,""t"":3598},{""x"":892,""y"":261,""t"":3613},{""x"":904,""y"":292,""t"":3677},{""x"":940,""y"":269,""t"":3728},{""x"":968,""y"":273,""t"":3743},{""x"":952,""y"":288,""t"":3804},{""x"":943,""y"":297,""t"":3820},{""x"":949,""y"":307,""t"":3881},{""x"":890,""y"":325,""t"":3939},{""x"":861,""y"":326,""t"":3963},{""x"":837,""y"":323,""t"":4004},{""x"":831,""y"":329,""t"":4042},{""x"":837,""y"":316,""t"":4081},{""x"":797,""y"":387,""t"":4145},{""x"":787,""y"":466,""t"":4159},{""x"":771,""y"":513,""t"":4220},{""x"":736,""y"":551,""t"":4271},{""x"":708,""y"":581,""t"":4286},{""x"":694,""y"":592,""t"":4348},{""x"":684,""y"":598,""t"":4362},{""x"":690,""y"":610,""t"":4423},{""x"":673,""y"":613,""t"":4485},{""x"":670,""y"":617,""t"":4507},{""x"":663,""y"":636,""t"":4544},{""x"":671,""y"":624,""t"":4581},{""x"":585,""y"":606,""t"":4619},{""x"":522,""y"":586,""t"":4657},{""x"":464,""y"":572,""t"":4695},{""x"":380,""y"":560,""t"":4759},{""x"":330,""y"":559,""t"":4773},{""x"":290,""y"":552,""t"":4836},{""x"":260,""y"":547,""t"":4862},{""x"":256,""y"":558,""t"":4935},{""x"":242,""y"":536,""t"":4985},{""x"":234,""y"":517,""t"":5000},{""x"":219,""y"":517,""t"":5061},{""x"":210,""y"":518,""t"":5075},{""x"":194,""y"":520,""t"":5148},{""x"":182,""y"":521,""t"":5178},{""x"":215,""y"":504,""t"":5247},{""x"":245,""y"":484,""t"":5272},{""x"":286,""y"":462,""t"":5337},{""x"":319,""y"":447,""t"":5351},{""x"":335,""y"":435,""t"":5411},{""x"":345,""y"":436,""t"":5441},{""x"":386,""y"":417,""t"":5517},{""x"":414,""y"":393,""t"":5543},{""x"":424,""y"":396,""t"":5604},{""x"":415,""y"":394,""t"":5618}]",0,0.9692174503397827,0.030782549660217366,wa_b-last,0
147-attributes,1,83,exp_95,0.0,227.0,0.5,0.38,3.0,4.0,higher_p,higher_m,0,1,attributes,1.0,True,1.5,1.52,-0.02,0.2367304922727919,0.5,0.5,0.4,0.6,1.0,1.0,higher_m,higher_m,True,"{""durations"":[1000,1500,1000,1500],""alternatives"":[""all"",""all"",""all"",""all""],""attributes"":[""p"",""m"",""p"",""m""]}","[{""x"":494,""y"":425,""t"":-16},{""x"":492,""y"":415,""t"":0},{""x"":487,""y"":441,""t"":69},{""x"":489,""y"":428,""t"":138},{""x"":495,""y"":432,""t"":172},{""x"":504,""y"":438,""t"":232},{""x"":504,""y"":440,""t"":249},{""x"":432,""y"":466,""t"":310},{""x"":405,""y"":447,""t"":361},{""x"":367,""y"":457,""t"":377},{""x"":348,""y"":465,""t"":439},{""x"":334,""y"":472,""t"":455},{""x"":337,""y"":469,""t"":517},{""x"":341,""y"":466,""t"":545},{""x"":451,""y"":470,""t"":622},{""x"":517,""y"":457,""t"":647},{""x"":593,""y"":461,""t"":707},{""x"":656,""y"":464,""t"":722},{""x"":716,""y"":460,""t"":785},{""x"":756,""y"":458,""t"":837},{""x"":786,""y"":456,""t"":852},{""x"":821,""y"":459,""t"":915},{""x"":840,""y"":457,""t"":934},{""x"":832,""y"":474,""t"":976},{""x"":824,""y"":486,""t"":1015},{""x"":848,""y"":504,""t"":1054},{""x"":768,""y"":517,""t"":1115},{""x"":733,""y"":508,""t"":1130},{""x"":646,""y"":488,""t"":1193},{""x"":558,""y"":470,""t"":1247},{""x"":485,""y"":455,""t"":1262},{""x"":446,""y"":451,""t"":1321},{""x"":417,""y"":449,""t"":1337},{""x"":451,""y"":397,""t"":1396},{""x"":528,""y"":408,""t"":1458},{""x"":592,""y"":383,""t"":1478},{""x"":646,""y"":352,""t"":1517},{""x"":691,""y"":326,""t"":1556},{""x"":761,""y"":325,""t"":1597},{""x"":762,""y"":320,""t"":1637},{""x"":708,""y"":316,""t"":1698},{""x"":607,""y"":294,""t"":1714},{""x"":521,""y"":281,""t"":1755},{""x"":433,""y"":275,""t"":1793},{""x"":382,""y"":282,""t"":1832},{""x"":322,""y"":286,""t"":1870},{""x"":330,""y"":289,""t"":1930},{""x"":348,""y"":291,""t"":1947},{""x"":330,""y"":283,""t"":2009},{""x"":314,""y"":284,""t"":2078},{""x"":317,""y"":291,""t"":2131},{""x"":330,""y"":283,""t"":2147},{""x"":426,""y"":289,""t"":2209},{""x"":530,""y"":303,""t"":2224},{""x"":617,""y"":296,""t"":2264},{""x"":705,""y"":283,""t"":2302},{""x"":765,""y"":279,""t"":2342},{""x"":789,""y"":285,""t"":2379},{""x"":776,""y"":297,""t"":2417},{""x"":663,""y"":302,""t"":2477},{""x"":569,""y"":299,""t"":2493},{""x"":489,""y"":304,""t"":2553},{""x"":421,""y"":309,""t"":2584},{""x"":456,""y"":355,""t"":2645},{""x"":512,""y"":401,""t"":2660},{""x"":560,""y"":458,""t"":2722},{""x"":602,""y"":501,""t"":2755},{""x"":657,""y"":550,""t"":2815},{""x"":697,""y"":600,""t"":2830},{""x"":724,""y"":635,""t"":2892},{""x"":759,""y"":656,""t"":2943},{""x"":786,""y"":670,""t"":2960},{""x"":673,""y"":655,""t"":3020},{""x"":590,""y"":638,""t"":3034},{""x"":501,""y"":622,""t"":3098},{""x"":426,""y"":616,""t"":3150},{""x"":360,""y"":605,""t"":3165},{""x"":310,""y"":625,""t"":3224},{""x"":271,""y"":641,""t"":3238},{""x"":250,""y"":621,""t"":3300},{""x"":245,""y"":588,""t"":3350},{""x"":237,""y"":542,""t"":3372},{""x"":226,""y"":515,""t"":3443},{""x"":199,""y"":513,""t"":3469},{""x"":194,""y"":531,""t"":3529},{""x"":194,""y"":547,""t"":3543},{""x"":195,""y"":538,""t"":3613},{""x"":200,""y"":534,""t"":3638},{""x"":254,""y"":500,""t"":3698},{""x"":295,""y"":469,""t"":3714},{""x"":333,""y"":446,""t"":3776},{""x"":330,""y"":404,""t"":3827},{""x"":303,""y"":385,""t"":3842},{""x"":292,""y"":354,""t"":3904},{""x"":283,""y"":330,""t"":3919},{""x"":267,""y"":313,""t"":3981},{""x"":253,""y"":324,""t"":4012},{""x"":277,""y"":307,""t"":4088},{""x"":298,""y"":293,""t"":4115},{""x"":319,""y"":292,""t"":4176},{""x"":331,""y"":307,""t"":4191},{""x"":348,""y"":313,""t"":4248},{""x"":362,""y"":319,""t"":4263},{""x"":369,""y"":324,""t"":4323},{""x"":361,""y"":343,""t"":4352},{""x"":349,""y"":355,""t"":4426},{""x"":362,""y"":360,""t"":4455},{""x"":383,""y"":363,""t"":4515},{""x"":400,""y"":366,""t"":4530},{""x"":482,""y"":364,""t"":4590},{""x"":569,""y"":357,""t"":4643},{""x"":641,""y"":351,""t"":4659},{""x"":691,""y"":368,""t"":4721},{""x"":729,""y"":383,""t"":4735},{""x"":738,""y"":374,""t"":4798},{""x"":754,""y"":359,""t"":4868},{""x"":798,""y"":341,""t"":4897},{""x"":743,""y"":326,""t"":4977},{""x"":658,""y"":355,""t"":4999},{""x"":585,""y"":356,""t"":5061},{""x"":485,""y"":368,""t"":5084},{""x"":418,""y"":363,""t"":5133},{""x"":363,""y"":359,""t"":5172},{""x"":311,""y"":368,""t"":5232},{""x"":271,""y"":375,""t"":5248},{""x"":257,""y"":368,""t"":5310},{""x"":248,""y"":362,""t"":5339},{""x"":273,""y"":371,""t"":5399},{""x"":297,""y"":379,""t"":5415},{""x"":301,""y"":394,""t"":5478},{""x"":329,""y"":403,""t"":5542},{""x"":339,""y"":417,""t"":5560},{""x"":348,""y"":406,""t"":5599},{""x"":345,""y"":395,""t"":5641},{""x"":339,""y"":401,""t"":5678},{""x"":346,""y"":407,""t"":5740},{""x"":356,""y"":417,""t"":5755},{""x"":362,""y"":416,""t"":5816}]",0,0.5909802991971858,0.40901970080281425,wa_b-last,0
147-attributes,1,86,exp_61,0.0,891.8000000119209,0.41,0.21,1.7999999999999998,6.2,higher_p,higher_m,0,1,attributes,1.0,True,0.7379999999999999,1.302,-0.5640000000000002,-0.3231885851028555,0.5,0.5,0.4,0.6,1.0,0.0,higher_m,higher_p,True,"{""durations"":[1500,1000,1500,1000],""alternatives"":[""all"",""all"",""all"",""all""],""attributes"":[""m"",""p"",""m"",""p""]}","[{""x"":443,""y"":419,""t"":-23},{""x"":457,""y"":436,""t"":0},{""x"":462,""y"":453,""t"":73},{""x"":441,""y"":472,""t"":140},{""x"":422,""y"":487,""t"":171},{""x"":436,""y"":474,""t"":231},{""x"":443,""y"":469,""t"":247},{""x"":430,""y"":447,""t"":305},{""x"":419,""y"":428,""t"":320},{""x"":350,""y"":392,""t"":379},{""x"":342,""y"":375,""t"":430},{""x"":337,""y"":362,""t"":444},{""x"":303,""y"":370,""t"":503},{""x"":292,""y"":363,""t"":518},{""x"":268,""y"":367,""t"":578},{""x"":250,""y"":372,""t"":593},{""x"":289,""y"":357,""t"":652},{""x"":410,""y"":340,""t"":708},{""x"":506,""y"":325,""t"":731},{""x"":606,""y"":306,""t"":768},{""x"":670,""y"":284,""t"":805},{""x"":722,""y"":273,""t"":857},{""x"":751,""y"":259,""t"":916},{""x"":770,""y"":249,""t"":931},{""x"":793,""y"":234,""t"":991},{""x"":792,""y"":215,""t"":1042},{""x"":787,""y"":201,""t"":1056},{""x"":787,""y"":188,""t"":1115},{""x"":790,""y"":200,""t"":1131},{""x"":718,""y"":213,""t"":1191},{""x"":614,""y"":236,""t"":1243},{""x"":524,""y"":273,""t"":1259},{""x"":457,""y"":281,""t"":1320},{""x"":402,""y"":288,""t"":1334},{""x"":375,""y"":310,""t"":1394},{""x"":355,""y"":328,""t"":1408},{""x"":333,""y"":332,""t"":1468},{""x"":299,""y"":350,""t"":1518},{""x"":290,""y"":359,""t"":1535},{""x"":246,""y"":374,""t"":1594},{""x"":211,""y"":386,""t"":1608},{""x"":196,""y"":424,""t"":1669},{""x"":205,""y"":477,""t"":1727},{""x"":226,""y"":528,""t"":1752},{""x"":239,""y"":571,""t"":1792},{""x"":251,""y"":572,""t"":1829},{""x"":239,""y"":558,""t"":1867},{""x"":244,""y"":538,""t"":1904},{""x"":271,""y"":537,""t"":1964},{""x"":295,""y"":535,""t"":1978},{""x"":435,""y"":573,""t"":2040},{""x"":546,""y"":561,""t"":2055},{""x"":615,""y"":579,""t"":2115},{""x"":682,""y"":561,""t"":2142},{""x"":722,""y"":571,""t"":2212},{""x"":777,""y"":558,""t"":2274},{""x"":807,""y"":529,""t"":2306},{""x"":859,""y"":513,""t"":2349},{""x"":876,""y"":522,""t"":2409},{""x"":880,""y"":530,""t"":2424},{""x"":880,""y"":526,""t"":2487},{""x"":783,""y"":500,""t"":2538},{""x"":687,""y"":495,""t"":2553},{""x"":570,""y"":494,""t"":2614},{""x"":466,""y"":505,""t"":2629},{""x"":379,""y"":505,""t"":2691},{""x"":417,""y"":494,""t"":2741},{""x"":468,""y"":473,""t"":2757},{""x"":519,""y"":446,""t"":2817},{""x"":573,""y"":422,""t"":2832},{""x"":632,""y"":391,""t"":2892},{""x"":672,""y"":374,""t"":2944},{""x"":707,""y"":355,""t"":2959},{""x"":738,""y"":310,""t"":3031},{""x"":777,""y"":285,""t"":3061},{""x"":812,""y"":256,""t"":3119},{""x"":839,""y"":234,""t"":3134},{""x"":828,""y"":220,""t"":3195},{""x"":815,""y"":211,""t"":3209},{""x"":701,""y"":212,""t"":3268},{""x"":602,""y"":228,""t"":3318},{""x"":519,""y"":243,""t"":3333},{""x"":418,""y"":240,""t"":3392},{""x"":328,""y"":252,""t"":3407},{""x"":274,""y"":247,""t"":3467},{""x"":233,""y"":243,""t"":3482},{""x"":213,""y"":261,""t"":3541},{""x"":207,""y"":249,""t"":3593},{""x"":207,""y"":239,""t"":3609},{""x"":214,""y"":263,""t"":3668},{""x"":223,""y"":285,""t"":3682},{""x"":259,""y"":322,""t"":3743},{""x"":289,""y"":336,""t"":3795},{""x"":316,""y"":347,""t"":3810},{""x"":318,""y"":348,""t"":3870},{""x"":320,""y"":347,""t"":3884},{""x"":330,""y"":347,""t"":3943},{""x"":340,""y"":346,""t"":3957},{""x"":340,""y"":323,""t"":4018},{""x"":346,""y"":329,""t"":4070},{""x"":351,""y"":334,""t"":4085},{""x"":369,""y"":380,""t"":4146},{""x"":384,""y"":420,""t"":4161},{""x"":369,""y"":458,""t"":4222},{""x"":356,""y"":490,""t"":4251},{""x"":353,""y"":503,""t"":4311},{""x"":350,""y"":513,""t"":4325},{""x"":350,""y"":516,""t"":4386},{""x"":347,""y"":524,""t"":4400},{""x"":466,""y"":539,""t"":4460},{""x"":561,""y"":532,""t"":4489},{""x"":642,""y"":541,""t"":4566},{""x"":698,""y"":553,""t"":4592},{""x"":745,""y"":567,""t"":4651},{""x"":768,""y"":583,""t"":4666},{""x"":814,""y"":563,""t"":4724},{""x"":820,""y"":570,""t"":4741},{""x"":692,""y"":583,""t"":4800},{""x"":579,""y"":593,""t"":4829},{""x"":516,""y"":588,""t"":4891},{""x"":464,""y"":582,""t"":4907},{""x"":424,""y"":572,""t"":4967},{""x"":401,""y"":574,""t"":5020},{""x"":386,""y"":571,""t"":5035},{""x"":478,""y"":582,""t"":5095},{""x"":559,""y"":592,""t"":5112},{""x"":630,""y"":580,""t"":5173},{""x"":693,""y"":562,""t"":5225},{""x"":745,""y"":555,""t"":5240},{""x"":768,""y"":549,""t"":5302},{""x"":786,""y"":538,""t"":5317},{""x"":725,""y"":507,""t"":5379},{""x"":680,""y"":482,""t"":5408},{""x"":670,""y"":463,""t"":5484},{""x"":632,""y"":442,""t"":5508},{""x"":615,""y"":441,""t"":5570},{""x"":590,""y"":431,""t"":5585},{""x"":542,""y"":419,""t"":5647},{""x"":501,""y"":410,""t"":5680},{""x"":478,""y"":408,""t"":5742},{""x"":458,""y"":398,""t"":5757},{""x"":452,""y"":390,""t"":5818},{""x"":462,""y"":400,""t"":5870},{""x"":474,""y"":399,""t"":5885},{""x"":457,""y"":396,""t"":5948},{""x"":449,""y"":412,""t"":5962},{""x"":443,""y"":418,""t"":6028},{""x"":436,""y"":430,""t"":6054},{""x"":427,""y"":434,""t"":6117},{""x"":421,""y"":437,""t"":6132},{""x"":458,""y"":430,""t"":6196},{""x"":459,""y"":438,""t"":6223},{""x"":437,""y"":407,""t"":6287},{""x"":447,""y"":405,""t"":6301},{""x"":512,""y"":383,""t"":6363},{""x"":615,""y"":309,""t"":6393},{""x"":601,""y"":348,""t"":6454},{""x"":569,""y"":370,""t"":6469}]",0,0.3701987821232595,0.6298012178767405,wa_b-last,0
147-attributes,1,89,exp_39,1.0,254.5,0.79,0.7,2.0,3.2,higher_p,higher_m,0,1,attributes,1.0,True,1.58,2.24,-0.6599999999999997,-0.4219978340514986,0.5,0.5,0.4,0.6,1.0,1.0,higher_m,higher_m,False,"{""durations"":[1000,1500,1000,1500],""alternatives"":[""all"",""all"",""all"",""all""],""attributes"":[""p"",""m"",""p"",""m""]}","[{""x"":481,""y"":476,""t"":-40},{""x"":464,""y"":477,""t"":0},{""x"":468,""y"":472,""t"":76},{""x"":473,""y"":467,""t"":117},{""x"":461,""y"":477,""t"":180},{""x"":452,""y"":486,""t"":205},{""x"":424,""y"":484,""t"":264},{""x"":409,""y"":478,""t"":278},{""x"":374,""y"":493,""t"":339},{""x"":346,""y"":507,""t"":354},{""x"":342,""y"":515,""t"":414},{""x"":343,""y"":518,""t"":465},{""x"":299,""y"":520,""t"":480},{""x"":268,""y"":523,""t"":540},{""x"":243,""y"":526,""t"":554},{""x"":253,""y"":535,""t"":615},{""x"":268,""y"":567,""t"":676},{""x"":285,""y"":583,""t"":696},{""x"":307,""y"":574,""t"":756},{""x"":313,""y"":588,""t"":783},{""x"":339,""y"":583,""t"":843},{""x"":345,""y"":576,""t"":858},{""x"":328,""y"":590,""t"":920},{""x"":309,""y"":596,""t"":953},{""x"":299,""y"":595,""t"":1040},{""x"":275,""y"":593,""t"":1058},{""x"":269,""y"":597,""t"":1120},{""x"":265,""y"":599,""t"":1134},{""x"":261,""y"":615,""t"":1194},{""x"":260,""y"":608,""t"":1261},{""x"":264,""y"":625,""t"":1313},{""x"":267,""y"":639,""t"":1329},{""x"":343,""y"":583,""t"":1389},{""x"":408,""y"":535,""t"":1402},{""x"":494,""y"":496,""t"":1462},{""x"":549,""y"":471,""t"":1496},{""x"":628,""y"":441,""t"":1556},{""x"":692,""y"":418,""t"":1570},{""x"":733,""y"":403,""t"":1630},{""x"":764,""y"":393,""t"":1645},{""x"":781,""y"":379,""t"":1704},{""x"":758,""y"":350,""t"":1755},{""x"":726,""y"":319,""t"":1769},{""x"":637,""y"":325,""t"":1829},{""x"":566,""y"":313,""t"":1843},{""x"":483,""y"":332,""t"":1907},{""x"":412,""y"":350,""t"":1970},{""x"":367,""y"":362,""t"":1989},{""x"":320,""y"":354,""t"":2026},{""x"":314,""y"":365,""t"":2064},{""x"":364,""y"":387,""t"":2101},{""x"":446,""y"":385,""t"":2139},{""x"":518,""y"":382,""t"":2177},{""x"":591,""y"":399,""t"":2239},{""x"":646,""y"":373,""t"":2262},{""x"":686,""y"":371,""t"":2322},{""x"":732,""y"":369,""t"":2384},{""x"":731,""y"":377,""t"":2443},{""x"":760,""y"":403,""t"":2464},{""x"":765,""y"":408,""t"":2502},{""x"":783,""y"":416,""t"":2541},{""x"":791,""y"":435,""t"":2579},{""x"":782,""y"":480,""t"":2620},{""x"":799,""y"":529,""t"":2696},{""x"":812,""y"":565,""t"":2721},{""x"":791,""y"":583,""t"":2795},{""x"":773,""y"":596,""t"":2822},{""x"":770,""y"":621,""t"":2881},{""x"":748,""y"":627,""t"":2896},{""x"":755,""y"":637,""t"":2959},{""x"":690,""y"":633,""t"":3009},{""x"":641,""y"":622,""t"":3027},{""x"":558,""y"":624,""t"":3099},{""x"":490,""y"":623,""t"":3129},{""x"":450,""y"":610,""t"":3205},{""x"":416,""y"":598,""t"":3231},{""x"":354,""y"":599,""t"":3306},{""x"":332,""y"":595,""t"":3332},{""x"":303,""y"":575,""t"":3394},{""x"":268,""y"":569,""t"":3408},{""x"":331,""y"":552,""t"":3471},{""x"":368,""y"":559,""t"":3503},{""x"":437,""y"":568,""t"":3565},{""x"":498,""y"":597,""t"":3579},{""x"":548,""y"":603,""t"":3642},{""x"":576,""y"":623,""t"":3694},{""x"":599,""y"":639,""t"":3709},{""x"":575,""y"":625,""t"":3769},{""x"":557,""y"":616,""t"":3784},{""x"":470,""y"":604,""t"":3843},{""x"":414,""y"":587,""t"":3918},{""x"":399,""y"":550,""t"":3945},{""x"":353,""y"":506,""t"":4023},{""x"":315,""y"":476,""t"":4047},{""x"":291,""y"":453,""t"":4108},{""x"":273,""y"":434,""t"":4123},{""x"":253,""y"":426,""t"":4183},{""x"":340,""y"":410,""t"":4240},{""x"":426,""y"":381,""t"":4268},{""x"":514,""y"":375,""t"":4315},{""x"":589,""y"":371,""t"":4354},{""x"":638,""y"":361,""t"":4417},{""x"":686,""y"":355,""t"":4431},{""x"":733,""y"":349,""t"":4495},{""x"":689,""y"":377,""t"":4548},{""x"":662,""y"":408,""t"":4564},{""x"":585,""y"":443,""t"":4626},{""x"":522,""y"":477,""t"":4679},{""x"":469,""y"":504,""t"":4694},{""x"":428,""y"":537,""t"":4756},{""x"":394,""y"":564,""t"":4772},{""x"":376,""y"":563,""t"":4836},{""x"":358,""y"":557,""t"":4862},{""x"":345,""y"":557,""t"":4936},{""x"":328,""y"":551,""t"":4999},{""x"":338,""y"":543,""t"":5034},{""x"":317,""y"":557,""t"":5102},{""x"":314,""y"":549,""t"":5155},{""x"":300,""y"":545,""t"":5170},{""x"":305,""y"":538,""t"":5232},{""x"":306,""y"":537,""t"":5246},{""x"":321,""y"":539,""t"":5307},{""x"":341,""y"":533,""t"":5374},{""x"":376,""y"":525,""t"":5428},{""x"":412,""y"":499,""t"":5443},{""x"":431,""y"":498,""t"":5505},{""x"":455,""y"":472,""t"":5520},{""x"":485,""y"":461,""t"":5583},{""x"":505,""y"":463,""t"":5612},{""x"":514,""y"":464,""t"":5675},{""x"":527,""y"":469,""t"":5690},{""x"":549,""y"":442,""t"":5753},{""x"":541,""y"":435,""t"":5782}]",1,0.443911100804491,0.556088899195509,wa_b-last,0
147-attributes,1,93,exp_71,0.0,285.0,0.72,0.51,4.2,5.2,higher_p,higher_m,0,1,attributes,1.0,True,3.024,2.652,0.3719999999999999,0.6402015921464201,0.5,0.5,0.4,0.6,1.0,1.0,higher_m,higher_m,True,"{""durations"":[1000,1500,1000,1500],""alternatives"":[""all"",""all"",""all"",""all""],""attributes"":[""p"",""m"",""p"",""m""]}","[{""x"":487,""y"":460,""t"":-16},{""x"":491,""y"":467,""t"":0},{""x"":485,""y"":469,""t"":64},{""x"":486,""y"":464,""t"":79},{""x"":481,""y"":479,""t"":132},{""x"":501,""y"":462,""t"":197},{""x"":506,""y"":451,""t"":234},{""x"":522,""y"":439,""t"":271},{""x"":535,""y"":429,""t"":311},{""x"":470,""y"":456,""t"":371},{""x"":426,""y"":480,""t"":387},{""x"":382,""y"":495,""t"":447},{""x"":332,""y"":483,""t"":503},{""x"":313,""y"":505,""t"":527},{""x"":292,""y"":493,""t"":565},{""x"":276,""y"":505,""t"":604},{""x"":257,""y"":509,""t"":640},{""x"":241,""y"":512,""t"":677},{""x"":247,""y"":518,""t"":714},{""x"":241,""y"":524,""t"":751},{""x"":256,""y"":543,""t"":813},{""x"":270,""y"":558,""t"":828},{""x"":314,""y"":562,""t"":887},{""x"":417,""y"":547,""t"":941},{""x"":496,""y"":537,""t"":955},{""x"":566,""y"":532,""t"":1013},{""x"":627,""y"":543,""t"":1028},{""x"":684,""y"":554,""t"":1090},{""x"":727,""y"":547,""t"":1143},{""x"":750,""y"":546,""t"":1158},{""x"":792,""y"":552,""t"":1217},{""x"":824,""y"":557,""t"":1232},{""x"":832,""y"":565,""t"":1292},{""x"":815,""y"":577,""t"":1307},{""x"":816,""y"":572,""t"":1366},{""x"":807,""y"":564,""t"":1394},{""x"":741,""y"":530,""t"":1456},{""x"":666,""y"":512,""t"":1471},{""x"":555,""y"":452,""t"":1529},{""x"":471,""y"":386,""t"":1544},{""x"":421,""y"":357,""t"":1604},{""x"":385,""y"":334,""t"":1655},{""x"":364,""y"":294,""t"":1671},{""x"":321,""y"":260,""t"":1731},{""x"":293,""y"":235,""t"":1746},{""x"":270,""y"":226,""t"":1807},{""x"":288,""y"":214,""t"":1859},{""x"":320,""y"":226,""t"":1874},{""x"":438,""y"":213,""t"":1934},{""x"":532,""y"":206,""t"":1950},{""x"":609,""y"":199,""t"":2011},{""x"":664,""y"":191,""t"":2042},{""x"":699,""y"":211,""t"":2115},{""x"":683,""y"":246,""t"":2166},{""x"":681,""y"":264,""t"":2183},{""x"":611,""y"":279,""t"":2253},{""x"":531,""y"":274,""t"":2278},{""x"":474,""y"":295,""t"":2339},{""x"":414,""y"":310,""t"":2355},{""x"":385,""y"":310,""t"":2421},{""x"":355,""y"":341,""t"":2486},{""x"":321,""y"":400,""t"":2537},{""x"":304,""y"":459,""t"":2554},{""x"":320,""y"":504,""t"":2616},{""x"":312,""y"":520,""t"":2638},{""x"":293,""y"":542,""t"":2682},{""x"":270,""y"":563,""t"":2720},{""x"":267,""y"":576,""t"":2758},{""x"":297,""y"":604,""t"":2833},{""x"":281,""y"":605,""t"":2862},{""x"":285,""y"":609,""t"":2923},{""x"":296,""y"":610,""t"":2937},{""x"":330,""y"":613,""t"":2990},{""x"":360,""y"":613,""t"":3027},{""x"":468,""y"":646,""t"":3088},{""x"":557,""y"":656,""t"":3104},{""x"":640,""y"":643,""t"":3164},{""x"":678,""y"":640,""t"":3216},{""x"":705,""y"":636,""t"":3231},{""x"":719,""y"":635,""t"":3292},{""x"":738,""y"":626,""t"":3307},{""x"":746,""y"":626,""t"":3366},{""x"":778,""y"":610,""t"":3420},{""x"":779,""y"":598,""t"":3435},{""x"":781,""y"":594,""t"":3493},{""x"":780,""y"":591,""t"":3508},{""x"":759,""y"":574,""t"":3570},{""x"":787,""y"":511,""t"":3627},{""x"":800,""y"":443,""t"":3649},{""x"":805,""y"":392,""t"":3713},{""x"":793,""y"":350,""t"":3740},{""x"":778,""y"":324,""t"":3805},{""x"":765,""y"":304,""t"":3820},{""x"":742,""y"":294,""t"":3883},{""x"":691,""y"":282,""t"":3948},{""x"":602,""y"":268,""t"":4014},{""x"":508,""y"":238,""t"":4067},{""x"":428,""y"":215,""t"":4082},{""x"":374,""y"":214,""t"":4144},{""x"":348,""y"":227,""t"":4160},{""x"":304,""y"":223,""t"":4221},{""x"":315,""y"":235,""t"":4271},{""x"":313,""y"":234,""t"":4287},{""x"":310,""y"":257,""t"":4346},{""x"":290,""y"":250,""t"":4360},{""x"":306,""y"":241,""t"":4421},{""x"":302,""y"":252,""t"":4489},{""x"":295,""y"":250,""t"":4540},{""x"":290,""y"":232,""t"":4557},{""x"":314,""y"":256,""t"":4618},{""x"":335,""y"":277,""t"":4632},{""x"":351,""y"":297,""t"":4693},{""x"":354,""y"":315,""t"":4745},{""x"":357,""y"":330,""t"":4760},{""x"":381,""y"":315,""t"":4824},{""x"":402,""y"":301,""t"":4838},{""x"":419,""y"":330,""t"":4899},{""x"":431,""y"":340,""t"":4952},{""x"":441,""y"":347,""t"":4967},{""x"":461,""y"":360,""t"":5027},{""x"":477,""y"":370,""t"":5041},{""x"":451,""y"":376,""t"":5104},{""x"":448,""y"":378,""t"":5158},{""x"":445,""y"":380,""t"":5173},{""x"":458,""y"":369,""t"":5236},{""x"":461,""y"":360,""t"":5251},{""x"":458,""y"":352,""t"":5314},{""x"":455,""y"":346,""t"":5340},{""x"":448,""y"":322,""t"":5405},{""x"":453,""y"":314,""t"":5419},{""x"":445,""y"":295,""t"":5482},{""x"":438,""y"":281,""t"":5510},{""x"":446,""y"":306,""t"":5572},{""x"":453,""y"":328,""t"":5587},{""x"":436,""y"":322,""t"":5651},{""x"":421,""y"":318,""t"":5678},{""x"":403,""y"":333,""t"":5740},{""x"":375,""y"":346,""t"":5754},{""x"":413,""y"":341,""t"":5818},{""x"":468,""y"":288,""t"":5849}]",0,0.8362952249238595,0.16370477507614056,wa_b-last,0
147-attributes,1,95,exp_5,0.0,255.8999999910593,0.79,0.49,5.300000000000001,8.3,higher_p,higher_m,0,1,attributes,1.0,True,4.187000000000001,4.067,0.120000000000001,0.3808273136562317,0.5,0.5,0.4,0.6,1.0,0.0,higher_m,higher_p,True,"{""durations"":[1500,1000,1500,1000],""alternatives"":[""all"",""all"",""all"",""all""],""attributes"":[""m"",""p"",""m"",""p""]}","[{""x"":495,""y"":455,""t"":-42},{""x"":523,""y"":455,""t"":0},{""x"":531,""y"":454,""t"":64},{""x"":550,""y"":454,""t"":80},{""x"":540,""y"":481,""t"":136},{""x"":534,""y"":470,""t"":201},{""x"":537,""y"":464,""t"":238},{""x"":483,""y"":431,""t"":299},{""x"":423,""y"":397,""t"":314},{""x"":371,""y"":368,""t"":374},{""x"":353,""y"":329,""t"":389},{""x"":319,""y"":277,""t"":450},{""x"":288,""y"":236,""t"":478},{""x"":274,""y"":209,""t"":538},{""x"":266,""y"":185,""t"":553},{""x"":259,""y"":176,""t"":614},{""x"":366,""y"":159,""t"":666},{""x"":458,""y"":147,""t"":681},{""x"":574,""y"":147,""t"":739},{""x"":664,""y"":163,""t"":753},{""x"":728,""y"":156,""t"":812},{""x"":782,""y"":164,""t"":828},{""x"":813,""y"":176,""t"":890},{""x"":831,""y"":190,""t"":941},{""x"":845,""y"":195,""t"":956},{""x"":861,""y"":198,""t"":1015},{""x"":872,""y"":200,""t"":1029},{""x"":863,""y"":208,""t"":1092},{""x"":856,""y"":213,""t"":1142},{""x"":841,""y"":212,""t"":1157},{""x"":824,""y"":209,""t"":1215},{""x"":787,""y"":221,""t"":1230},{""x"":791,""y"":232,""t"":1289},{""x"":794,""y"":240,""t"":1304},{""x"":772,""y"":262,""t"":1364},{""x"":767,""y"":269,""t"":1414},{""x"":764,""y"":278,""t"":1430},{""x"":771,""y"":275,""t"":1489},{""x"":774,""y"":270,""t"":1505},{""x"":765,""y"":260,""t"":1570},{""x"":761,""y"":259,""t"":1599},{""x"":740,""y"":346,""t"":1659},{""x"":721,""y"":419,""t"":1673},{""x"":704,""y"":454,""t"":1733},{""x"":702,""y"":476,""t"":1749},{""x"":696,""y"":494,""t"":1808},{""x"":681,""y"":509,""t"":1859},{""x"":664,""y"":506,""t"":1874},{""x"":679,""y"":519,""t"":1934},{""x"":682,""y"":554,""t"":1949},{""x"":678,""y"":585,""t"":2008},{""x"":628,""y"":600,""t"":2073},{""x"":598,""y"":617,""t"":2088},{""x"":511,""y"":596,""t"":2146},{""x"":436,""y"":581,""t"":2200},{""x"":365,""y"":568,""t"":2224},{""x"":312,""y"":553,""t"":2284},{""x"":260,""y"":542,""t"":2314},{""x"":239,""y"":538,""t"":2376},{""x"":219,""y"":546,""t"":2392},{""x"":202,""y"":524,""t"":2452},{""x"":254,""y"":524,""t"":2504},{""x"":305,""y"":522,""t"":2520},{""x"":419,""y"":550,""t"":2580},{""x"":490,""y"":570,""t"":2606},{""x"":555,""y"":581,""t"":2661},{""x"":612,""y"":612,""t"":2720},{""x"":698,""y"":613,""t"":2782},{""x"":734,""y"":603,""t"":2802},{""x"":787,""y"":529,""t"":2863},{""x"":802,""y"":463,""t"":2892},{""x"":817,""y"":399,""t"":2960},{""x"":822,""y"":343,""t"":3014},{""x"":821,""y"":301,""t"":3029},{""x"":828,""y"":259,""t"":3089},{""x"":815,""y"":228,""t"":3105},{""x"":807,""y"":222,""t"":3165},{""x"":704,""y"":181,""t"":3225},{""x"":591,""y"":150,""t"":3249},{""x"":498,""y"":146,""t"":3287},{""x"":429,""y"":149,""t"":3325},{""x"":367,""y"":152,""t"":3362},{""x"":318,""y"":158,""t"":3401},{""x"":274,""y"":150,""t"":3461},{""x"":242,""y"":145,""t"":3476},{""x"":245,""y"":143,""t"":3541},{""x"":237,""y"":167,""t"":3571},{""x"":237,""y"":170,""t"":3647},{""x"":223,""y"":189,""t"":3673},{""x"":276,""y"":177,""t"":3736},{""x"":349,""y"":169,""t"":3750},{""x"":465,""y"":180,""t"":3809},{""x"":569,""y"":192,""t"":3875},{""x"":666,""y"":209,""t"":3889},{""x"":718,""y"":209,""t"":3949},{""x"":757,""y"":209,""t"":3980},{""x"":780,""y"":222,""t"":4042},{""x"":794,""y"":233,""t"":4057},{""x"":811,""y"":248,""t"":4120},{""x"":821,""y"":260,""t"":4149},{""x"":826,""y"":271,""t"":4211},{""x"":827,""y"":280,""t"":4226},{""x"":778,""y"":378,""t"":4285},{""x"":757,""y"":462,""t"":4357},{""x"":744,""y"":521,""t"":4409},{""x"":732,""y"":567,""t"":4424},{""x"":653,""y"":589,""t"":4486},{""x"":586,""y"":604,""t"":4500},{""x"":473,""y"":625,""t"":4562},{""x"":399,""y"":634,""t"":4591},{""x"":347,""y"":582,""t"":4652},{""x"":285,""y"":588,""t"":4666},{""x"":250,""y"":586,""t"":4728},{""x"":239,""y"":570,""t"":4787},{""x"":218,""y"":560,""t"":4809},{""x"":215,""y"":537,""t"":4869},{""x"":213,""y"":537,""t"":4919},{""x"":222,""y"":533,""t"":4934},{""x"":294,""y"":519,""t"":4994},{""x"":368,""y"":496,""t"":5008},{""x"":456,""y"":472,""t"":5068},{""x"":536,""y"":463,""t"":5102},{""x"":586,""y"":431,""t"":5163},{""x"":615,""y"":410,""t"":5178},{""x"":635,""y"":397,""t"":5242},{""x"":651,""y"":391,""t"":5298},{""x"":665,""y"":388,""t"":5323},{""x"":699,""y"":384,""t"":5382},{""x"":730,""y"":405,""t"":5441},{""x"":728,""y"":394,""t"":5496},{""x"":723,""y"":386,""t"":5512},{""x"":704,""y"":391,""t"":5576},{""x"":693,""y"":394,""t"":5590},{""x"":671,""y"":338,""t"":5655},{""x"":615,""y"":270,""t"":5679},{""x"":558,""y"":228,""t"":5751},{""x"":489,""y"":212,""t"":5781}]",0,0.8887817034588958,0.11121829654110413,wa_b-last,0
147-attributes,1,96,exp_97,0.0,25.299999997019768,0.58,0.38,4.9,6.9,higher_p,higher_m,0,1,attributes,1.0,True,2.842,2.6220000000000003,0.2199999999999997,0.4837536146444008,0.5,0.5,0.6,0.4,0.0,1.0,higher_p,higher_m,True,"{""durations"":[1500,1000,1500,1000],""alternatives"":[""all"",""all"",""all"",""all""],""attributes"":[""p"",""m"",""p"",""m""]}","[{""x"":463,""y"":491,""t"":-40},{""x"":469,""y"":499,""t"":0},{""x"":476,""y"":497,""t"":65},{""x"":479,""y"":484,""t"":81},{""x"":484,""y"":487,""t"":133},{""x"":505,""y"":484,""t"":196},{""x"":507,""y"":473,""t"":233},{""x"":505,""y"":473,""t"":270},{""x"":499,""y"":465,""t"":308},{""x"":440,""y"":470,""t"":367},{""x"":390,""y"":474,""t"":382},{""x"":352,""y"":489,""t"":442},{""x"":336,""y"":495,""t"":456},{""x"":305,""y"":512,""t"":524},{""x"":280,""y"":527,""t"":546},{""x"":384,""y"":558,""t"":606},{""x"":449,""y"":566,""t"":621},{""x"":545,""y"":577,""t"":681},{""x"":603,""y"":571,""t"":732},{""x"":650,""y"":566,""t"":749},{""x"":676,""y"":568,""t"":809},{""x"":714,""y"":575,""t"":823},{""x"":720,""y"":581,""t"":883},{""x"":721,""y"":562,""t"":898},{""x"":626,""y"":560,""t"":959},{""x"":541,""y"":571,""t"":987},{""x"":470,""y"":571,""t"":1045},{""x"":415,""y"":546,""t"":1060},{""x"":343,""y"":558,""t"":1120},{""x"":284,""y"":569,""t"":1135},{""x"":250,""y"":565,""t"":1194},{""x"":227,""y"":562,""t"":1247},{""x"":212,""y"":559,""t"":1262},{""x"":186,""y"":555,""t"":1322},{""x"":185,""y"":557,""t"":1337},{""x"":194,""y"":544,""t"":1396},{""x"":204,""y"":543,""t"":1467},{""x"":217,""y"":538,""t"":1498},{""x"":260,""y"":466,""t"":1572},{""x"":272,""y"":423,""t"":1604},{""x"":292,""y"":364,""t"":1676},{""x"":289,""y"":318,""t"":1701},{""x"":305,""y"":292,""t"":1763},{""x"":299,""y"":265,""t"":1778},{""x"":298,""y"":250,""t"":1837},{""x"":318,""y"":258,""t"":1889},{""x"":351,""y"":265,""t"":1915},{""x"":360,""y"":258,""t"":1975},{""x"":382,""y"":254,""t"":2029},{""x"":388,""y"":246,""t"":2043},{""x"":506,""y"":242,""t"":2103},{""x"":605,""y"":240,""t"":2118},{""x"":672,""y"":228,""t"":2179},{""x"":756,""y"":227,""t"":2247},{""x"":791,""y"":210,""t"":2300},{""x"":823,""y"":204,""t"":2316},{""x"":832,""y"":216,""t"":2376},{""x"":835,""y"":228,""t"":2392},{""x"":844,""y"":239,""t"":2452},{""x"":761,""y"":260,""t"":2522},{""x"":630,""y"":270,""t"":2573},{""x"":524,""y"":278,""t"":2590},{""x"":436,""y"":293,""t"":2652},{""x"":364,""y"":298,""t"":2715},{""x"":334,""y"":311,""t"":2737},{""x"":301,""y"":364,""t"":2776},{""x"":245,""y"":418,""t"":2813},{""x"":225,""y"":464,""t"":2851},{""x"":213,""y"":481,""t"":2888},{""x"":208,""y"":490,""t"":2926},{""x"":227,""y"":519,""t"":2986},{""x"":238,""y"":524,""t"":3001},{""x"":242,""y"":538,""t"":3059},{""x"":248,""y"":544,""t"":3075},{""x"":249,""y"":558,""t"":3134},{""x"":365,""y"":568,""t"":3194},{""x"":466,""y"":567,""t"":3226},{""x"":565,""y"":560,""t"":3281},{""x"":634,""y"":575,""t"":3318},{""x"":696,""y"":595,""t"":3356},{""x"":720,""y"":584,""t"":3393},{""x"":750,""y"":566,""t"":3430},{""x"":748,""y"":564,""t"":3468},{""x"":744,""y"":573,""t"":3510},{""x"":762,""y"":590,""t"":3572},{""x"":771,""y"":597,""t"":3614},{""x"":791,""y"":609,""t"":3674},{""x"":792,""y"":620,""t"":3738},{""x"":783,""y"":607,""t"":3758},{""x"":826,""y"":614,""t"":3801},{""x"":813,""y"":608,""t"":3839},{""x"":805,""y"":630,""t"":3877},{""x"":805,""y"":633,""t"":3939},{""x"":804,""y"":617,""t"":3954},{""x"":801,""y"":611,""t"":4015},{""x"":779,""y"":598,""t"":4069},{""x"":768,""y"":580,""t"":4084},{""x"":761,""y"":493,""t"":4145},{""x"":763,""y"":425,""t"":4160},{""x"":798,""y"":375,""t"":4222},{""x"":792,""y"":315,""t"":4275},{""x"":786,""y"":272,""t"":4289},{""x"":775,""y"":229,""t"":4351},{""x"":776,""y"":202,""t"":4366},{""x"":643,""y"":189,""t"":4427},{""x"":514,""y"":181,""t"":4455},{""x"":408,""y"":165,""t"":4529},{""x"":321,""y"":154,""t"":4556},{""x"":284,""y"":152,""t"":4618},{""x"":259,""y"":152,""t"":4634},{""x"":241,""y"":148,""t"":4694},{""x"":224,""y"":173,""t"":4747},{""x"":221,""y"":191,""t"":4762},{""x"":238,""y"":216,""t"":4823},{""x"":256,""y"":239,""t"":4838},{""x"":303,""y"":274,""t"":4898},{""x"":364,""y"":301,""t"":4951},{""x"":416,""y"":323,""t"":4965},{""x"":455,""y"":335,""t"":5027},{""x"":498,""y"":330,""t"":5042},{""x"":536,""y"":336,""t"":5119},{""x"":557,""y"":336,""t"":5135},{""x"":586,""y"":359,""t"":5199},{""x"":608,""y"":378,""t"":5213},{""x"":611,""y"":399,""t"":5275},{""x"":615,""y"":400,""t"":5305},{""x"":604,""y"":391,""t"":5384},{""x"":592,""y"":382,""t"":5408},{""x"":581,""y"":361,""t"":5471},{""x"":575,""y"":351,""t"":5485},{""x"":543,""y"":376,""t"":5551}]",0,0.6522192384534321,0.3477807615465679,wa_b-last,0
147-attributes,1,98,catch_19,1.0,119.0,0.48,0.59,3.1,4.8,dominated,dominant,1,1,attributes,1.0,True,1.488,2.832,-1.344,-1.1260137328105846,0.5,0.5,0.5,0.5,,1.0,,dominant,True,"{""durations"":[1250,1250,1250,1250],""attributes"":[""p"",""m"",""p"",""m""],""alternatives"":[""all"",""all"",""all"",""all""]}","[{""x"":399,""y"":469,""t"":-17},{""x"":416,""y"":472,""t"":0},{""x"":405,""y"":476,""t"":79},{""x"":411,""y"":483,""t"":145},{""x"":424,""y"":474,""t"":172},{""x"":426,""y"":472,""t"":232},{""x"":421,""y"":470,""t"":247},{""x"":380,""y"":480,""t"":305},{""x"":320,""y"":511,""t"":322},{""x"":279,""y"":523,""t"":360},{""x"":260,""y"":533,""t"":399},{""x"":228,""y"":536,""t"":437},{""x"":201,""y"":552,""t"":475},{""x"":180,""y"":566,""t"":513},{""x"":183,""y"":569,""t"":572},{""x"":193,""y"":566,""t"":588},{""x"":188,""y"":563,""t"":646},{""x"":259,""y"":565,""t"":698},{""x"":337,""y"":565,""t"":727},{""x"":434,""y"":580,""t"":787},{""x"":510,""y"":587,""t"":839},{""x"":563,""y"":598,""t"":855},{""x"":635,""y"":596,""t"":929},{""x"":699,""y"":608,""t"":952},{""x"":761,""y"":600,""t"":1017},{""x"":799,""y"":608,""t"":1055},{""x"":816,""y"":598,""t"":1115},{""x"":812,""y"":595,""t"":1130},{""x"":819,""y"":593,""t"":1192},{""x"":839,""y"":607,""t"":1251},{""x"":832,""y"":606,""t"":1274},{""x"":816,""y"":613,""t"":1313},{""x"":818,""y"":619,""t"":1349},{""x"":831,""y"":622,""t"":1386},{""x"":829,""y"":607,""t"":1424},{""x"":844,""y"":616,""t"":1462},{""x"":832,""y"":611,""t"":1499},{""x"":822,""y"":574,""t"":1559},{""x"":813,""y"":542,""t"":1574},{""x"":797,""y"":492,""t"":1640},{""x"":782,""y"":450,""t"":1666},{""x"":798,""y"":410,""t"":1731},{""x"":812,""y"":377,""t"":1746},{""x"":691,""y"":351,""t"":1810},{""x"":574,""y"":325,""t"":1836},{""x"":487,""y"":279,""t"":1898},{""x"":391,""y"":253,""t"":1912},{""x"":317,""y"":250,""t"":1973},{""x"":285,""y"":241,""t"":2025},{""x"":264,""y"":235,""t"":2040},{""x"":239,""y"":224,""t"":2100},{""x"":224,""y"":239,""t"":2124},{""x"":291,""y"":268,""t"":2167},{""x"":415,""y"":282,""t"":2205},{""x"":506,""y"":297,""t"":2243},{""x"":580,""y"":307,""t"":2297},{""x"":622,""y"":326,""t"":2335},{""x"":662,""y"":337,""t"":2372},{""x"":678,""y"":345,""t"":2409},{""x"":707,""y"":364,""t"":2448},{""x"":729,""y"":379,""t"":2486},{""x"":632,""y"":391,""t"":2546},{""x"":548,""y"":356,""t"":2562},{""x"":464,""y"":348,""t"":2623},{""x"":414,""y"":366,""t"":2653},{""x"":375,""y"":347,""t"":2714},{""x"":346,""y"":346,""t"":2730},{""x"":293,""y"":352,""t"":2790},{""x"":261,""y"":394,""t"":2842},{""x"":242,""y"":421,""t"":2857},{""x"":225,""y"":453,""t"":2917},{""x"":203,""y"":475,""t"":2932},{""x"":188,""y"":492,""t"":2992},{""x"":172,""y"":525,""t"":3043},{""x"":173,""y"":545,""t"":3060},{""x"":188,""y"":550,""t"":3122},{""x"":203,""y"":552,""t"":3137},{""x"":305,""y"":549,""t"":3198},{""x"":392,""y"":549,""t"":3252},{""x"":478,""y"":575,""t"":3267},{""x"":555,""y"":602,""t"":3328},{""x"":631,""y"":612,""t"":3342},{""x"":680,""y"":612,""t"":3404},{""x"":742,""y"":626,""t"":3435},{""x"":795,""y"":634,""t"":3498},{""x"":830,""y"":645,""t"":3512},{""x"":838,""y"":636,""t"":3572},{""x"":843,""y"":635,""t"":3638},{""x"":844,""y"":630,""t"":3688},{""x"":833,""y"":635,""t"":3706},{""x"":857,""y"":635,""t"":3768},{""x"":856,""y"":618,""t"":3782},{""x"":838,""y"":616,""t"":3844},{""x"":809,""y"":573,""t"":3895},{""x"":800,""y"":537,""t"":3912},{""x"":754,""y"":513,""t"":3973},{""x"":714,""y"":493,""t"":3988},{""x"":705,""y"":450,""t"":4050},{""x"":712,""y"":428,""t"":4117},{""x"":685,""y"":405,""t"":4171},{""x"":663,""y"":388,""t"":4187},{""x"":562,""y"":372,""t"":4250},{""x"":459,""y"":343,""t"":4263},{""x"":350,""y"":329,""t"":4324},{""x"":296,""y"":313,""t"":4352},{""x"":239,""y"":320,""t"":4414},{""x"":219,""y"":297,""t"":4428},{""x"":209,""y"":303,""t"":4490},{""x"":306,""y"":313,""t"":4548},{""x"":402,""y"":325,""t"":4572},{""x"":488,""y"":336,""t"":4610},{""x"":548,""y"":336,""t"":4648},{""x"":582,""y"":284,""t"":4686},{""x"":581,""y"":288,""t"":4724},{""x"":525,""y"":252,""t"":4762},{""x"":482,""y"":263,""t"":4824},{""x"":435,""y"":278,""t"":4839},{""x"":402,""y"":335,""t"":4905},{""x"":367,""y"":371,""t"":4930},{""x"":346,""y"":412,""t"":4994},{""x"":330,""y"":446,""t"":5009},{""x"":342,""y"":466,""t"":5072},{""x"":343,""y"":481,""t"":5101},{""x"":324,""y"":479,""t"":5178},{""x"":309,""y"":475,""t"":5203},{""x"":292,""y"":481,""t"":5273},{""x"":274,""y"":501,""t"":5326},{""x"":260,""y"":516,""t"":5340},{""x"":278,""y"":516,""t"":5403},{""x"":287,""y"":522,""t"":5418},{""x"":307,""y"":522,""t"":5481},{""x"":286,""y"":511,""t"":5509},{""x"":291,""y"":513,""t"":5575},{""x"":287,""y"":501,""t"":5589},{""x"":405,""y"":482,""t"":5652},{""x"":442,""y"":449,""t"":5680},{""x"":458,""y"":387,""t"":5743}]",1,0.030394240083354306,0.9696057599166458,wa_b-last,0
147-attributes,1,99,catch_13,1.0,190.0,0.21,0.52,1.7999999999999998,2.8,dominated,dominant,1,1,attributes,1.0,True,0.3779999999999999,1.456,-1.078,-0.8522297721820514,0.5,0.5,0.5,0.5,,1.0,,dominant,True,"{""durations"":[1250,1250,1250,1250],""attributes"":[""p"",""m"",""p"",""m""],""alternatives"":[""all"",""all"",""all"",""all""]}","[{""x"":452,""y"":429,""t"":-40},{""x"":442,""y"":433,""t"":0},{""x"":445,""y"":410,""t"":76},{""x"":439,""y"":413,""t"":117},{""x"":457,""y"":404,""t"":155},{""x"":452,""y"":406,""t"":193},{""x"":462,""y"":406,""t"":231},{""x"":441,""y"":411,""t"":268},{""x"":394,""y"":440,""t"":305},{""x"":338,""y"":468,""t"":342},{""x"":326,""y"":464,""t"":402},{""x"":296,""y"":488,""t"":417},{""x"":300,""y"":473,""t"":478},{""x"":266,""y"":498,""t"":536},{""x"":277,""y"":479,""t"":561},{""x"":272,""y"":492,""t"":600},{""x"":249,""y"":500,""t"":637},{""x"":252,""y"":505,""t"":673},{""x"":253,""y"":516,""t"":711},{""x"":285,""y"":535,""t"":747},{""x"":315,""y"":522,""t"":785},{""x"":428,""y"":519,""t"":845},{""x"":512,""y"":513,""t"":860},{""x"":593,""y"":522,""t"":919},{""x"":661,""y"":527,""t"":972},{""x"":714,""y"":532,""t"":987},{""x"":760,""y"":547,""t"":1045},{""x"":794,""y"":565,""t"":1061},{""x"":818,""y"":577,""t"":1123},{""x"":817,""y"":598,""t"":1192},{""x"":807,""y"":605,""t"":1244},{""x"":804,""y"":592,""t"":1271},{""x"":818,""y"":537,""t"":1311},{""x"":843,""y"":483,""t"":1348},{""x"":849,""y"":425,""t"":1386},{""x"":833,""y"":376,""t"":1426},{""x"":816,""y"":336,""t"":1464},{""x"":797,""y"":303,""t"":1528},{""x"":759,""y"":279,""t"":1556},{""x"":746,""y"":253,""t"":1604},{""x"":658,""y"":248,""t"":1664},{""x"":557,""y"":261,""t"":1680},{""x"":468,""y"":265,""t"":1719},{""x"":383,""y"":276,""t"":1757},{""x"":346,""y"":282,""t"":1797},{""x"":309,""y"":304,""t"":1834},{""x"":301,""y"":329,""t"":1871},{""x"":291,""y"":329,""t"":1931},{""x"":287,""y"":329,""t"":1946},{""x"":280,""y"":321,""t"":2008},{""x"":394,""y"":329,""t"":2058},{""x"":498,""y"":349,""t"":2074},{""x"":592,""y"":346,""t"":2135},{""x"":675,""y"":351,""t"":2149},{""x"":730,""y"":353,""t"":2208},{""x"":772,""y"":354,""t"":2222},{""x"":794,""y"":341,""t"":2282},{""x"":821,""y"":351,""t"":2342},{""x"":841,""y"":360,""t"":2357},{""x"":850,""y"":354,""t"":2417},{""x"":865,""y"":349,""t"":2469},{""x"":870,""y"":344,""t"":2484},{""x"":760,""y"":384,""t"":2543},{""x"":665,""y"":418,""t"":2560},{""x"":568,""y"":471,""t"":2623},{""x"":478,""y"":506,""t"":2691},{""x"":396,""y"":526,""t"":2721},{""x"":329,""y"":546,""t"":2792},{""x"":277,""y"":566,""t"":2853},{""x"":240,""y"":579,""t"":2881},{""x"":218,""y"":572,""t"":2928},{""x"":188,""y"":570,""t"":2987},{""x"":174,""y"":560,""t"":3002},{""x"":300,""y"":555,""t"":3063},{""x"":416,""y"":575,""t"":3121},{""x"":496,""y"":566,""t"":3145},{""x"":579,""y"":567,""t"":3192},{""x"":647,""y"":567,""t"":3232},{""x"":696,""y"":577,""t"":3291},{""x"":745,""y"":585,""t"":3306},{""x"":795,""y"":574,""t"":3366},{""x"":817,""y"":570,""t"":3381},{""x"":836,""y"":569,""t"":3441},{""x"":847,""y"":567,""t"":3470},{""x"":855,""y"":575,""t"":3545},{""x"":857,""y"":582,""t"":3571},{""x"":882,""y"":585,""t"":3632},{""x"":892,""y"":585,""t"":3647},{""x"":876,""y"":577,""t"":3707},{""x"":843,""y"":583,""t"":3779},{""x"":816,""y"":593,""t"":3809},{""x"":802,""y"":604,""t"":3872},{""x"":790,""y"":614,""t"":3887},{""x"":756,""y"":598,""t"":3948},{""x"":707,""y"":555,""t"":4001},{""x"":679,""y"":521,""t"":4016},{""x"":697,""y"":470,""t"":4079},{""x"":709,""y"":412,""t"":4094},{""x"":740,""y"":382,""t"":4134},{""x"":756,""y"":354,""t"":4173},{""x"":756,""y"":333,""t"":4213},{""x"":765,""y"":319,""t"":4251},{""x"":631,""y"":311,""t"":4317},{""x"":542,""y"":285,""t"":4332},{""x"":523,""y"":298,""t"":4395},{""x"":466,""y"":231,""t"":4421},{""x"":388,""y"":233,""t"":4484},{""x"":331,""y"":221,""t"":4500},{""x"":297,""y"":251,""t"":4571},{""x"":274,""y"":280,""t"":4591},{""x"":231,""y"":312,""t"":4652},{""x"":199,""y"":339,""t"":4694},{""x"":182,""y"":359,""t"":4756},{""x"":164,""y"":357,""t"":4771},{""x"":158,""y"":360,""t"":4832},{""x"":158,""y"":361,""t"":4890},{""x"":189,""y"":357,""t"":4912},{""x"":171,""y"":377,""t"":4950},{""x"":200,""y"":394,""t"":4988},{""x"":229,""y"":416,""t"":5027},{""x"":259,""y"":420,""t"":5065},{""x"":257,""y"":434,""t"":5104},{""x"":315,""y"":423,""t"":5166},{""x"":328,""y"":440,""t"":5185},{""x"":334,""y"":440,""t"":5234},{""x"":342,""y"":443,""t"":5271},{""x"":358,""y"":430,""t"":5333},{""x"":366,""y"":429,""t"":5348},{""x"":372,""y"":436,""t"":5409},{""x"":357,""y"":447,""t"":5462},{""x"":338,""y"":455,""t"":5478},{""x"":336,""y"":459,""t"":5554},{""x"":333,""y"":462,""t"":5577},{""x"":347,""y"":476,""t"":5639},{""x"":358,""y"":462,""t"":5654},{""x"":367,""y"":469,""t"":5715}]",1,0.0034503437608995944,0.9965496562391004,wa_b-last,0
147-attributes,1,101,exp_79,0.0,235.0,0.8,0.2,4.0,6.799999999999999,higher_p,higher_m,0,1,attributes,1.0,True,3.2,1.36,1.8400000000000003,2.151159690652763,0.5,0.5,0.4,0.6,1.0,1.0,higher_m,higher_m,True,"{""durations"":[1000,1500,1000,1500],""alternatives"":[""all"",""all"",""all"",""all""],""attributes"":[""p"",""m"",""p"",""m""]}","[{""x"":472,""y"":476,""t"":-16},{""x"":466,""y"":485,""t"":0},{""x"":452,""y"":494,""t"":86},{""x"":463,""y"":501,""t"":114},{""x"":451,""y"":503,""t"":182},{""x"":458,""y"":504,""t"":242},{""x"":455,""y"":519,""t"":293},{""x"":449,""y"":521,""t"":320},{""x"":372,""y"":524,""t"":380},{""x"":324,""y"":533,""t"":408},{""x"":261,""y"":537,""t"":467},{""x"":221,""y"":540,""t"":483},{""x"":179,""y"":532,""t"":544},{""x"":183,""y"":522,""t"":609},{""x"":173,""y"":516,""t"":626},{""x"":146,""y"":502,""t"":687},{""x"":125,""y"":491,""t"":714},{""x"":277,""y"":487,""t"":775},{""x"":389,""y"":489,""t"":790},{""x"":491,""y"":500,""t"":850},{""x"":583,""y"":517,""t"":865},{""x"":637,""y"":526,""t"":925},{""x"":715,""y"":530,""t"":953},{""x"":762,""y"":549,""t"":1028},{""x"":773,""y"":555,""t"":1055},{""x"":791,""y"":561,""t"":1129},{""x"":804,""y"":560,""t"":1158},{""x"":788,""y"":562,""t"":1231},{""x"":789,""y"":493,""t"":1295},{""x"":806,""y"":441,""t"":1327},{""x"":821,""y"":400,""t"":1401},{""x"":831,""y"":350,""t"":1430},{""x"":831,""y"":318,""t"":1495},{""x"":816,""y"":284,""t"":1532},{""x"":814,""y"":266,""t"":1592},{""x"":804,""y"":250,""t"":1607},{""x"":810,""y"":234,""t"":1667},{""x"":803,""y"":231,""t"":1718},{""x"":762,""y"":223,""t"":1735},{""x"":657,""y"":231,""t"":1796},{""x"":568,""y"":240,""t"":1811},{""x"":461,""y"":244,""t"":1873},{""x"":388,""y"":256,""t"":1924},{""x"":330,""y"":268,""t"":1939},{""x"":288,""y"":278,""t"":2000},{""x"":260,""y"":279,""t"":2015},{""x"":239,""y"":277,""t"":2079},{""x"":212,""y"":289,""t"":2132},{""x"":213,""y"":303,""t"":2147},{""x"":326,""y"":272,""t"":2208},{""x"":427,""y"":275,""t"":2223},{""x"":517,""y"":266,""t"":2282},{""x"":603,""y"":267,""t"":2333},{""x"":673,""y"":268,""t"":2347},{""x"":732,""y"":270,""t"":2407},{""x"":778,""y"":273,""t"":2422},{""x"":672,""y"":286,""t"":2482},{""x"":586,""y"":293,""t"":2497},{""x"":531,""y"":300,""t"":2556},{""x"":486,""y"":308,""t"":2585},{""x"":439,""y"":326,""t"":2647},{""x"":400,""y"":340,""t"":2662},{""x"":356,""y"":337,""t"":2723},{""x"":324,""y"":369,""t"":2793},{""x"":284,""y"":408,""t"":2844},{""x"":286,""y"":419,""t"":2860},{""x"":275,""y"":437,""t"":2920},{""x"":280,""y"":469,""t"":2936},{""x"":286,""y"":497,""t"":2997},{""x"":396,""y"":516,""t"":3051},{""x"":489,""y"":549,""t"":3067},{""x"":585,""y"":587,""t"":3128},{""x"":660,""y"":595,""t"":3190},{""x"":695,""y"":591,""t"":3211},{""x"":731,""y"":585,""t"":3272},{""x"":748,""y"":572,""t"":3298},{""x"":772,""y"":501,""t"":3358},{""x"":760,""y"":468,""t"":3373},{""x"":609,""y"":412,""t"":3435},{""x"":501,""y"":408,""t"":3500},{""x"":410,""y"":407,""t"":3516},{""x"":374,""y"":409,""t"":3577},{""x"":347,""y"":413,""t"":3605},{""x"":364,""y"":383,""t"":3704},{""x"":420,""y"":351,""t"":3731},{""x"":507,""y"":296,""t"":3776},{""x"":538,""y"":285,""t"":3837},{""x"":577,""y"":281,""t"":3851},{""x"":619,""y"":287,""t"":3912},{""x"":657,""y"":285,""t"":3974},{""x"":687,""y"":285,""t"":4012},{""x"":716,""y"":293,""t"":4081},{""x"":729,""y"":313,""t"":4115},{""x"":666,""y"":330,""t"":4176},{""x"":609,""y"":344,""t"":4190},{""x"":480,""y"":355,""t"":4253},{""x"":375,""y"":358,""t"":4284},{""x"":310,""y"":362,""t"":4345},{""x"":260,""y"":364,""t"":4359},{""x"":249,""y"":353,""t"":4423},{""x"":211,""y"":355,""t"":4487},{""x"":228,""y"":357,""t"":4505},{""x"":221,""y"":365,""t"":4544},{""x"":217,""y"":362,""t"":4581},{""x"":205,""y"":371,""t"":4619},{""x"":221,""y"":389,""t"":4659},{""x"":214,""y"":387,""t"":4722},{""x"":216,""y"":362,""t"":4737},{""x"":223,""y"":365,""t"":4799},{""x"":223,""y"":368,""t"":4853},{""x"":205,""y"":365,""t"":4880},{""x"":209,""y"":356,""t"":4935},{""x"":257,""y"":372,""t"":5010},{""x"":300,""y"":373,""t"":5033},{""x"":314,""y"":398,""t"":5095},{""x"":325,""y"":420,""t"":5110},{""x"":330,""y"":444,""t"":5175},{""x"":332,""y"":463,""t"":5204},{""x"":344,""y"":493,""t"":5279},{""x"":353,""y"":517,""t"":5305},{""x"":354,""y"":526,""t"":5369},{""x"":362,""y"":519,""t"":5383},{""x"":375,""y"":534,""t"":5446},{""x"":357,""y"":525,""t"":5498},{""x"":340,""y"":515,""t"":5512},{""x"":340,""y"":509,""t"":5572},{""x"":340,""y"":504,""t"":5587},{""x"":314,""y"":500,""t"":5650},{""x"":323,""y"":493,""t"":5710},{""x"":330,""y"":469,""t"":5738},{""x"":336,""y"":458,""t"":5761}]",0,0.9961362959331465,0.0038637040668535786,wa_b-last,0
147-attributes,1,103,exp_109,0.0,31.700000002980232,0.78,0.4,2.1,3.0,higher_p,higher_m,0,1,attributes,1.0,True,1.638,1.2000000000000002,0.4379999999999999,0.7081329507986127,0.5,0.5,0.4,0.6,1.0,0.0,higher_m,higher_p,True,"{""durations"":[1500,1000,1500,1000],""alternatives"":[""all"",""all"",""all"",""all""],""attributes"":[""m"",""p"",""m"",""p""]}","[{""x"":447,""y"":509,""t"":-16},{""x"":464,""y"":497,""t"":0},{""x"":469,""y"":494,""t"":66},{""x"":474,""y"":482,""t"":83},{""x"":490,""y"":474,""t"":135},{""x"":505,""y"":464,""t"":199},{""x"":514,""y"":456,""t"":237},{""x"":507,""y"":454,""t"":273},{""x"":450,""y"":433,""t"":331},{""x"":399,""y"":408,""t"":346},{""x"":359,""y"":376,""t"":407},{""x"":327,""y"":349,""t"":422},{""x"":296,""y"":324,""t"":483},{""x"":275,""y"":302,""t"":511},{""x"":265,""y"":305,""t"":573},{""x"":270,""y"":310,""t"":588},{""x"":281,""y"":315,""t"":648},{""x"":290,""y"":302,""t"":700},{""x"":297,""y"":299,""t"":714},{""x"":315,""y"":312,""t"":774},{""x"":317,""y"":303,""t"":791},{""x"":324,""y"":303,""t"":851},{""x"":321,""y"":304,""t"":902},{""x"":331,""y"":317,""t"":919},{""x"":345,""y"":295,""t"":979},{""x"":359,""y"":303,""t"":993},{""x"":355,""y"":302,""t"":1054},{""x"":372,""y"":315,""t"":1106},{""x"":367,""y"":307,""t"":1124},{""x"":370,""y"":320,""t"":1184},{""x"":372,""y"":331,""t"":1198},{""x"":373,""y"":319,""t"":1258},{""x"":365,""y"":316,""t"":1272},{""x"":367,""y"":326,""t"":1332},{""x"":366,""y"":349,""t"":1361},{""x"":452,""y"":354,""t"":1422},{""x"":524,""y"":358,""t"":1437},{""x"":590,""y"":358,""t"":1500},{""x"":633,""y"":364,""t"":1562},{""x"":678,""y"":371,""t"":1581},{""x"":714,""y"":371,""t"":1619},{""x"":748,""y"":357,""t"":1656},{""x"":749,""y"":370,""t"":1693},{""x"":752,""y"":373,""t"":1730},{""x"":753,""y"":378,""t"":1767},{""x"":749,""y"":378,""t"":1804},{""x"":737,""y"":414,""t"":1864},{""x"":734,""y"":455,""t"":1881},{""x"":730,""y"":486,""t"":1939},{""x"":727,""y"":508,""t"":1991},{""x"":724,""y"":524,""t"":2006},{""x"":720,""y"":542,""t"":2065},{""x"":732,""y"":585,""t"":2079},{""x"":754,""y"":611,""t"":2130},{""x"":744,""y"":612,""t"":2167},{""x"":745,""y"":630,""t"":2206},{""x"":764,""y"":635,""t"":2245},{""x"":647,""y"":622,""t"":2306},{""x"":534,""y"":606,""t"":2322},{""x"":447,""y"":572,""t"":2384},{""x"":367,""y"":552,""t"":2450},{""x"":315,""y"":543,""t"":2503},{""x"":259,""y"":520,""t"":2520},{""x"":235,""y"":524,""t"":2579},{""x"":219,""y"":529,""t"":2594},{""x"":187,""y"":534,""t"":2655},{""x"":250,""y"":541,""t"":2709},{""x"":302,""y"":540,""t"":2724},{""x"":423,""y"":514,""t"":2783},{""x"":527,""y"":497,""t"":2798},{""x"":583,""y"":467,""t"":2858},{""x"":650,""y"":443,""t"":2913},{""x"":704,""y"":423,""t"":2928},{""x"":767,""y"":375,""t"":2990},{""x"":816,""y"":336,""t"":3005},{""x"":846,""y"":337,""t"":3067},{""x"":868,""y"":340,""t"":3096},{""x"":781,""y"":302,""t"":3172},{""x"":704,""y"":271,""t"":3197},{""x"":592,""y"":255,""t"":3258},{""x"":507,""y"":248,""t"":3273},{""x"":435,""y"":254,""t"":3334},{""x"":373,""y"":251,""t"":3388},{""x"":315,""y"":259,""t"":3403},{""x"":286,""y"":277,""t"":3463},{""x"":254,""y"":281,""t"":3477},{""x"":250,""y"":299,""t"":3537},{""x"":257,""y"":300,""t"":3571},{""x"":352,""y"":330,""t"":3651},{""x"":431,""y"":343,""t"":3674},{""x"":500,""y"":338,""t"":3737},{""x"":562,""y"":357,""t"":3752},{""x"":624,""y"":370,""t"":3810},{""x"":671,""y"":368,""t"":3874},{""x"":713,""y"":366,""t"":3891},{""x"":734,""y"":374,""t"":3951},{""x"":765,""y"":353,""t"":3980},{""x"":785,""y"":370,""t"":4039},{""x"":798,""y"":384,""t"":4054},{""x"":794,""y"":391,""t"":4115},{""x"":806,""y"":439,""t"":4177},{""x"":793,""y"":492,""t"":4202},{""x"":790,""y"":549,""t"":4243},{""x"":792,""y"":582,""t"":4291},{""x"":788,""y"":623,""t"":4352},{""x"":787,""y"":627,""t"":4404},{""x"":786,""y"":628,""t"":4421},{""x"":759,""y"":640,""t"":4481},{""x"":730,""y"":635,""t"":4496},{""x"":638,""y"":621,""t"":4556},{""x"":539,""y"":600,""t"":4570},{""x"":458,""y"":580,""t"":4631},{""x"":390,""y"":579,""t"":4682},{""x"":334,""y"":569,""t"":4698},{""x"":275,""y"":560,""t"":4757},{""x"":226,""y"":547,""t"":4771},{""x"":208,""y"":532,""t"":4835},{""x"":198,""y"":520,""t"":4864},{""x"":295,""y"":512,""t"":4923},{""x"":381,""y"":506,""t"":4938},{""x"":446,""y"":517,""t"":5019},{""x"":486,""y"":516,""t"":5034},{""x"":528,""y"":522,""t"":5094},{""x"":562,""y"":528,""t"":5109},{""x"":580,""y"":536,""t"":5174},{""x"":594,""y"":544,""t"":5203},{""x"":607,""y"":558,""t"":5278},{""x"":624,""y"":563,""t"":5305},{""x"":618,""y"":556,""t"":5367},{""x"":611,""y"":549,""t"":5382},{""x"":597,""y"":522,""t"":5443},{""x"":580,""y"":493,""t"":5499},{""x"":565,""y"":469,""t"":5514},{""x"":571,""y"":422,""t"":5578}]",0,0.993377805933692,0.006622194066308092,wa_b-last,0
147-attributes,1,104,exp_51,0.0,304.19999998807907,0.49,0.32,6.9,8.2,higher_p,higher_m,0,1,attributes,1.0,True,3.381,2.624,0.7570000000000006,1.0364678509508771,0.5,0.5,0.6,0.4,0.0,0.0,higher_p,higher_p,True,"{""durations"":[1000,1500,1000,1500],""alternatives"":[""all"",""all"",""all"",""all""],""attributes"":[""m"",""p"",""m"",""p""]}","[{""x"":460,""y"":508,""t"":-15},{""x"":462,""y"":511,""t"":0},{""x"":455,""y"":522,""t"":64},{""x"":466,""y"":520,""t"":82},{""x"":479,""y"":504,""t"":153},{""x"":485,""y"":482,""t"":217},{""x"":477,""y"":469,""t"":276},{""x"":431,""y"":408,""t"":328},{""x"":410,""y"":347,""t"":344},{""x"":373,""y"":310,""t"":403},{""x"":362,""y"":279,""t"":418},{""x"":338,""y"":252,""t"":479},{""x"":334,""y"":223,""t"":533},{""x"":333,""y"":200,""t"":547},{""x"":309,""y"":193,""t"":606},{""x"":297,""y"":197,""t"":622},{""x"":367,""y"":182,""t"":682},{""x"":492,""y"":174,""t"":733},{""x"":578,""y"":182,""t"":749},{""x"":647,""y"":192,""t"":808},{""x"":703,""y"":203,""t"":822},{""x"":755,""y"":200,""t"":880},{""x"":776,""y"":214,""t"":896},{""x"":776,""y"":199,""t"":956},{""x"":742,""y"":207,""t"":1022},{""x"":619,""y"":186,""t"":1073},{""x"":527,""y"":174,""t"":1089},{""x"":443,""y"":169,""t"":1149},{""x"":383,""y"":155,""t"":1165},{""x"":346,""y"":139,""t"":1228},{""x"":328,""y"":195,""t"":1278},{""x"":319,""y"":238,""t"":1295},{""x"":305,""y"":320,""t"":1355},{""x"":278,""y"":394,""t"":1369},{""x"":301,""y"":457,""t"":1444},{""x"":310,""y"":489,""t"":1463},{""x"":302,""y"":509,""t"":1523},{""x"":296,""y"":522,""t"":1538},{""x"":290,""y"":528,""t"":1602},{""x"":398,""y"":542,""t"":1657},{""x"":469,""y"":559,""t"":1699},{""x"":530,""y"":571,""t"":1713},{""x"":591,""y"":569,""t"":1796},{""x"":641,""y"":565,""t"":1811},{""x"":699,""y"":583,""t"":1873},{""x"":738,""y"":573,""t"":1924},{""x"":766,""y"":559,""t"":1940},{""x"":786,""y"":571,""t"":2001},{""x"":799,""y"":580,""t"":2015},{""x"":791,""y"":570,""t"":2077},{""x"":788,""y"":567,""t"":2128},{""x"":782,""y"":564,""t"":2143},{""x"":746,""y"":530,""t"":2203},{""x"":709,""y"":505,""t"":2219},{""x"":680,""y"":469,""t"":2279},{""x"":639,""y"":442,""t"":2332},{""x"":621,""y"":412,""t"":2348},{""x"":594,""y"":391,""t"":2408},{""x"":579,""y"":367,""t"":2426},{""x"":553,""y"":360,""t"":2490},{""x"":532,""y"":355,""t"":2517},{""x"":533,""y"":363,""t"":2593},{""x"":520,""y"":358,""t"":2620},{""x"":492,""y"":329,""t"":2680},{""x"":470,""y"":306,""t"":2695},{""x"":491,""y"":314,""t"":2755},{""x"":505,""y"":324,""t"":2818},{""x"":519,""y"":334,""t"":2835},{""x"":469,""y"":313,""t"":2895},{""x"":429,""y"":299,""t"":2946},{""x"":397,""y"":287,""t"":2960},{""x"":370,""y"":278,""t"":3021},{""x"":351,""y"":259,""t"":3037},{""x"":286,""y"":257,""t"":3099},{""x"":269,""y"":250,""t"":3150},{""x"":265,""y"":235,""t"":3165},{""x"":272,""y"":212,""t"":3226},{""x"":291,""y"":199,""t"":3240},{""x"":311,""y"":186,""t"":3303},{""x"":330,""y"":176,""t"":3333},{""x"":433,""y"":200,""t"":3394},{""x"":511,""y"":222,""t"":3409},{""x"":599,""y"":224,""t"":3470},{""x"":651,""y"":237,""t"":3531},{""x"":693,""y"":231,""t"":3557},{""x"":719,""y"":244,""t"":3605},{""x"":725,""y"":245,""t"":3669},{""x"":727,""y"":246,""t"":3683},{""x"":694,""y"":291,""t"":3745},{""x"":664,""y"":321,""t"":3774},{""x"":648,""y"":367,""t"":3860},{""x"":625,""y"":396,""t"":3880},{""x"":571,""y"":427,""t"":3941},{""x"":525,""y"":451,""t"":3956},{""x"":482,""y"":479,""t"":4017},{""x"":410,""y"":522,""t"":4083},{""x"":377,""y"":532,""t"":4136},{""x"":356,""y"":547,""t"":4150},{""x"":330,""y"":559,""t"":4210},{""x"":319,""y"":560,""t"":4224},{""x"":301,""y"":559,""t"":4287},{""x"":290,""y"":556,""t"":4354},{""x"":285,""y"":534,""t"":4408},{""x"":277,""y"":523,""t"":4423},{""x"":257,""y"":511,""t"":4484},{""x"":242,""y"":500,""t"":4499},{""x"":251,""y"":493,""t"":4565},{""x"":256,""y"":506,""t"":4592},{""x"":263,""y"":518,""t"":4656},{""x"":263,""y"":529,""t"":4671},{""x"":254,""y"":523,""t"":4737},{""x"":251,""y"":507,""t"":4761},{""x"":246,""y"":511,""t"":4824},{""x"":254,""y"":522,""t"":4838},{""x"":264,""y"":514,""t"":4900},{""x"":276,""y"":513,""t"":4953},{""x"":287,""y"":506,""t"":4969},{""x"":294,""y"":513,""t"":5033},{""x"":305,""y"":512,""t"":5087},{""x"":315,""y"":497,""t"":5103},{""x"":308,""y"":492,""t"":5169},{""x"":304,""y"":498,""t"":5224},{""x"":319,""y"":503,""t"":5238},{""x"":301,""y"":539,""t"":5301},{""x"":293,""y"":540,""t"":5316},{""x"":290,""y"":519,""t"":5379},{""x"":286,""y"":505,""t"":5407},{""x"":296,""y"":519,""t"":5471},{""x"":303,""y"":530,""t"":5486},{""x"":310,""y"":515,""t"":5552},{""x"":316,""y"":501,""t"":5577},{""x"":312,""y"":508,""t"":5640},{""x"":304,""y"":502,""t"":5655},{""x"":294,""y"":499,""t"":5719},{""x"":285,""y"":497,""t"":5748},{""x"":313,""y"":486,""t"":5826},{""x"":330,""y"":474,""t"":5848}]",0,0.848026848814295,0.15197315118570498,wa_b-last,0
147-attributes,1,105,exp_85,1.0,248.0,0.61,0.29,2.2,8.1,higher_p,higher_m,0,1,attributes,1.0,True,1.342,2.349,-1.0069999999999997,-0.7791520984804501,0.5,0.5,0.4,0.6,1.0,0.0,higher_m,higher_p,False,"{""durations"":[1500,1000,1500,1000],""alternatives"":[""all"",""all"",""all"",""all""],""attributes"":[""m"",""p"",""m"",""p""]}","[{""x"":558,""y"":353,""t"":-81},{""x"":567,""y"":361,""t"":0},{""x"":569,""y"":360,""t"":74},{""x"":583,""y"":346,""t"":142},{""x"":562,""y"":369,""t"":189},{""x"":579,""y"":380,""t"":214},{""x"":561,""y"":400,""t"":278},{""x"":519,""y"":361,""t"":324},{""x"":449,""y"":321,""t"":340},{""x"":419,""y"":277,""t"":400},{""x"":385,""y"":245,""t"":414},{""x"":361,""y"":211,""t"":475},{""x"":342,""y"":183,""t"":490},{""x"":364,""y"":181,""t"":552},{""x"":459,""y"":185,""t"":600},{""x"":541,""y"":191,""t"":615},{""x"":602,""y"":169,""t"":679},{""x"":658,""y"":162,""t"":693},{""x"":710,""y"":164,""t"":751},{""x"":739,""y"":157,""t"":798},{""x"":774,""y"":144,""t"":817},{""x"":793,""y"":172,""t"":875},{""x"":789,""y"":201,""t"":890},{""x"":802,""y"":225,""t"":952},{""x"":790,""y"":264,""t"":1000},{""x"":783,""y"":275,""t"":1021},{""x"":683,""y"":268,""t"":1080},{""x"":616,""y"":274,""t"":1095},{""x"":515,""y"":264,""t"":1154},{""x"":437,""y"":255,""t"":1169},{""x"":395,""y"":253,""t"":1229},{""x"":382,""y"":242,""t"":1272},{""x"":375,""y"":232,""t"":1294},{""x"":374,""y"":239,""t"":1354},{""x"":376,""y"":246,""t"":1368},{""x"":352,""y"":278,""t"":1433},{""x"":321,""y"":312,""t"":1480},{""x"":293,""y"":348,""t"":1507},{""x"":323,""y"":383,""t"":1568},{""x"":304,""y"":414,""t"":1599},{""x"":280,""y"":434,""t"":1658},{""x"":261,""y"":448,""t"":1672},{""x"":260,""y"":430,""t"":1733},{""x"":262,""y"":413,""t"":1747},{""x"":246,""y"":440,""t"":1806},{""x"":264,""y"":471,""t"":1865},{""x"":280,""y"":496,""t"":1881},{""x"":323,""y"":520,""t"":1940},{""x"":447,""y"":548,""t"":1985},{""x"":554,""y"":525,""t"":2006},{""x"":643,""y"":512,""t"":2067},{""x"":716,""y"":499,""t"":2082},{""x"":786,""y"":491,""t"":2142},{""x"":834,""y"":461,""t"":2158},{""x"":868,""y"":440,""t"":2194},{""x"":888,""y"":444,""t"":2231},{""x"":878,""y"":456,""t"":2269},{""x"":863,""y"":477,""t"":2306},{""x"":849,""y"":501,""t"":2343},{""x"":834,""y"":522,""t"":2381},{""x"":700,""y"":529,""t"":2443},{""x"":586,""y"":540,""t"":2458},{""x"":501,""y"":561,""t"":2517},{""x"":420,""y"":557,""t"":2564},{""x"":351,""y"":566,""t"":2585},{""x"":317,""y"":556,""t"":2646},{""x"":293,""y"":547,""t"":2660},{""x"":279,""y"":551,""t"":2723},{""x"":262,""y"":475,""t"":2771},{""x"":251,""y"":410,""t"":2788},{""x"":260,""y"":334,""t"":2848},{""x"":283,""y"":262,""t"":2863},{""x"":281,""y"":225,""t"":2925},{""x"":283,""y"":193,""t"":2959},{""x"":269,""y"":146,""t"":3036},{""x"":280,""y"":120,""t"":3083},{""x"":279,""y"":102,""t"":3098},{""x"":324,""y"":100,""t"":3158},{""x"":353,""y"":93,""t"":3172},{""x"":460,""y"":95,""t"":3233},{""x"":547,""y"":128,""t"":3280},{""x"":630,""y"":162,""t"":3299},{""x"":670,""y"":151,""t"":3360},{""x"":712,""y"":149,""t"":3376},{""x"":753,""y"":163,""t"":3445},{""x"":775,""y"":171,""t"":3493},{""x"":788,""y"":178,""t"":3508},{""x"":789,""y"":189,""t"":3571},{""x"":797,""y"":200,""t"":3616},{""x"":800,""y"":209,""t"":3638},{""x"":789,""y"":226,""t"":3701},{""x"":777,""y"":240,""t"":3715},{""x"":779,""y"":251,""t"":3780},{""x"":778,""y"":264,""t"":3827},{""x"":767,""y"":269,""t"":3842},{""x"":759,""y"":316,""t"":3906},{""x"":751,""y"":375,""t"":3920},{""x"":730,""y"":434,""t"":3983},{""x"":757,""y"":454,""t"":4031},{""x"":766,""y"":499,""t"":4048},{""x"":787,""y"":513,""t"":4112},{""x"":794,""y"":542,""t"":4126},{""x"":775,""y"":489,""t"":4190},{""x"":767,""y"":463,""t"":4238},{""x"":761,""y"":440,""t"":4253},{""x"":746,""y"":433,""t"":4314},{""x"":733,""y"":427,""t"":4330},{""x"":703,""y"":452,""t"":4392},{""x"":724,""y"":454,""t"":4443},{""x"":743,""y"":454,""t"":4458},{""x"":734,""y"":452,""t"":4521},{""x"":739,""y"":447,""t"":4537},{""x"":656,""y"":466,""t"":4600},{""x"":550,""y"":440,""t"":4651},{""x"":458,""y"":449,""t"":4666},{""x"":407,""y"":458,""t"":4735},{""x"":359,""y"":441,""t"":4763},{""x"":325,""y"":455,""t"":4832},{""x"":297,""y"":449,""t"":4892},{""x"":282,""y"":425,""t"":4910},{""x"":249,""y"":429,""t"":4973},{""x"":229,""y"":420,""t"":5021},{""x"":203,""y"":434,""t"":5037},{""x"":212,""y"":416,""t"":5099},{""x"":207,""y"":441,""t"":5114},{""x"":209,""y"":417,""t"":5179},{""x"":215,""y"":429,""t"":5229},{""x"":212,""y"":422,""t"":5244},{""x"":217,""y"":422,""t"":5308},{""x"":235,""y"":442,""t"":5363},{""x"":284,""y"":421,""t"":5391},{""x"":330,""y"":402,""t"":5437},{""x"":388,""y"":382,""t"":5475},{""x"":435,""y"":381,""t"":5539},{""x"":462,""y"":354,""t"":5553},{""x"":481,""y"":359,""t"":5616},{""x"":506,""y"":358,""t"":5671},{""x"":513,""y"":369,""t"":5689},{""x"":476,""y"":311,""t"":5753},{""x"":566,""y"":311,""t"":5802}]",1,0.46501216093534536,0.5349878390646546,wa_b-last,0
147-attributes,1,111,exp_11,0.0,183.3999999910593,0.7,0.29,1.7999999999999998,5.0,higher_p,higher_m,0,1,attributes,1.0,True,1.2599999999999998,1.45,-0.1900000000000001,0.061755780592902,0.5,0.5,0.6,0.4,0.0,0.0,higher_p,higher_p,True,"{""durations"":[1000,1500,1000,1500],""alternatives"":[""all"",""all"",""all"",""all""],""attributes"":[""m"",""p"",""m"",""p""]}","[{""x"":487,""y"":417,""t"":-16},{""x"":488,""y"":412,""t"":0},{""x"":504,""y"":408,""t"":64},{""x"":532,""y"":402,""t"":92},{""x"":555,""y"":396,""t"":142},{""x"":545,""y"":384,""t"":217},{""x"":532,""y"":385,""t"":251},{""x"":466,""y"":399,""t"":311},{""x"":426,""y"":355,""t"":358},{""x"":382,""y"":312,""t"":374},{""x"":353,""y"":304,""t"":434},{""x"":326,""y"":307,""t"":449},{""x"":331,""y"":288,""t"":508},{""x"":308,""y"":293,""t"":524},{""x"":301,""y"":304,""t"":583},{""x"":300,""y"":302,""t"":628},{""x"":300,""y"":301,""t"":647},{""x"":401,""y"":299,""t"":708},{""x"":489,""y"":299,""t"":723},{""x"":563,""y"":279,""t"":781},{""x"":607,""y"":255,""t"":798},{""x"":661,""y"":239,""t"":836},{""x"":714,""y"":235,""t"":873},{""x"":745,""y"":255,""t"":910},{""x"":738,""y"":231,""t"":947},{""x"":750,""y"":215,""t"":986},{""x"":711,""y"":209,""t"":1022},{""x"":673,""y"":217,""t"":1085},{""x"":657,""y"":253,""t"":1100},{""x"":680,""y"":303,""t"":1161},{""x"":707,""y"":315,""t"":1207},{""x"":718,""y"":303,""t"":1226},{""x"":710,""y"":316,""t"":1286},{""x"":701,""y"":326,""t"":1300},{""x"":679,""y"":343,""t"":1360},{""x"":713,""y"":353,""t"":1406},{""x"":722,""y"":368,""t"":1430},{""x"":726,""y"":390,""t"":1489},{""x"":726,""y"":411,""t"":1503},{""x"":731,""y"":432,""t"":1562},{""x"":727,""y"":436,""t"":1576},{""x"":740,""y"":454,""t"":1644},{""x"":750,""y"":469,""t"":1673},{""x"":773,""y"":473,""t"":1739},{""x"":662,""y"":496,""t"":1788},{""x"":581,""y"":521,""t"":1803},{""x"":470,""y"":536,""t"":1863},{""x"":378,""y"":547,""t"":1877},{""x"":300,""y"":545,""t"":1936},{""x"":239,""y"":541,""t"":1951},{""x"":212,""y"":549,""t"":2012},{""x"":179,""y"":557,""t"":2059},{""x"":157,""y"":562,""t"":2075},{""x"":157,""y"":551,""t"":2135},{""x"":162,""y"":540,""t"":2150},{""x"":236,""y"":530,""t"":2210},{""x"":327,""y"":526,""t"":2256},{""x"":407,""y"":522,""t"":2279},{""x"":481,""y"":521,""t"":2338},{""x"":526,""y"":514,""t"":2352},{""x"":565,""y"":519,""t"":2418},{""x"":596,""y"":524,""t"":2450},{""x"":597,""y"":510,""t"":2521},{""x"":536,""y"":428,""t"":2570},{""x"":468,""y"":386,""t"":2585},{""x"":413,""y"":321,""t"":2644},{""x"":384,""y"":277,""t"":2658},{""x"":359,""y"":255,""t"":2718},{""x"":338,""y"":223,""t"":2734},{""x"":320,""y"":211,""t"":2793},{""x"":316,""y"":222,""t"":2839},{""x"":305,""y"":231,""t"":2856},{""x"":308,""y"":216,""t"":2914},{""x"":304,""y"":204,""t"":2929},{""x"":419,""y"":216,""t"":2991},{""x"":502,""y"":230,""t"":3008},{""x"":589,""y"":243,""t"":3057},{""x"":650,""y"":231,""t"":3094},{""x"":692,""y"":231,""t"":3155},{""x"":725,""y"":232,""t"":3169},{""x"":767,""y"":239,""t"":3229},{""x"":788,""y"":234,""t"":3244},{""x"":708,""y"":237,""t"":3305},{""x"":634,""y"":242,""t"":3353},{""x"":555,""y"":244,""t"":3367},{""x"":482,""y"":246,""t"":3429},{""x"":421,""y"":247,""t"":3443},{""x"":363,""y"":267,""t"":3505},{""x"":319,""y"":262,""t"":3551},{""x"":271,""y"":270,""t"":3570},{""x"":243,""y"":282,""t"":3629},{""x"":239,""y"":296,""t"":3644},{""x"":233,""y"":344,""t"":3705},{""x"":231,""y"":383,""t"":3720},{""x"":232,""y"":424,""t"":3780},{""x"":252,""y"":461,""t"":3828},{""x"":240,""y"":457,""t"":3842},{""x"":235,""y"":464,""t"":3902},{""x"":243,""y"":487,""t"":3917},{""x"":222,""y"":506,""t"":3977},{""x"":216,""y"":506,""t"":3992},{""x"":246,""y"":521,""t"":4052},{""x"":386,""y"":508,""t"":4096},{""x"":485,""y"":502,""t"":4116},{""x"":594,""y"":532,""t"":4177},{""x"":670,""y"":539,""t"":4191},{""x"":730,""y"":524,""t"":4251},{""x"":779,""y"":522,""t"":4298},{""x"":796,""y"":552,""t"":4319},{""x"":835,""y"":525,""t"":4379},{""x"":845,""y"":529,""t"":4393},{""x"":885,""y"":510,""t"":4453},{""x"":890,""y"":514,""t"":4467},{""x"":875,""y"":497,""t"":4527},{""x"":748,""y"":505,""t"":4573},{""x"":638,""y"":513,""t"":4591},{""x"":522,""y"":515,""t"":4650},{""x"":425,""y"":517,""t"":4664},{""x"":360,""y"":512,""t"":4724},{""x"":309,""y"":507,""t"":4738},{""x"":269,""y"":518,""t"":4800},{""x"":239,""y"":495,""t"":4848},{""x"":209,""y"":509,""t"":4863},{""x"":201,""y"":508,""t"":4924},{""x"":195,""y"":512,""t"":4939},{""x"":185,""y"":482,""t"":5001},{""x"":184,""y"":459,""t"":5047},{""x"":181,""y"":452,""t"":5067},{""x"":187,""y"":456,""t"":5128},{""x"":192,""y"":471,""t"":5144},{""x"":199,""y"":476,""t"":5203},{""x"":282,""y"":497,""t"":5249},{""x"":357,""y"":508,""t"":5271},{""x"":430,""y"":501,""t"":5330},{""x"":490,""y"":513,""t"":5345},{""x"":530,""y"":487,""t"":5404},{""x"":561,""y"":473,""t"":5421},{""x"":557,""y"":476,""t"":5484},{""x"":562,""y"":457,""t"":5547},{""x"":575,""y"":464,""t"":5595},{""x"":567,""y"":487,""t"":5611},{""x"":586,""y"":492,""t"":5674},{""x"":586,""y"":490,""t"":5688}]",0,0.9692174503397827,0.030782549660217366,wa_b-last,0
147-attributes,1,114,catch_17,1.0,3.699999988079071,0.4,0.68,2.2,3.0,dominated,dominant,1,1,attributes,1.0,True,0.8800000000000001,2.04,-1.16,-0.9366293389923512,0.5,0.5,0.5,0.5,,1.0,,dominant,True,"{""durations"":[1250,1250,1250,1250],""attributes"":[""p"",""m"",""p"",""m""],""alternatives"":[""all"",""all"",""all"",""all""]}","[{""x"":469,""y"":438,""t"":-40},{""x"":465,""y"":440,""t"":0},{""x"":463,""y"":427,""t"":86},{""x"":470,""y"":432,""t"":111},{""x"":466,""y"":425,""t"":201},{""x"":452,""y"":415,""t"":239},{""x"":410,""y"":433,""t"":300},{""x"":375,""y"":449,""t"":316},{""x"":357,""y"":477,""t"":386},{""x"":344,""y"":515,""t"":409},{""x"":317,""y"":542,""t"":468},{""x"":295,""y"":563,""t"":482},{""x"":276,""y"":559,""t"":545},{""x"":249,""y"":571,""t"":616},{""x"":228,""y"":580,""t"":647},{""x"":220,""y"":577,""t"":715},{""x"":210,""y"":581,""t"":769},{""x"":193,""y"":587,""t"":783},{""x"":191,""y"":584,""t"":843},{""x"":191,""y"":581,""t"":858},{""x"":321,""y"":579,""t"":919},{""x"":432,""y"":577,""t"":952},{""x"":528,""y"":581,""t"":1013},{""x"":612,""y"":580,""t"":1027},{""x"":675,""y"":577,""t"":1087},{""x"":724,""y"":574,""t"":1102},{""x"":756,""y"":573,""t"":1162},{""x"":776,""y"":571,""t"":1226},{""x"":706,""y"":575,""t"":1281},{""x"":650,""y"":559,""t"":1295},{""x"":535,""y"":562,""t"":1355},{""x"":441,""y"":567,""t"":1370},{""x"":371,""y"":571,""t"":1430},{""x"":296,""y"":575,""t"":1498},{""x"":272,""y"":560,""t"":1548},{""x"":256,""y"":547,""t"":1564},{""x"":244,""y"":489,""t"":1624},{""x"":242,""y"":439,""t"":1639},{""x"":219,""y"":413,""t"":1698},{""x"":196,""y"":384,""t"":1713},{""x"":282,""y"":385,""t"":1774},{""x"":353,""y"":361,""t"":1802},{""x"":437,""y"":341,""t"":1873},{""x"":508,""y"":326,""t"":1905},{""x"":569,""y"":319,""t"":1964},{""x"":631,""y"":314,""t"":1980},{""x"":674,""y"":306,""t"":2038},{""x"":709,""y"":285,""t"":2053},{""x"":720,""y"":306,""t"":2112},{""x"":736,""y"":319,""t"":2177},{""x"":653,""y"":306,""t"":2226},{""x"":548,""y"":323,""t"":2245},{""x"":436,""y"":320,""t"":2304},{""x"":338,""y"":309,""t"":2319},{""x"":259,""y"":302,""t"":2380},{""x"":195,""y"":296,""t"":2394},{""x"":139,""y"":306,""t"":2460},{""x"":95,""y"":315,""t"":2488},{""x"":87,""y"":388,""t"":2557},{""x"":117,""y"":443,""t"":2586},{""x"":136,""y"":497,""t"":2642},{""x"":158,""y"":536,""t"":2680},{""x"":171,""y"":570,""t"":2717},{""x"":184,""y"":595,""t"":2754},{""x"":221,""y"":597,""t"":2813},{""x"":254,""y"":595,""t"":2828},{""x"":256,""y"":600,""t"":2889},{""x"":258,""y"":602,""t"":2903},{""x"":276,""y"":606,""t"":2964},{""x"":260,""y"":604,""t"":2993},{""x"":295,""y"":594,""t"":3057},{""x"":393,""y"":589,""t"":3082},{""x"":483,""y"":597,""t"":3120},{""x"":560,""y"":585,""t"":3157},{""x"":615,""y"":577,""t"":3195},{""x"":675,""y"":579,""t"":3233},{""x"":706,""y"":571,""t"":3293},{""x"":728,""y"":562,""t"":3308},{""x"":745,""y"":550,""t"":3368},{""x"":752,""y"":535,""t"":3420},{""x"":748,""y"":533,""t"":3436},{""x"":756,""y"":544,""t"":3494},{""x"":773,""y"":587,""t"":3509},{""x"":759,""y"":570,""t"":3569},{""x"":747,""y"":555,""t"":3584},{""x"":741,""y"":570,""t"":3646},{""x"":741,""y"":570,""t"":3672},{""x"":744,""y"":575,""t"":3733},{""x"":746,""y"":580,""t"":3747},{""x"":751,""y"":577,""t"":3807},{""x"":762,""y"":583,""t"":3822},{""x"":745,""y"":594,""t"":3882},{""x"":737,""y"":588,""t"":3949},{""x"":702,""y"":583,""t"":4013},{""x"":599,""y"":525,""t"":4065},{""x"":512,""y"":475,""t"":4080},{""x"":407,""y"":444,""t"":4142},{""x"":320,""y"":419,""t"":4159},{""x"":284,""y"":415,""t"":4218},{""x"":237,""y"":357,""t"":4286},{""x"":191,""y"":337,""t"":4338},{""x"":165,""y"":312,""t"":4353},{""x"":139,""y"":284,""t"":4415},{""x"":121,""y"":268,""t"":4429},{""x"":116,""y"":269,""t"":4493},{""x"":99,""y"":268,""t"":4522},{""x"":97,""y"":277,""t"":4600},{""x"":111,""y"":308,""t"":4625},{""x"":141,""y"":287,""t"":4700},{""x"":176,""y"":271,""t"":4727},{""x"":219,""y"":248,""t"":4780},{""x"":240,""y"":260,""t"":4818},{""x"":243,""y"":271,""t"":4856},{""x"":255,""y"":274,""t"":4895},{""x"":249,""y"":313,""t"":4934},{""x"":242,""y"":340,""t"":4996},{""x"":235,""y"":362,""t"":5010},{""x"":249,""y"":364,""t"":5072},{""x"":261,""y"":365,""t"":5100},{""x"":280,""y"":382,""t"":5162},{""x"":275,""y"":391,""t"":5177},{""x"":290,""y"":365,""t"":5238},{""x"":290,""y"":358,""t"":5304},{""x"":290,""y"":351,""t"":5318},{""x"":340,""y"":374,""t"":5376},{""x"":391,""y"":370,""t"":5441},{""x"":434,""y"":366,""t"":5476},{""x"":471,""y"":388,""t"":5552}]",1,0.006227694632770861,0.9937723053672292,wa_b-last,0
147-attributes,1,115,exp_87,1.0,233.5,0.61,0.29,2.2,8.1,higher_p,higher_m,0,1,attributes,1.0,True,1.342,2.349,-1.0069999999999997,-0.7791520984804501,0.5,0.5,0.4,0.6,1.0,1.0,higher_m,higher_m,False,"{""durations"":[1000,1500,1000,1500],""alternatives"":[""all"",""all"",""all"",""all""],""attributes"":[""p"",""m"",""p"",""m""]}","[{""x"":490,""y"":387,""t"":-40},{""x"":481,""y"":381,""t"":0},{""x"":420,""y"":368,""t"":70},{""x"":381,""y"":376,""t"":103},{""x"":352,""y"":334,""t"":188},{""x"":330,""y"":315,""t"":205},{""x"":311,""y"":292,""t"":265},{""x"":308,""y"":279,""t"":279},{""x"":298,""y"":338,""t"":337},{""x"":273,""y"":384,""t"":353},{""x"":274,""y"":422,""t"":413},{""x"":256,""y"":461,""t"":465},{""x"":243,""y"":494,""t"":480},{""x"":231,""y"":523,""t"":540},{""x"":233,""y"":545,""t"":556},{""x"":246,""y"":563,""t"":616},{""x"":354,""y"":599,""t"":680},{""x"":446,""y"":620,""t"":697},{""x"":543,""y"":632,""t"":735},{""x"":603,""y"":628,""t"":773},{""x"":658,""y"":633,""t"":812},{""x"":702,""y"":635,""t"":850},{""x"":734,""y"":635,""t"":886},{""x"":742,""y"":633,""t"":946},{""x"":763,""y"":624,""t"":961},{""x"":767,""y"":616,""t"":1023},{""x"":765,""y"":606,""t"":1073},{""x"":756,""y"":593,""t"":1088},{""x"":750,""y"":596,""t"":1149},{""x"":757,""y"":577,""t"":1163},{""x"":749,""y"":574,""t"":1221},{""x"":735,""y"":551,""t"":1236},{""x"":730,""y"":497,""t"":1298},{""x"":755,""y"":432,""t"":1349},{""x"":768,""y"":356,""t"":1364},{""x"":753,""y"":308,""t"":1425},{""x"":735,""y"":287,""t"":1441},{""x"":675,""y"":262,""t"":1490},{""x"":593,""y"":223,""t"":1527},{""x"":515,""y"":203,""t"":1564},{""x"":450,""y"":189,""t"":1601},{""x"":379,""y"":177,""t"":1660},{""x"":322,""y"":171,""t"":1674},{""x"":296,""y"":172,""t"":1737},{""x"":246,""y"":172,""t"":1790},{""x"":216,""y"":153,""t"":1811},{""x"":191,""y"":146,""t"":1855},{""x"":198,""y"":148,""t"":1893},{""x"":188,""y"":148,""t"":1930},{""x"":168,""y"":150,""t"":1966},{""x"":157,""y"":167,""t"":2003},{""x"":191,""y"":186,""t"":2040},{""x"":223,""y"":203,""t"":2077},{""x"":209,""y"":192,""t"":2138},{""x"":198,""y"":196,""t"":2154},{""x"":194,""y"":211,""t"":2213},{""x"":208,""y"":251,""t"":2267},{""x"":215,""y"":300,""t"":2281},{""x"":251,""y"":345,""t"":2339},{""x"":283,""y"":382,""t"":2354},{""x"":295,""y"":390,""t"":2414},{""x"":290,""y"":409,""t"":2480},{""x"":310,""y"":426,""t"":2498},{""x"":331,""y"":451,""t"":2537},{""x"":320,""y"":444,""t"":2575},{""x"":317,""y"":440,""t"":2613},{""x"":310,""y"":427,""t"":2654},{""x"":308,""y"":454,""t"":2713},{""x"":305,""y"":477,""t"":2728},{""x"":289,""y"":472,""t"":2790},{""x"":274,""y"":479,""t"":2843},{""x"":282,""y"":475,""t"":2859},{""x"":296,""y"":472,""t"":2918},{""x"":291,""y"":468,""t"":2933},{""x"":280,""y"":475,""t"":2994},{""x"":295,""y"":463,""t"":3049},{""x"":298,""y"":462,""t"":3063},{""x"":348,""y"":477,""t"":3122},{""x"":357,""y"":466,""t"":3138},{""x"":489,""y"":467,""t"":3199},{""x"":591,""y"":445,""t"":3264},{""x"":694,""y"":427,""t"":3279},{""x"":751,""y"":418,""t"":3317},{""x"":795,""y"":411,""t"":3388},{""x"":839,""y"":386,""t"":3425},{""x"":870,""y"":383,""t"":3463},{""x"":895,""y"":374,""t"":3513},{""x"":893,""y"":372,""t"":3576},{""x"":781,""y"":349,""t"":3628},{""x"":726,""y"":336,""t"":3644},{""x"":612,""y"":303,""t"":3706},{""x"":515,""y"":277,""t"":3720},{""x"":460,""y"":269,""t"":3782},{""x"":378,""y"":267,""t"":3809},{""x"":342,""y"":252,""t"":3871},{""x"":316,""y"":241,""t"":3885},{""x"":234,""y"":236,""t"":3947},{""x"":341,""y"":238,""t"":4010},{""x"":435,""y"":226,""t"":4027},{""x"":546,""y"":200,""t"":4088},{""x"":641,""y"":178,""t"":4116},{""x"":732,""y"":179,""t"":4178},{""x"":806,""y"":182,""t"":4192},{""x"":813,""y"":201,""t"":4253},{""x"":807,""y"":221,""t"":4306},{""x"":798,""y"":239,""t"":4321},{""x"":807,""y"":227,""t"":4383},{""x"":806,""y"":232,""t"":4398},{""x"":790,""y"":258,""t"":4460},{""x"":813,""y"":262,""t"":4489},{""x"":811,""y"":256,""t"":4550},{""x"":808,""y"":250,""t"":4564},{""x"":798,""y"":259,""t"":4627},{""x"":663,""y"":254,""t"":4680},{""x"":544,""y"":260,""t"":4694},{""x"":442,""y"":262,""t"":4755},{""x"":358,""y"":263,""t"":4771},{""x"":285,""y"":252,""t"":4833},{""x"":226,""y"":248,""t"":4907},{""x"":233,""y"":251,""t"":4932},{""x"":178,""y"":235,""t"":4996},{""x"":167,""y"":205,""t"":5016},{""x"":159,""y"":216,""t"":5066},{""x"":177,""y"":239,""t"":5104},{""x"":163,""y"":265,""t"":5169},{""x"":167,""y"":306,""t"":5222},{""x"":209,""y"":306,""t"":5237},{""x"":204,""y"":332,""t"":5300},{""x"":223,""y"":346,""t"":5315},{""x"":303,""y"":343,""t"":5379},{""x"":356,""y"":369,""t"":5407},{""x"":419,""y"":354,""t"":5470},{""x"":476,""y"":339,""t"":5485},{""x"":491,""y"":318,""t"":5547},{""x"":501,""y"":337,""t"":5615},{""x"":512,""y"":362,""t"":5644},{""x"":525,""y"":372,""t"":5708},{""x"":534,""y"":380,""t"":5722},{""x"":519,""y"":342,""t"":5786},{""x"":542,""y"":295,""t"":5814}]",1,0.259552510229022,0.7404474897709781,wa_b-last,0
147-attributes,1,117,exp_17,1.0,89.09999999403954,0.28,0.17,4.3,8.3,higher_p,higher_m,0,1,attributes,1.0,True,1.204,1.4110000000000005,-0.2070000000000003,0.0442583094249129,0.5,0.5,0.6,0.4,0.0,1.0,higher_p,higher_m,False,"{""durations"":[1500,1000,1500,1000],""alternatives"":[""all"",""all"",""all"",""all""],""attributes"":[""p"",""m"",""p"",""m""]}","[{""x"":457,""y"":469,""t"":-22},{""x"":475,""y"":466,""t"":0},{""x"":462,""y"":467,""t"":83},{""x"":457,""y"":467,""t"":104},{""x"":455,""y"":439,""t"":219},{""x"":443,""y"":412,""t"":238},{""x"":389,""y"":435,""t"":300},{""x"":344,""y"":454,""t"":315},{""x"":294,""y"":477,""t"":384},{""x"":283,""y"":495,""t"":408},{""x"":250,""y"":508,""t"":468},{""x"":223,""y"":507,""t"":482},{""x"":208,""y"":528,""t"":542},{""x"":198,""y"":545,""t"":556},{""x"":292,""y"":543,""t"":617},{""x"":371,""y"":542,""t"":647},{""x"":446,""y"":533,""t"":707},{""x"":510,""y"":524,""t"":722},{""x"":587,""y"":513,""t"":780},{""x"":645,""y"":507,""t"":794},{""x"":693,""y"":503,""t"":854},{""x"":725,""y"":508,""t"":907},{""x"":766,""y"":496,""t"":922},{""x"":713,""y"":495,""t"":982},{""x"":660,""y"":515,""t"":997},{""x"":575,""y"":519,""t"":1059},{""x"":513,""y"":519,""t"":1120},{""x"":447,""y"":514,""t"":1139},{""x"":409,""y"":525,""t"":1177},{""x"":376,""y"":517,""t"":1214},{""x"":346,""y"":507,""t"":1281},{""x"":316,""y"":503,""t"":1317},{""x"":311,""y"":504,""t"":1355},{""x"":294,""y"":498,""t"":1394},{""x"":346,""y"":516,""t"":1456},{""x"":398,""y"":533,""t"":1470},{""x"":502,""y"":547,""t"":1529},{""x"":574,""y"":531,""t"":1546},{""x"":670,""y"":534,""t"":1584},{""x"":711,""y"":508,""t"":1621},{""x"":749,""y"":486,""t"":1660},{""x"":791,""y"":484,""t"":1697},{""x"":839,""y"":484,""t"":1734},{""x"":828,""y"":482,""t"":1800},{""x"":757,""y"":425,""t"":1822},{""x"":668,""y"":410,""t"":1859},{""x"":632,""y"":390,""t"":1896},{""x"":572,""y"":369,""t"":1937},{""x"":523,""y"":361,""t"":1975},{""x"":425,""y"":320,""t"":2048},{""x"":314,""y"":307,""t"":2076},{""x"":263,""y"":288,""t"":2148},{""x"":219,""y"":281,""t"":2176},{""x"":240,""y"":287,""t"":2230},{""x"":366,""y"":245,""t"":2269},{""x"":473,""y"":229,""t"":2307},{""x"":546,""y"":216,""t"":2346},{""x"":616,""y"":213,""t"":2382},{""x"":685,""y"":222,""t"":2441},{""x"":712,""y"":225,""t"":2456},{""x"":744,""y"":226,""t"":2515},{""x"":766,""y"":226,""t"":2531},{""x"":800,""y"":223,""t"":2591},{""x"":824,""y"":222,""t"":2619},{""x"":835,""y"":240,""t"":2679},{""x"":840,""y"":256,""t"":2694},{""x"":816,""y"":287,""t"":2754},{""x"":805,""y"":337,""t"":2769},{""x"":794,""y"":370,""t"":2827},{""x"":783,""y"":397,""t"":2856},{""x"":780,""y"":438,""t"":2916},{""x"":647,""y"":463,""t"":2936},{""x"":527,""y"":488,""t"":2984},{""x"":419,""y"":502,""t"":3023},{""x"":325,""y"":512,""t"":3062},{""x"":297,""y"":530,""t"":3124},{""x"":273,""y"":528,""t"":3139},{""x"":252,""y"":527,""t"":3203},{""x"":240,""y"":531,""t"":3231},{""x"":233,""y"":534,""t"":3292},{""x"":240,""y"":537,""t"":3307},{""x"":229,""y"":547,""t"":3368},{""x"":234,""y"":552,""t"":3421},{""x"":242,""y"":556,""t"":3435},{""x"":265,""y"":543,""t"":3494},{""x"":287,""y"":530,""t"":3509},{""x"":298,""y"":520,""t"":3569},{""x"":314,""y"":518,""t"":3583},{""x"":294,""y"":451,""t"":3645},{""x"":277,""y"":394,""t"":3672},{""x"":287,""y"":368,""t"":3735},{""x"":296,""y"":347,""t"":3751},{""x"":281,""y"":309,""t"":3813},{""x"":246,""y"":311,""t"":3866},{""x"":252,""y"":284,""t"":3882},{""x"":268,""y"":257,""t"":3941},{""x"":269,""y"":249,""t"":3956},{""x"":256,""y"":248,""t"":4019},{""x"":267,""y"":248,""t"":4047},{""x"":241,""y"":252,""t"":4109},{""x"":219,""y"":256,""t"":4123},{""x"":224,""y"":244,""t"":4185},{""x"":232,""y"":238,""t"":4238},{""x"":239,""y"":233,""t"":4254},{""x"":248,""y"":240,""t"":4313},{""x"":256,""y"":248,""t"":4329},{""x"":247,""y"":259,""t"":4391},{""x"":251,""y"":248,""t"":4442},{""x"":255,""y"":239,""t"":4457},{""x"":274,""y"":250,""t"":4517},{""x"":289,""y"":260,""t"":4532},{""x"":286,""y"":258,""t"":4590},{""x"":267,""y"":249,""t"":4605},{""x"":240,""y"":265,""t"":4643},{""x"":264,""y"":270,""t"":4682},{""x"":318,""y"":250,""t"":4722},{""x"":439,""y"":235,""t"":4758},{""x"":513,""y"":217,""t"":4795},{""x"":615,""y"":207,""t"":4854},{""x"":667,""y"":204,""t"":4869},{""x"":710,""y"":200,""t"":4930},{""x"":726,""y"":183,""t"":4988},{""x"":763,""y"":156,""t"":5002},{""x"":770,""y"":179,""t"":5065},{""x"":772,""y"":200,""t"":5081},{""x"":777,""y"":229,""t"":5142},{""x"":778,""y"":254,""t"":5170},{""x"":770,""y"":256,""t"":5247},{""x"":774,""y"":254,""t"":5272},{""x"":769,""y"":313,""t"":5336},{""x"":753,""y"":390,""t"":5351},{""x"":754,""y"":411,""t"":5414},{""x"":761,""y"":437,""t"":5441},{""x"":759,""y"":465,""t"":5501},{""x"":777,""y"":468,""t"":5515},{""x"":777,""y"":452,""t"":5579},{""x"":779,""y"":459,""t"":5635},{""x"":798,""y"":438,""t"":5661},{""x"":722,""y"":404,""t"":5709}]",1,0.08645864817435957,0.9135413518256404,wa_b-last,0
147-attributes,1,118,exp_49,0.0,206.3999999910593,0.49,0.32,6.9,8.2,higher_p,higher_m,0,1,attributes,1.0,True,3.381,2.624,0.7570000000000006,1.0364678509508771,0.5,0.5,0.6,0.4,0.0,1.0,higher_p,higher_m,True,"{""durations"":[1500,1000,1500,1000],""alternatives"":[""all"",""all"",""all"",""all""],""attributes"":[""p"",""m"",""p"",""m""]}","[{""x"":427,""y"":455,""t"":-15},{""x"":434,""y"":452,""t"":0},{""x"":449,""y"":422,""t"":65},{""x"":469,""y"":419,""t"":82},{""x"":474,""y"":425,""t"":133},{""x"":443,""y"":429,""t"":199},{""x"":416,""y"":456,""t"":238},{""x"":436,""y"":475,""t"":274},{""x"":399,""y"":480,""t"":335},{""x"":363,""y"":487,""t"":350},{""x"":339,""y"":493,""t"":409},{""x"":312,""y"":509,""t"":461},{""x"":291,""y"":521,""t"":476},{""x"":284,""y"":535,""t"":537},{""x"":280,""y"":545,""t"":552},{""x"":278,""y"":556,""t"":614},{""x"":277,""y"":564,""t"":646},{""x"":266,""y"":535,""t"":705},{""x"":254,""y"":520,""t"":720},{""x"":285,""y"":523,""t"":781},{""x"":334,""y"":528,""t"":796},{""x"":404,""y"":519,""t"":859},{""x"":464,""y"":512,""t"":885},{""x"":543,""y"":500,""t"":950},{""x"":617,""y"":504,""t"":973},{""x"":670,""y"":517,""t"":1011},{""x"":693,""y"":532,""t"":1048},{""x"":731,""y"":525,""t"":1086},{""x"":750,""y"":522,""t"":1125},{""x"":759,""y"":528,""t"":1186},{""x"":763,""y"":533,""t"":1201},{""x"":757,""y"":538,""t"":1264},{""x"":757,""y"":531,""t"":1292},{""x"":784,""y"":535,""t"":1355},{""x"":787,""y"":550,""t"":1369},{""x"":822,""y"":542,""t"":1432},{""x"":707,""y"":535,""t"":1485},{""x"":612,""y"":537,""t"":1500},{""x"":514,""y"":535,""t"":1562},{""x"":445,""y"":531,""t"":1584},{""x"":377,""y"":543,""t"":1655},{""x"":317,""y"":528,""t"":1709},{""x"":306,""y"":517,""t"":1782},{""x"":290,""y"":515,""t"":1803},{""x"":278,""y"":489,""t"":1864},{""x"":272,""y"":467,""t"":1878},{""x"":268,""y"":448,""t"":1939},{""x"":236,""y"":386,""t"":1994},{""x"":212,""y"":335,""t"":2020},{""x"":190,""y"":296,""t"":2079},{""x"":185,""y"":272,""t"":2144},{""x"":168,""y"":239,""t"":2200},{""x"":174,""y"":216,""t"":2214},{""x"":173,""y"":184,""t"":2275},{""x"":242,""y"":183,""t"":2292},{""x"":373,""y"":176,""t"":2341},{""x"":478,""y"":175,""t"":2381},{""x"":571,""y"":156,""t"":2441},{""x"":616,""y"":155,""t"":2457},{""x"":699,""y"":161,""t"":2516},{""x"":738,""y"":145,""t"":2533},{""x"":750,""y"":158,""t"":2571},{""x"":777,""y"":159,""t"":2608},{""x"":791,""y"":157,""t"":2646},{""x"":797,""y"":155,""t"":2684},{""x"":793,""y"":151,""t"":2722},{""x"":815,""y"":200,""t"":2784},{""x"":799,""y"":242,""t"":2798},{""x"":806,""y"":295,""t"":2860},{""x"":766,""y"":379,""t"":2927},{""x"":761,""y"":428,""t"":2976},{""x"":756,""y"":467,""t"":2993},{""x"":756,""y"":495,""t"":3053},{""x"":754,""y"":516,""t"":3067},{""x"":790,""y"":501,""t"":3127},{""x"":819,""y"":485,""t"":3142},{""x"":739,""y"":514,""t"":3201},{""x"":617,""y"":509,""t"":3253},{""x"":514,""y"":502,""t"":3268},{""x"":432,""y"":513,""t"":3328},{""x"":365,""y"":521,""t"":3342},{""x"":323,""y"":525,""t"":3403},{""x"":315,""y"":537,""t"":3454},{""x"":313,""y"":545,""t"":3469},{""x"":301,""y"":542,""t"":3528},{""x"":294,""y"":539,""t"":3544},{""x"":306,""y"":527,""t"":3605},{""x"":327,""y"":517,""t"":3656},{""x"":333,""y"":517,""t"":3673},{""x"":358,""y"":519,""t"":3733},{""x"":380,""y"":520,""t"":3747},{""x"":384,""y"":512,""t"":3821},{""x"":388,""y"":505,""t"":3843},{""x"":352,""y"":437,""t"":3904},{""x"":337,""y"":386,""t"":3947},{""x"":318,""y"":338,""t"":4010},{""x"":303,""y"":300,""t"":4024},{""x"":378,""y"":312,""t"":4085},{""x"":478,""y"":331,""t"":4138},{""x"":558,""y"":363,""t"":4153},{""x"":628,""y"":407,""t"":4219},{""x"":665,""y"":453,""t"":4269},{""x"":693,""y"":492,""t"":4285},{""x"":692,""y"":493,""t"":4345},{""x"":687,""y"":493,""t"":4360},{""x"":615,""y"":433,""t"":4420},{""x"":545,""y"":383,""t"":4472},{""x"":485,""y"":340,""t"":4489},{""x"":430,""y"":291,""t"":4550},{""x"":358,""y"":265,""t"":4566},{""x"":309,""y"":238,""t"":4627},{""x"":257,""y"":219,""t"":4696},{""x"":267,""y"":201,""t"":4746},{""x"":378,""y"":139,""t"":4773},{""x"":467,""y"":91,""t"":4829},{""x"":553,""y"":78,""t"":4891},{""x"":625,""y"":71,""t"":4906},{""x"":676,""y"":65,""t"":4967},{""x"":677,""y"":55,""t"":5020},{""x"":701,""y"":89,""t"":5048},{""x"":746,""y"":120,""t"":5103},{""x"":643,""y"":195,""t"":5165},{""x"":552,""y"":259,""t"":5179},{""x"":483,""y"":312,""t"":5254},{""x"":426,""y"":355,""t"":5271},{""x"":397,""y"":388,""t"":5333},{""x"":376,""y"":412,""t"":5348},{""x"":353,""y"":435,""t"":5409},{""x"":321,""y"":463,""t"":5462},{""x"":310,""y"":477,""t"":5477},{""x"":309,""y"":453,""t"":5539},{""x"":311,""y"":431,""t"":5553},{""x"":303,""y"":432,""t"":5616},{""x"":329,""y"":390,""t"":5663},{""x"":372,""y"":351,""t"":5679},{""x"":411,""y"":394,""t"":5741},{""x"":410,""y"":387,""t"":5756}]",1,0.6923424098285275,0.30765759017147243,wa_b-last,0
147-attributes,1,119,exp_41,1.0,262.90000000596046,0.81,0.48,1.6999999999999995,7.9,higher_p,higher_m,0,1,attributes,1.0,True,1.3769999999999998,3.792,-2.415,-2.2283544163938904,0.5,0.5,0.6,0.4,0.0,1.0,higher_p,higher_m,False,"{""durations"":[1500,1000,1500,1000],""alternatives"":[""all"",""all"",""all"",""all""],""attributes"":[""p"",""m"",""p"",""m""]}","[{""x"":445,""y"":457,""t"":0},{""x"":453,""y"":473,""t"":59},{""x"":460,""y"":486,""t"":74},{""x"":420,""y"":470,""t"":153},{""x"":426,""y"":462,""t"":194},{""x"":408,""y"":441,""t"":234},{""x"":375,""y"":482,""t"":271},{""x"":361,""y"":492,""t"":310},{""x"":345,""y"":491,""t"":369},{""x"":335,""y"":494,""t"":385},{""x"":325,""y"":504,""t"":446},{""x"":316,""y"":501,""t"":500},{""x"":309,""y"":499,""t"":515},{""x"":305,""y"":485,""t"":575},{""x"":292,""y"":468,""t"":591},{""x"":295,""y"":498,""t"":650},{""x"":352,""y"":521,""t"":700},{""x"":418,""y"":530,""t"":715},{""x"":495,""y"":563,""t"":791},{""x"":571,""y"":579,""t"":817},{""x"":602,""y"":567,""t"":877},{""x"":625,""y"":555,""t"":892},{""x"":646,""y"":556,""t"":951},{""x"":661,""y"":556,""t"":966},{""x"":691,""y"":559,""t"":1026},{""x"":713,""y"":560,""t"":1056},{""x"":734,""y"":558,""t"":1130},{""x"":748,""y"":556,""t"":1157},{""x"":753,""y"":570,""t"":1217},{""x"":755,""y"":581,""t"":1231},{""x"":744,""y"":583,""t"":1292},{""x"":732,""y"":584,""t"":1305},{""x"":738,""y"":538,""t"":1365},{""x"":755,""y"":457,""t"":1417},{""x"":768,""y"":389,""t"":1432},{""x"":780,""y"":348,""t"":1490},{""x"":789,""y"":316,""t"":1505},{""x"":801,""y"":292,""t"":1566},{""x"":807,""y"":275,""t"":1616},{""x"":811,""y"":264,""t"":1634},{""x"":798,""y"":239,""t"":1695},{""x"":805,""y"":213,""t"":1709},{""x"":778,""y"":201,""t"":1770},{""x"":772,""y"":225,""t"":1821},{""x"":746,""y"":244,""t"":1837},{""x"":750,""y"":247,""t"":1896},{""x"":763,""y"":264,""t"":1912},{""x"":649,""y"":250,""t"":1974},{""x"":516,""y"":248,""t"":2027},{""x"":394,""y"":245,""t"":2041},{""x"":294,""y"":226,""t"":2102},{""x"":213,""y"":211,""t"":2118},{""x"":149,""y"":205,""t"":2176},{""x"":97,""y"":181,""t"":2230},{""x"":58,""y"":179,""t"":2245},{""x"":51,""y"":177,""t"":2306},{""x"":51,""y"":176,""t"":2320},{""x"":43,""y"":194,""t"":2381},{""x"":26,""y"":223,""t"":2436},{""x"":24,""y"":218,""t"":2451},{""x"":59,""y"":217,""t"":2512},{""x"":115,""y"":218,""t"":2527},{""x"":271,""y"":214,""t"":2587},{""x"":411,""y"":239,""t"":2641},{""x"":528,""y"":261,""t"":2655},{""x"":617,""y"":270,""t"":2717},{""x"":681,""y"":272,""t"":2732},{""x"":768,""y"":286,""t"":2791},{""x"":788,""y"":346,""t"":2843},{""x"":796,""y"":394,""t"":2859},{""x"":792,""y"":450,""t"":2919},{""x"":808,""y"":494,""t"":2934},{""x"":799,""y"":537,""t"":2994},{""x"":688,""y"":557,""t"":3067},{""x"":609,""y"":569,""t"":3095},{""x"":534,""y"":577,""t"":3173},{""x"":457,""y"":573,""t"":3197},{""x"":417,""y"":550,""t"":3258},{""x"":386,""y"":528,""t"":3273},{""x"":338,""y"":523,""t"":3332},{""x"":284,""y"":509,""t"":3348},{""x"":259,""y"":530,""t"":3388},{""x"":242,""y"":548,""t"":3443},{""x"":223,""y"":566,""t"":3505},{""x"":203,""y"":565,""t"":3558},{""x"":189,""y"":563,""t"":3572},{""x"":163,""y"":562,""t"":3632},{""x"":141,""y"":552,""t"":3647},{""x"":150,""y"":533,""t"":3709},{""x"":153,""y"":519,""t"":3761},{""x"":159,""y"":508,""t"":3775},{""x"":183,""y"":495,""t"":3837},{""x"":204,""y"":484,""t"":3851},{""x"":222,""y"":484,""t"":3914},{""x"":242,""y"":492,""t"":3969},{""x"":259,""y"":500,""t"":3982},{""x"":270,""y"":513,""t"":4042},{""x"":280,""y"":523,""t"":4056},{""x"":284,""y"":529,""t"":4117},{""x"":300,""y"":557,""t"":4167},{""x"":314,""y"":580,""t"":4183},{""x"":291,""y"":565,""t"":4244},{""x"":265,""y"":551,""t"":4258},{""x"":245,""y"":528,""t"":4321},{""x"":244,""y"":476,""t"":4374},{""x"":243,""y"":432,""t"":4390},{""x"":235,""y"":388,""t"":4449},{""x"":202,""y"":361,""t"":4464},{""x"":208,""y"":323,""t"":4524},{""x"":198,""y"":278,""t"":4577},{""x"":192,""y"":255,""t"":4591},{""x"":253,""y"":246,""t"":4666},{""x"":275,""y"":230,""t"":4693},{""x"":330,""y"":221,""t"":4768},{""x"":351,""y"":233,""t"":4795},{""x"":367,""y"":222,""t"":4856},{""x"":380,""y"":215,""t"":4871},{""x"":383,""y"":246,""t"":4938},{""x"":395,""y"":271,""t"":4965},{""x"":405,""y"":293,""t"":5027},{""x"":412,""y"":313,""t"":5042},{""x"":418,""y"":316,""t"":5107},{""x"":419,""y"":309,""t"":5134},{""x"":418,""y"":328,""t"":5197},{""x"":416,""y"":333,""t"":5212},{""x"":402,""y"":342,""t"":5277},{""x"":402,""y"":333,""t"":5304},{""x"":428,""y"":379,""t"":5369},{""x"":444,""y"":411,""t"":5384},{""x"":455,""y"":429,""t"":5446},{""x"":470,""y"":452,""t"":5475},{""x"":482,""y"":474,""t"":5536},{""x"":493,""y"":482,""t"":5552},{""x"":479,""y"":472,""t"":5616},{""x"":471,""y"":453,""t"":5645},{""x"":459,""y"":435,""t"":5710},{""x"":483,""y"":424,""t"":5725},{""x"":478,""y"":379,""t"":5787},{""x"":467,""y"":303,""t"":5815}]",1,0.23748645160140489,0.7625135483985951,wa_b-last,0
147-attributes,1,122,exp_93,0.0,30.599999994039536,0.5,0.38,3.0,4.0,higher_p,higher_m,0,1,attributes,1.0,True,1.5,1.52,-0.02,0.2367304922727919,0.5,0.5,0.4,0.6,1.0,0.0,higher_m,higher_p,True,"{""durations"":[1500,1000,1500,1000],""alternatives"":[""all"",""all"",""all"",""all""],""attributes"":[""m"",""p"",""m"",""p""]}","[{""x"":484,""y"":461,""t"":-20},{""x"":455,""y"":462,""t"":0},{""x"":472,""y"":463,""t"":75},{""x"":489,""y"":456,""t"":121},{""x"":509,""y"":449,""t"":162},{""x"":518,""y"":440,""t"":199},{""x"":513,""y"":438,""t"":237},{""x"":514,""y"":432,""t"":276},{""x"":455,""y"":395,""t"":336},{""x"":404,""y"":365,""t"":351},{""x"":365,""y"":368,""t"":410},{""x"":357,""y"":372,""t"":472},{""x"":321,""y"":364,""t"":492},{""x"":336,""y"":354,""t"":558},{""x"":340,""y"":341,""t"":580},{""x"":430,""y"":336,""t"":642},{""x"":509,""y"":333,""t"":657},{""x"":574,""y"":321,""t"":717},{""x"":648,""y"":297,""t"":770},{""x"":709,""y"":277,""t"":784},{""x"":732,""y"":274,""t"":845},{""x"":749,""y"":273,""t"":860},{""x"":735,""y"":262,""t"":920},{""x"":734,""y"":274,""t"":993},{""x"":727,""y"":285,""t"":1020},{""x"":670,""y"":294,""t"":1096},{""x"":620,""y"":301,""t"":1122},{""x"":532,""y"":300,""t"":1184},{""x"":459,""y"":314,""t"":1198},{""x"":415,""y"":318,""t"":1257},{""x"":380,""y"":321,""t"":1272},{""x"":393,""y"":328,""t"":1331},{""x"":393,""y"":324,""t"":1361},{""x"":349,""y"":319,""t"":1422},{""x"":314,""y"":314,""t"":1438},{""x"":295,""y"":329,""t"":1496},{""x"":282,""y"":323,""t"":1562},{""x"":293,""y"":330,""t"":1578},{""x"":288,""y"":363,""t"":1639},{""x"":286,""y"":391,""t"":1667},{""x"":293,""y"":436,""t"":1726},{""x"":297,""y"":463,""t"":1741},{""x"":288,""y"":496,""t"":1800},{""x"":291,""y"":507,""t"":1815},{""x"":289,""y"":518,""t"":1877},{""x"":265,""y"":533,""t"":1905},{""x"":275,""y"":540,""t"":1965},{""x"":284,""y"":544,""t"":1979},{""x"":381,""y"":557,""t"":2040},{""x"":465,""y"":567,""t"":2054},{""x"":524,""y"":587,""t"":2115},{""x"":594,""y"":584,""t"":2143},{""x"":644,""y"":593,""t"":2204},{""x"":683,""y"":600,""t"":2219},{""x"":722,""y"":588,""t"":2280},{""x"":742,""y"":583,""t"":2333},{""x"":774,""y"":575,""t"":2351},{""x"":790,""y"":579,""t"":2402},{""x"":806,""y"":592,""t"":2439},{""x"":715,""y"":586,""t"":2476},{""x"":616,""y"":566,""t"":2514},{""x"":577,""y"":518,""t"":2552},{""x"":484,""y"":516,""t"":2612},{""x"":419,""y"":517,""t"":2640},{""x"":352,""y"":505,""t"":2679},{""x"":301,""y"":498,""t"":2717},{""x"":257,""y"":508,""t"":2754},{""x"":239,""y"":511,""t"":2814},{""x"":227,""y"":514,""t"":2828},{""x"":220,""y"":451,""t"":2888},{""x"":217,""y"":397,""t"":2903},{""x"":210,""y"":370,""t"":2963},{""x"":210,""y"":346,""t"":3014},{""x"":212,""y"":327,""t"":3028},{""x"":348,""y"":314,""t"":3089},{""x"":465,""y"":306,""t"":3103},{""x"":565,""y"":320,""t"":3175},{""x"":652,""y"":317,""t"":3197},{""x"":722,""y"":297,""t"":3258},{""x"":761,""y"":304,""t"":3273},{""x"":801,""y"":307,""t"":3334},{""x"":808,""y"":304,""t"":3386},{""x"":810,""y"":312,""t"":3401},{""x"":787,""y"":305,""t"":3470},{""x"":763,""y"":301,""t"":3502},{""x"":791,""y"":305,""t"":3562},{""x"":745,""y"":300,""t"":3577},{""x"":730,""y"":281,""t"":3641},{""x"":707,""y"":308,""t"":3693},{""x"":701,""y"":328,""t"":3708},{""x"":721,""y"":328,""t"":3773},{""x"":734,""y"":309,""t"":3791},{""x"":732,""y"":329,""t"":3839},{""x"":722,""y"":325,""t"":3892},{""x"":726,""y"":347,""t"":3930},{""x"":708,""y"":360,""t"":3967},{""x"":674,""y"":388,""t"":4004},{""x"":658,""y"":405,""t"":4042},{""x"":666,""y"":432,""t"":4081},{""x"":659,""y"":469,""t"":4143},{""x"":655,""y"":499,""t"":4158},{""x"":629,""y"":529,""t"":4223},{""x"":628,""y"":549,""t"":4251},{""x"":655,""y"":572,""t"":4356},{""x"":654,""y"":599,""t"":4425},{""x"":677,""y"":590,""t"":4478},{""x"":680,""y"":601,""t"":4492},{""x"":589,""y"":591,""t"":4555},{""x"":495,""y"":577,""t"":4571},{""x"":435,""y"":572,""t"":4631},{""x"":386,""y"":566,""t"":4659},{""x"":325,""y"":581,""t"":4722},{""x"":277,""y"":593,""t"":4736},{""x"":225,""y"":590,""t"":4798},{""x"":201,""y"":588,""t"":4828},{""x"":181,""y"":576,""t"":4927},{""x"":169,""y"":563,""t"":4942},{""x"":184,""y"":544,""t"":5004},{""x"":170,""y"":548,""t"":5057},{""x"":172,""y"":547,""t"":5072},{""x"":185,""y"":516,""t"":5134},{""x"":185,""y"":488,""t"":5150},{""x"":196,""y"":463,""t"":5188},{""x"":215,""y"":447,""t"":5228},{""x"":219,""y"":432,""t"":5266},{""x"":227,""y"":438,""t"":5304},{""x"":253,""y"":456,""t"":5340},{""x"":270,""y"":452,""t"":5401},{""x"":291,""y"":437,""t"":5417},{""x"":316,""y"":436,""t"":5477},{""x"":320,""y"":422,""t"":5533},{""x"":333,""y"":412,""t"":5561},{""x"":360,""y"":413,""t"":5610}]",0,0.781791079205113,0.21820892079488705,wa_b-last,0
147-attributes,1,123,catch_11,1.0,51.900000005960464,0.18,0.58,1.6999999999999995,5.0,dominated,dominant,1,1,attributes,1.0,True,0.3059999999999999,2.9,-2.594,-2.412592495162716,0.5,0.5,0.5,0.5,,1.0,,dominant,True,"{""durations"":[1250,1250,1250,1250],""attributes"":[""p"",""m"",""p"",""m""],""alternatives"":[""all"",""all"",""all"",""all""]}","[{""x"":527,""y"":428,""t"":-43},{""x"":504,""y"":433,""t"":0},{""x"":500,""y"":428,""t"":65},{""x"":484,""y"":430,""t"":81},{""x"":504,""y"":449,""t"":134},{""x"":498,""y"":457,""t"":182},{""x"":481,""y"":452,""t"":253},{""x"":434,""y"":444,""t"":294},{""x"":372,""y"":467,""t"":331},{""x"":352,""y"":467,""t"":369},{""x"":328,""y"":500,""t"":406},{""x"":322,""y"":506,""t"":444},{""x"":291,""y"":520,""t"":517},{""x"":266,""y"":531,""t"":545},{""x"":248,""y"":532,""t"":603},{""x"":234,""y"":532,""t"":618},{""x"":328,""y"":549,""t"":679},{""x"":409,""y"":550,""t"":693},{""x"":485,""y"":555,""t"":754},{""x"":548,""y"":559,""t"":782},{""x"":620,""y"":572,""t"":856},{""x"":660,""y"":565,""t"":907},{""x"":691,""y"":555,""t"":922},{""x"":726,""y"":563,""t"":984},{""x"":752,""y"":569,""t"":998},{""x"":772,""y"":587,""t"":1060},{""x"":786,""y"":602,""t"":1089},{""x"":811,""y"":615,""t"":1148},{""x"":810,""y"":596,""t"":1164},{""x"":822,""y"":610,""t"":1224},{""x"":827,""y"":613,""t"":1279},{""x"":829,""y"":615,""t"":1294},{""x"":815,""y"":540,""t"":1354},{""x"":802,""y"":476,""t"":1368},{""x"":788,""y"":442,""t"":1447},{""x"":780,""y"":403,""t"":1489},{""x"":781,""y"":353,""t"":1527},{""x"":781,""y"":313,""t"":1566},{""x"":773,""y"":302,""t"":1628},{""x"":764,""y"":277,""t"":1643},{""x"":762,""y"":283,""t"":1702},{""x"":630,""y"":296,""t"":1756},{""x"":543,""y"":301,""t"":1770},{""x"":462,""y"":296,""t"":1829},{""x"":407,""y"":301,""t"":1844},{""x"":351,""y"":301,""t"":1905},{""x"":305,""y"":291,""t"":1971},{""x"":275,""y"":290,""t"":1988},{""x"":250,""y"":311,""t"":2048},{""x"":234,""y"":329,""t"":2075},{""x"":246,""y"":347,""t"":2134},{""x"":251,""y"":350,""t"":2150},{""x"":367,""y"":351,""t"":2214},{""x"":469,""y"":343,""t"":2246},{""x"":546,""y"":346,""t"":2308},{""x"":625,""y"":344,""t"":2322},{""x"":703,""y"":333,""t"":2387},{""x"":745,""y"":306,""t"":2415},{""x"":785,""y"":316,""t"":2490},{""x"":814,""y"":326,""t"":2517},{""x"":793,""y"":384,""t"":2578},{""x"":771,""y"":433,""t"":2593},{""x"":749,""y"":470,""t"":2653},{""x"":718,""y"":506,""t"":2717},{""x"":714,""y"":554,""t"":2745},{""x"":689,""y"":586,""t"":2787},{""x"":680,""y"":616,""t"":2826},{""x"":575,""y"":604,""t"":2887},{""x"":461,""y"":607,""t"":2902},{""x"":388,""y"":595,""t"":2962},{""x"":338,""y"":578,""t"":3016},{""x"":281,""y"":570,""t"":3030},{""x"":232,""y"":569,""t"":3091},{""x"":195,""y"":567,""t"":3106},{""x"":169,""y"":567,""t"":3167},{""x"":158,""y"":556,""t"":3197},{""x"":155,""y"":539,""t"":3278},{""x"":161,""y"":538,""t"":3299},{""x"":186,""y"":521,""t"":3360},{""x"":211,""y"":507,""t"":3375},{""x"":229,""y"":513,""t"":3437},{""x"":234,""y"":518,""t"":3489},{""x"":240,""y"":522,""t"":3503},{""x"":352,""y"":525,""t"":3563},{""x"":454,""y"":525,""t"":3577},{""x"":544,""y"":544,""t"":3637},{""x"":643,""y"":567,""t"":3653},{""x"":693,""y"":569,""t"":3713},{""x"":740,""y"":561,""t"":3764},{""x"":779,""y"":564,""t"":3780},{""x"":802,""y"":516,""t"":3841},{""x"":817,""y"":476,""t"":3855},{""x"":806,""y"":422,""t"":3916},{""x"":808,""y"":384,""t"":3944},{""x"":807,""y"":339,""t"":4005},{""x"":786,""y"":321,""t"":4042},{""x"":751,""y"":321,""t"":4081},{""x"":744,""y"":292,""t"":4143},{""x"":738,""y"":283,""t"":4157},{""x"":646,""y"":294,""t"":4218},{""x"":559,""y"":272,""t"":4271},{""x"":475,""y"":282,""t"":4287},{""x"":394,""y"":287,""t"":4352},{""x"":343,""y"":289,""t"":4369},{""x"":266,""y"":251,""t"":4410},{""x"":258,""y"":298,""t"":4449},{""x"":338,""y"":321,""t"":4487},{""x"":376,""y"":362,""t"":4525},{""x"":399,""y"":407,""t"":4586},{""x"":409,""y"":398,""t"":4601},{""x"":523,""y"":389,""t"":4662},{""x"":530,""y"":400,""t"":4722},{""x"":564,""y"":446,""t"":4743},{""x"":596,""y"":460,""t"":4783},{""x"":613,""y"":482,""t"":4822},{""x"":620,""y"":505,""t"":4875},{""x"":623,""y"":527,""t"":4929},{""x"":636,""y"":554,""t"":4967},{""x"":639,""y"":560,""t"":5032},{""x"":628,""y"":562,""t"":5084},{""x"":634,""y"":565,""t"":5101},{""x"":627,""y"":547,""t"":5165},{""x"":620,""y"":530,""t"":5180},{""x"":628,""y"":516,""t"":5244},{""x"":634,""y"":504,""t"":5272},{""x"":628,""y"":478,""t"":5354},{""x"":618,""y"":467,""t"":5373},{""x"":584,""y"":452,""t"":5453},{""x"":561,""y"":445,""t"":5474},{""x"":539,""y"":450,""t"":5537},{""x"":510,""y"":450,""t"":5553}]",1,0.00013490133948603037,0.9998650986605141,wa_b-last,0
147-attributes,1,125,catch_15,1.0,39.69999998807907,0.22,0.49,3.0,4.9,dominated,dominant,1,1,attributes,1.0,True,0.66,2.401,-1.741,-1.5346311477336216,0.5,0.5,0.5,0.5,,1.0,,dominant,True,"{""durations"":[1250,1250,1250,1250],""attributes"":[""p"",""m"",""p"",""m""],""alternatives"":[""all"",""all"",""all"",""all""]}","[{""x"":464,""y"":284,""t"":-16},{""x"":448,""y"":304,""t"":0},{""x"":439,""y"":315,""t"":66},{""x"":444,""y"":316,""t"":83},{""x"":463,""y"":347,""t"":137},{""x"":451,""y"":367,""t"":204},{""x"":476,""y"":378,""t"":265},{""x"":498,""y"":386,""t"":281},{""x"":455,""y"":433,""t"":340},{""x"":400,""y"":479,""t"":392},{""x"":354,""y"":516,""t"":408},{""x"":318,""y"":532,""t"":469},{""x"":283,""y"":550,""t"":485},{""x"":272,""y"":548,""t"":545},{""x"":258,""y"":550,""t"":596},{""x"":236,""y"":569,""t"":612},{""x"":239,""y"":573,""t"":672},{""x"":242,""y"":563,""t"":687},{""x"":366,""y"":573,""t"":747},{""x"":452,""y"":574,""t"":763},{""x"":530,""y"":575,""t"":821},{""x"":594,""y"":576,""t"":851},{""x"":651,""y"":561,""t"":929},{""x"":695,""y"":548,""t"":954},{""x"":756,""y"":546,""t"":1014},{""x"":777,""y"":543,""t"":1029},{""x"":765,""y"":547,""t"":1088},{""x"":753,""y"":547,""t"":1102},{""x"":633,""y"":534,""t"":1164},{""x"":545,""y"":535,""t"":1190},{""x"":474,""y"":539,""t"":1249},{""x"":414,""y"":542,""t"":1265},{""x"":340,""y"":544,""t"":1324},{""x"":287,""y"":548,""t"":1339},{""x"":259,""y"":554,""t"":1400},{""x"":252,""y"":558,""t"":1429},{""x"":229,""y"":481,""t"":1502},{""x"":207,""y"":436,""t"":1532},{""x"":219,""y"":363,""t"":1606},{""x"":231,""y"":338,""t"":1633},{""x"":261,""y"":312,""t"":1706},{""x"":303,""y"":279,""t"":1757},{""x"":340,""y"":254,""t"":1772},{""x"":476,""y"":252,""t"":1832},{""x"":592,""y"":252,""t"":1846},{""x"":657,""y"":239,""t"":1908},{""x"":682,""y"":230,""t"":1960},{""x"":698,""y"":224,""t"":1975},{""x"":698,""y"":222,""t"":2036},{""x"":694,""y"":222,""t"":2050},{""x"":708,""y"":259,""t"":2110},{""x"":730,""y"":274,""t"":2159},{""x"":747,""y"":288,""t"":2177},{""x"":742,""y"":270,""t"":2249},{""x"":768,""y"":284,""t"":2299},{""x"":788,""y"":296,""t"":2314},{""x"":760,""y"":310,""t"":2373},{""x"":743,""y"":303,""t"":2387},{""x"":742,""y"":301,""t"":2451},{""x"":736,""y"":323,""t"":2484},{""x"":733,""y"":319,""t"":2545},{""x"":698,""y"":316,""t"":2561},{""x"":712,""y"":310,""t"":2624},{""x"":735,""y"":302,""t"":2653},{""x"":745,""y"":309,""t"":2715},{""x"":753,""y"":315,""t"":2729},{""x"":741,""y"":377,""t"":2790},{""x"":743,""y"":430,""t"":2844},{""x"":744,""y"":473,""t"":2859},{""x"":730,""y"":495,""t"":2921},{""x"":718,""y"":512,""t"":2936},{""x"":735,""y"":537,""t"":2996},{""x"":743,""y"":562,""t"":3047},{""x"":750,""y"":581,""t"":3062},{""x"":749,""y"":604,""t"":3123},{""x"":748,""y"":622,""t"":3139},{""x"":610,""y"":620,""t"":3203},{""x"":504,""y"":610,""t"":3232},{""x"":437,""y"":599,""t"":3293},{""x"":381,""y"":599,""t"":3311},{""x"":323,""y"":591,""t"":3375},{""x"":277,""y"":584,""t"":3401},{""x"":241,""y"":577,""t"":3469},{""x"":216,""y"":568,""t"":3524},{""x"":194,""y"":557,""t"":3538},{""x"":177,""y"":560,""t"":3597},{""x"":166,""y"":563,""t"":3612},{""x"":182,""y"":561,""t"":3671},{""x"":300,""y"":567,""t"":3687},{""x"":395,""y"":554,""t"":3726},{""x"":477,""y"":558,""t"":3764},{""x"":562,""y"":568,""t"":3802},{""x"":627,""y"":566,""t"":3847},{""x"":685,""y"":554,""t"":3909},{""x"":720,""y"":536,""t"":3926},{""x"":750,""y"":524,""t"":3963},{""x"":776,""y"":499,""t"":4000},{""x"":797,""y"":497,""t"":4038},{""x"":762,""y"":470,""t"":4076},{""x"":740,""y"":454,""t"":4117},{""x"":649,""y"":426,""t"":4179},{""x"":569,""y"":403,""t"":4195},{""x"":499,""y"":381,""t"":4257},{""x"":440,""y"":364,""t"":4286},{""x"":393,""y"":349,""t"":4349},{""x"":357,""y"":338,""t"":4364},{""x"":313,""y"":309,""t"":4426},{""x"":279,""y"":287,""t"":4455},{""x"":232,""y"":280,""t"":4523},{""x"":200,""y"":265,""t"":4574},{""x"":184,""y"":248,""t"":4592},{""x"":188,""y"":234,""t"":4656},{""x"":195,""y"":224,""t"":4670},{""x"":194,""y"":228,""t"":4737},{""x"":197,""y"":232,""t"":4761},{""x"":196,""y"":239,""t"":4822},{""x"":198,""y"":247,""t"":4837},{""x"":201,""y"":247,""t"":4900},{""x"":205,""y"":245,""t"":4931},{""x"":217,""y"":256,""t"":5009},{""x"":227,""y"":275,""t"":5033},{""x"":250,""y"":270,""t"":5099},{""x"":278,""y"":275,""t"":5124},{""x"":286,""y"":273,""t"":5164},{""x"":312,""y"":269,""t"":5202},{""x"":360,""y"":285,""t"":5303},{""x"":388,""y"":301,""t"":5328},{""x"":410,""y"":317,""t"":5366},{""x"":443,""y"":353,""t"":5404},{""x"":453,""y"":333,""t"":5445},{""x"":457,""y"":363,""t"":5508},{""x"":445,""y"":370,""t"":5560},{""x"":438,""y"":375,""t"":5576},{""x"":462,""y"":413,""t"":5640},{""x"":475,""y"":440,""t"":5656}]",1,0.0027865927506668282,0.9972134072493333,wa_b-last,0
147-attributes,1,126,exp_77,0.0,44.900000005960464,0.8,0.2,4.0,6.799999999999999,higher_p,higher_m,0,1,attributes,1.0,True,3.2,1.36,1.8400000000000003,2.151159690652763,0.5,0.5,0.4,0.6,1.0,0.0,higher_m,higher_p,True,"{""durations"":[1500,1000,1500,1000],""alternatives"":[""all"",""all"",""all"",""all""],""attributes"":[""m"",""p"",""m"",""p""]}","[{""x"":482,""y"":459,""t"":-15},{""x"":492,""y"":452,""t"":0},{""x"":492,""y"":465,""t"":80},{""x"":499,""y"":462,""t"":103},{""x"":498,""y"":456,""t"":189},{""x"":491,""y"":462,""t"":204},{""x"":481,""y"":445,""t"":265},{""x"":473,""y"":430,""t"":280},{""x"":443,""y"":382,""t"":340},{""x"":417,""y"":341,""t"":355},{""x"":380,""y"":313,""t"":414},{""x"":351,""y"":280,""t"":464},{""x"":313,""y"":258,""t"":479},{""x"":292,""y"":236,""t"":539},{""x"":275,""y"":220,""t"":553},{""x"":313,""y"":221,""t"":613},{""x"":398,""y"":227,""t"":665},{""x"":472,""y"":234,""t"":682},{""x"":553,""y"":225,""t"":742},{""x"":621,""y"":218,""t"":757},{""x"":667,""y"":238,""t"":818},{""x"":714,""y"":243,""t"":872},{""x"":751,""y"":247,""t"":887},{""x"":748,""y"":269,""t"":949},{""x"":762,""y"":282,""t"":964},{""x"":790,""y"":294,""t"":1024},{""x"":799,""y"":310,""t"":1078},{""x"":803,""y"":322,""t"":1094},{""x"":800,""y"":335,""t"":1158},{""x"":830,""y"":331,""t"":1214},{""x"":854,""y"":326,""t"":1234},{""x"":867,""y"":329,""t"":1296},{""x"":851,""y"":325,""t"":1327},{""x"":854,""y"":313,""t"":1388},{""x"":842,""y"":311,""t"":1405},{""x"":803,""y"":302,""t"":1464},{""x"":793,""y"":304,""t"":1517},{""x"":784,""y"":305,""t"":1533},{""x"":700,""y"":364,""t"":1593},{""x"":629,""y"":414,""t"":1609},{""x"":577,""y"":446,""t"":1670},{""x"":532,""y"":487,""t"":1720},{""x"":498,""y"":520,""t"":1736},{""x"":461,""y"":535,""t"":1795},{""x"":437,""y"":538,""t"":1809},{""x"":427,""y"":543,""t"":1867},{""x"":421,""y"":545,""t"":1884},{""x"":353,""y"":543,""t"":1946},{""x"":303,""y"":545,""t"":1973},{""x"":284,""y"":556,""t"":2033},{""x"":268,""y"":571,""t"":2049},{""x"":238,""y"":567,""t"":2109},{""x"":226,""y"":567,""t"":2161},{""x"":219,""y"":565,""t"":2190},{""x"":214,""y"":565,""t"":2252},{""x"":229,""y"":578,""t"":2280},{""x"":351,""y"":571,""t"":2342},{""x"":453,""y"":568,""t"":2357},{""x"":538,""y"":600,""t"":2419},{""x"":608,""y"":605,""t"":2449},{""x"":665,""y"":605,""t"":2523},{""x"":707,""y"":608,""t"":2550},{""x"":735,""y"":603,""t"":2611},{""x"":747,""y"":597,""t"":2626},{""x"":770,""y"":602,""t"":2687},{""x"":770,""y"":582,""t"":2721},{""x"":765,""y"":597,""t"":2784},{""x"":816,""y"":508,""t"":2799},{""x"":818,""y"":441,""t"":2865},{""x"":821,""y"":391,""t"":2927},{""x"":781,""y"":363,""t"":2987},{""x"":760,""y"":343,""t"":3016},{""x"":765,""y"":321,""t"":3060},{""x"":642,""y"":298,""t"":3122},{""x"":525,""y"":279,""t"":3148},{""x"":446,""y"":244,""t"":3187},{""x"":382,""y"":212,""t"":3226},{""x"":347,""y"":175,""t"":3278},{""x"":305,""y"":155,""t"":3340},{""x"":273,""y"":142,""t"":3367},{""x"":248,""y"":148,""t"":3444},{""x"":232,""y"":155,""t"":3470},{""x"":216,""y"":171,""t"":3546},{""x"":209,""y"":170,""t"":3572},{""x"":345,""y"":184,""t"":3633},{""x"":456,""y"":217,""t"":3661},{""x"":551,""y"":232,""t"":3700},{""x"":631,""y"":245,""t"":3749},{""x"":690,""y"":251,""t"":3809},{""x"":724,""y"":244,""t"":3877},{""x"":740,""y"":303,""t"":3930},{""x"":759,""y"":337,""t"":3945},{""x"":757,""y"":391,""t"":4007},{""x"":755,""y"":439,""t"":4022},{""x"":760,""y"":476,""t"":4085},{""x"":760,""y"":507,""t"":4137},{""x"":756,""y"":532,""t"":4152},{""x"":741,""y"":550,""t"":4214},{""x"":726,""y"":553,""t"":4228},{""x"":610,""y"":564,""t"":4291},{""x"":537,""y"":556,""t"":4357},{""x"":448,""y"":550,""t"":4388},{""x"":387,""y"":553,""t"":4447},{""x"":348,""y"":556,""t"":4462},{""x"":314,""y"":550,""t"":4524},{""x"":286,""y"":546,""t"":4575},{""x"":263,""y"":538,""t"":4591},{""x"":341,""y"":557,""t"":4653},{""x"":423,""y"":558,""t"":4669},{""x"":480,""y"":562,""t"":4729},{""x"":532,""y"":576,""t"":4788},{""x"":578,""y"":582,""t"":4808},{""x"":624,""y"":584,""t"":4877},{""x"":647,""y"":561,""t"":4899},{""x"":707,""y"":554,""t"":4963},{""x"":756,""y"":547,""t"":4977},{""x"":785,""y"":545,""t"":5040},{""x"":796,""y"":541,""t"":5067},{""x"":782,""y"":534,""t"":5131},{""x"":767,""y"":529,""t"":5145},{""x"":759,""y"":482,""t"":5207},{""x"":749,""y"":462,""t"":5267},{""x"":714,""y"":444,""t"":5297},{""x"":695,""y"":425,""t"":5343},{""x"":648,""y"":406,""t"":5405},{""x"":608,""y"":392,""t"":5420},{""x"":582,""y"":393,""t"":5482},{""x"":548,""y"":398,""t"":5508}]",0,0.9984382307768516,0.001561769223148411,wa_b-last,0
147-attributes,1,128,exp_7,1.0,315.09999999403954,0.79,0.49,5.300000000000001,8.3,higher_p,higher_m,0,1,attributes,1.0,True,4.187000000000001,4.067,0.120000000000001,0.3808273136562317,0.5,0.5,0.4,0.6,1.0,1.0,higher_m,higher_m,False,"{""durations"":[1000,1500,1000,1500],""alternatives"":[""all"",""all"",""all"",""all""],""attributes"":[""p"",""m"",""p"",""m""]}","[{""x"":428,""y"":480,""t"":-15},{""x"":426,""y"":479,""t"":0},{""x"":438,""y"":462,""t"":66},{""x"":467,""y"":424,""t"":81},{""x"":499,""y"":406,""t"":131},{""x"":518,""y"":375,""t"":198},{""x"":559,""y"":364,""t"":236},{""x"":603,""y"":349,""t"":281},{""x"":643,""y"":334,""t"":349},{""x"":698,""y"":377,""t"":411},{""x"":733,""y"":433,""t"":443},{""x"":766,""y"":454,""t"":504},{""x"":753,""y"":499,""t"":519},{""x"":756,""y"":532,""t"":580},{""x"":765,""y"":528,""t"":633},{""x"":762,""y"":577,""t"":648},{""x"":789,""y"":577,""t"":709},{""x"":811,""y"":572,""t"":724},{""x"":682,""y"":574,""t"":784},{""x"":554,""y"":544,""t"":836},{""x"":465,""y"":538,""t"":851},{""x"":374,""y"":519,""t"":913},{""x"":295,""y"":530,""t"":927},{""x"":246,""y"":528,""t"":988},{""x"":219,""y"":521,""t"":1040},{""x"":207,""y"":509,""t"":1054},{""x"":185,""y"":511,""t"":1115},{""x"":170,""y"":512,""t"":1129},{""x"":162,""y"":548,""t"":1192},{""x"":197,""y"":485,""t"":1224},{""x"":208,""y"":442,""t"":1259},{""x"":220,""y"":390,""t"":1490},{""x"":239,""y"":328,""t"":1554},{""x"":247,""y"":292,""t"":1593},{""x"":246,""y"":263,""t"":1629},{""x"":246,""y"":242,""t"":1667},{""x"":255,""y"":217,""t"":1742},{""x"":339,""y"":219,""t"":1789},{""x"":395,""y"":210,""t"":1803},{""x"":482,""y"":215,""t"":1863},{""x"":554,""y"":221,""t"":1879},{""x"":595,""y"":223,""t"":1940},{""x"":673,""y"":216,""t"":2005},{""x"":728,""y"":191,""t"":2022},{""x"":760,""y"":184,""t"":2059},{""x"":809,""y"":145,""t"":2096},{""x"":828,""y"":141,""t"":2134},{""x"":841,""y"":127,""t"":2171},{""x"":854,""y"":141,""t"":2209},{""x"":847,""y"":139,""t"":2247},{""x"":867,""y"":144,""t"":2309},{""x"":881,""y"":149,""t"":2324},{""x"":898,""y"":170,""t"":2397},{""x"":879,""y"":173,""t"":2416},{""x"":864,""y"":182,""t"":2476},{""x"":833,""y"":187,""t"":2491},{""x"":830,""y"":201,""t"":2552},{""x"":828,""y"":195,""t"":2600},{""x"":828,""y"":199,""t"":2620},{""x"":807,""y"":169,""t"":2680},{""x"":804,""y"":170,""t"":2694},{""x"":789,""y"":193,""t"":2755},{""x"":782,""y"":261,""t"":2804},{""x"":758,""y"":313,""t"":2823},{""x"":761,""y"":332,""t"":2885},{""x"":764,""y"":346,""t"":2899},{""x"":755,""y"":355,""t"":2960},{""x"":729,""y"":408,""t"":3007},{""x"":708,""y"":452,""t"":3026},{""x"":725,""y"":467,""t"":3089},{""x"":709,""y"":475,""t"":3114},{""x"":715,""y"":496,""t"":3155},{""x"":733,""y"":486,""t"":3193},{""x"":744,""y"":471,""t"":3231},{""x"":738,""y"":482,""t"":3294},{""x"":733,""y"":489,""t"":3308},{""x"":686,""y"":508,""t"":3372},{""x"":599,""y"":500,""t"":3420},{""x"":522,""y"":498,""t"":3447},{""x"":446,""y"":469,""t"":3509},{""x"":400,""y"":460,""t"":3557},{""x"":366,""y"":452,""t"":3571},{""x"":324,""y"":457,""t"":3632},{""x"":290,""y"":462,""t"":3647},{""x"":253,""y"":462,""t"":3709},{""x"":254,""y"":472,""t"":3757},{""x"":251,""y"":480,""t"":3776},{""x"":271,""y"":462,""t"":3837},{""x"":291,""y"":447,""t"":3851},{""x"":300,""y"":397,""t"":3913},{""x"":326,""y"":359,""t"":3962},{""x"":341,""y"":317,""t"":3979},{""x"":331,""y"":287,""t"":4041},{""x"":324,""y"":264,""t"":4056},{""x"":316,""y"":238,""t"":4119},{""x"":307,""y"":200,""t"":4167},{""x"":299,""y"":169,""t"":4182},{""x"":319,""y"":171,""t"":4243},{""x"":316,""y"":163,""t"":4258},{""x"":344,""y"":174,""t"":4321},{""x"":477,""y"":144,""t"":4369},{""x"":587,""y"":127,""t"":4386},{""x"":678,""y"":120,""t"":4447},{""x"":704,""y"":103,""t"":4462},{""x"":713,""y"":98,""t"":4525},{""x"":735,""y"":88,""t"":4583},{""x"":781,""y"":85,""t"":4603},{""x"":795,""y"":79,""t"":4666},{""x"":807,""y"":89,""t"":4714},{""x"":816,""y"":95,""t"":4729},{""x"":802,""y"":96,""t"":4791},{""x"":773,""y"":180,""t"":4809},{""x"":763,""y"":268,""t"":4874},{""x"":744,""y"":350,""t"":4940},{""x"":734,""y"":416,""t"":4986},{""x"":763,""y"":492,""t"":5002},{""x"":745,""y"":530,""t"":5068},{""x"":732,""y"":541,""t"":5115},{""x"":715,""y"":558,""t"":5134},{""x"":727,""y"":535,""t"":5197},{""x"":748,""y"":497,""t"":5213},{""x"":749,""y"":471,""t"":5279},{""x"":745,""y"":449,""t"":5326},{""x"":745,""y"":441,""t"":5341},{""x"":697,""y"":437,""t"":5408},{""x"":666,""y"":398,""t"":5454},{""x"":656,""y"":388,""t"":5474},{""x"":591,""y"":396,""t"":5538},{""x"":570,""y"":392,""t"":5554},{""x"":547,""y"":387,""t"":5623},{""x"":507,""y"":383,""t"":5644},{""x"":520,""y"":401,""t"":5708},{""x"":536,""y"":393,""t"":5722},{""x"":533,""y"":390,""t"":5788},{""x"":525,""y"":377,""t"":5849}]",0,0.7631886687194852,0.23681133128051476,wa_b-last,0
147-attributes,1,129,exp_55,0.0,145.70000000298023,0.49,0.32,6.9,8.2,higher_p,higher_m,0,1,attributes,1.0,True,3.381,2.624,0.7570000000000006,1.0364678509508771,0.5,0.5,0.4,0.6,1.0,1.0,higher_m,higher_m,True,"{""durations"":[1000,1500,1000,1500],""alternatives"":[""all"",""all"",""all"",""all""],""attributes"":[""p"",""m"",""p"",""m""]}","[{""x"":628,""y"":409,""t"":-40},{""x"":615,""y"":411,""t"":0},{""x"":616,""y"":426,""t"":79},{""x"":616,""y"":434,""t"":103},{""x"":602,""y"":431,""t"":183},{""x"":607,""y"":443,""t"":223},{""x"":618,""y"":446,""t"":262},{""x"":608,""y"":438,""t"":301},{""x"":537,""y"":447,""t"":340},{""x"":470,""y"":461,""t"":377},{""x"":439,""y"":470,""t"":438},{""x"":415,""y"":478,""t"":454},{""x"":387,""y"":473,""t"":516},{""x"":344,""y"":470,""t"":565},{""x"":337,""y"":495,""t"":585},{""x"":341,""y"":497,""t"":632},{""x"":328,""y"":488,""t"":670},{""x"":319,""y"":481,""t"":709},{""x"":403,""y"":496,""t"":747},{""x"":463,""y"":487,""t"":785},{""x"":559,""y"":495,""t"":845},{""x"":640,""y"":501,""t"":861},{""x"":694,""y"":503,""t"":922},{""x"":736,""y"":505,""t"":971},{""x"":768,""y"":506,""t"":990},{""x"":801,""y"":506,""t"":1055},{""x"":840,""y"":483,""t"":1102},{""x"":870,""y"":464,""t"":1123},{""x"":863,""y"":469,""t"":1181},{""x"":841,""y"":482,""t"":1197},{""x"":843,""y"":494,""t"":1256},{""x"":846,""y"":498,""t"":1271},{""x"":863,""y"":478,""t"":1331},{""x"":874,""y"":430,""t"":1376},{""x"":874,""y"":389,""t"":1394},{""x"":847,""y"":355,""t"":1454},{""x"":822,""y"":327,""t"":1470},{""x"":811,""y"":290,""t"":1529},{""x"":788,""y"":273,""t"":1544},{""x"":716,""y"":232,""t"":1604},{""x"":592,""y"":193,""t"":1650},{""x"":490,""y"":184,""t"":1668},{""x"":396,""y"":163,""t"":1727},{""x"":321,""y"":148,""t"":1742},{""x"":261,""y"":144,""t"":1802},{""x"":205,""y"":153,""t"":1816},{""x"":194,""y"":133,""t"":1855},{""x"":172,""y"":128,""t"":1891},{""x"":219,""y"":144,""t"":1930},{""x"":363,""y"":145,""t"":1968},{""x"":476,""y"":139,""t"":2005},{""x"":563,""y"":144,""t"":2043},{""x"":653,""y"":141,""t"":2102},{""x"":719,""y"":141,""t"":2117},{""x"":768,""y"":148,""t"":2178},{""x"":820,""y"":165,""t"":2237},{""x"":813,""y"":170,""t"":2252},{""x"":744,""y"":166,""t"":2314},{""x"":664,""y"":179,""t"":2361},{""x"":581,""y"":193,""t"":2381},{""x"":497,""y"":211,""t"":2442},{""x"":427,""y"":225,""t"":2456},{""x"":413,""y"":208,""t"":2516},{""x"":516,""y"":213,""t"":2562},{""x"":557,""y"":205,""t"":2585},{""x"":598,""y"":190,""t"":2646},{""x"":656,""y"":177,""t"":2662},{""x"":674,""y"":191,""t"":2720},{""x"":688,""y"":197,""t"":2734},{""x"":713,""y"":246,""t"":2796},{""x"":740,""y"":308,""t"":2844},{""x"":731,""y"":372,""t"":2859},{""x"":757,""y"":407,""t"":2920},{""x"":763,""y"":454,""t"":2936},{""x"":778,""y"":484,""t"":2996},{""x"":687,""y"":495,""t"":3043},{""x"":613,""y"":513,""t"":3061},{""x"":521,""y"":519,""t"":3121},{""x"":447,""y"":522,""t"":3136},{""x"":401,""y"":512,""t"":3209},{""x"":366,""y"":501,""t"":3231},{""x"":316,""y"":515,""t"":3292},{""x"":274,""y"":522,""t"":3308},{""x"":245,""y"":521,""t"":3368},{""x"":306,""y"":532,""t"":3420},{""x"":344,""y"":528,""t"":3436},{""x"":387,""y"":532,""t"":3495},{""x"":428,""y"":535,""t"":3509},{""x"":474,""y"":533,""t"":3571},{""x"":500,""y"":526,""t"":3635},{""x"":519,""y"":520,""t"":3649},{""x"":566,""y"":523,""t"":3710},{""x"":598,""y"":504,""t"":3771},{""x"":616,""y"":467,""t"":3792},{""x"":577,""y"":445,""t"":3834},{""x"":514,""y"":395,""t"":3871},{""x"":499,""y"":354,""t"":3913},{""x"":478,""y"":330,""t"":3979},{""x"":459,""y"":292,""t"":4042},{""x"":444,""y"":262,""t"":4056},{""x"":412,""y"":243,""t"":4118},{""x"":367,""y"":223,""t"":4170},{""x"":331,""y"":208,""t"":4184},{""x"":300,""y"":188,""t"":4245},{""x"":279,""y"":161,""t"":4259},{""x"":283,""y"":158,""t"":4322},{""x"":281,""y"":145,""t"":4375},{""x"":281,""y"":137,""t"":4390},{""x"":279,""y"":132,""t"":4450},{""x"":291,""y"":135,""t"":4464},{""x"":308,""y"":122,""t"":4524},{""x"":345,""y"":152,""t"":4576},{""x"":377,""y"":179,""t"":4590},{""x"":411,""y"":248,""t"":4649},{""x"":439,""y"":307,""t"":4663},{""x"":458,""y"":365,""t"":4726},{""x"":473,""y"":413,""t"":4741},{""x"":487,""y"":433,""t"":4802},{""x"":498,""y"":448,""t"":4830},{""x"":508,""y"":434,""t"":4907},{""x"":514,""y"":419,""t"":4931},{""x"":510,""y"":450,""t"":4994},{""x"":515,""y"":458,""t"":5010},{""x"":520,""y"":423,""t"":5073},{""x"":529,""y"":444,""t"":5141},{""x"":537,""y"":461,""t"":5168},{""x"":532,""y"":460,""t"":5234},{""x"":533,""y"":471,""t"":5249},{""x"":531,""y"":479,""t"":5312},{""x"":516,""y"":469,""t"":5340},{""x"":510,""y"":447,""t"":5400},{""x"":505,""y"":427,""t"":5416},{""x"":515,""y"":415,""t"":5477},{""x"":476,""y"":415,""t"":5531},{""x"":463,""y"":428,""t"":5546},{""x"":476,""y"":413,""t"":5608},{""x"":495,""y"":411,""t"":5623},{""x"":486,""y"":394,""t"":5698}]",0,0.6923424098285275,0.30765759017147243,wa_b-last,0
147-attributes,1,130,exp_31,0.0,270.29999999701977,0.3,0.17,2.0,3.0,higher_p,higher_m,0,1,attributes,1.0,True,0.6,0.51,0.0899999999999999,0.3499494233597794,0.5,0.5,0.4,0.6,1.0,1.0,higher_m,higher_m,True,"{""durations"":[1000,1500,1000,1500],""alternatives"":[""all"",""all"",""all"",""all""],""attributes"":[""p"",""m"",""p"",""m""]}","[{""x"":495,""y"":434,""t"":-18},{""x"":490,""y"":429,""t"":0},{""x"":519,""y"":431,""t"":84},{""x"":508,""y"":431,""t"":106},{""x"":502,""y"":421,""t"":171},{""x"":502,""y"":408,""t"":231},{""x"":501,""y"":397,""t"":245},{""x"":519,""y"":387,""t"":304},{""x"":508,""y"":372,""t"":319},{""x"":467,""y"":406,""t"":379},{""x"":431,""y"":435,""t"":408},{""x"":401,""y"":456,""t"":467},{""x"":377,""y"":473,""t"":482},{""x"":358,""y"":504,""t"":542},{""x"":357,""y"":520,""t"":556},{""x"":334,""y"":533,""t"":615},{""x"":319,""y"":524,""t"":670},{""x"":308,""y"":514,""t"":684},{""x"":285,""y"":513,""t"":745},{""x"":266,""y"":512,""t"":760},{""x"":269,""y"":513,""t"":823},{""x"":256,""y"":530,""t"":886},{""x"":260,""y"":511,""t"":939},{""x"":269,""y"":503,""t"":953},{""x"":401,""y"":514,""t"":1011},{""x"":505,""y"":515,""t"":1027},{""x"":608,""y"":481,""t"":1087},{""x"":681,""y"":482,""t"":1101},{""x"":727,""y"":511,""t"":1161},{""x"":769,""y"":507,""t"":1214},{""x"":799,""y"":503,""t"":1238},{""x"":820,""y"":520,""t"":1295},{""x"":868,""y"":456,""t"":1361},{""x"":887,""y"":417,""t"":1411},{""x"":919,""y"":387,""t"":1429},{""x"":939,""y"":354,""t"":1489},{""x"":951,""y"":327,""t"":1503},{""x"":794,""y"":312,""t"":1562},{""x"":657,""y"":302,""t"":1578},{""x"":536,""y"":290,""t"":1636},{""x"":436,""y"":282,""t"":1667},{""x"":361,""y"":268,""t"":1728},{""x"":302,""y"":258,""t"":1742},{""x"":294,""y"":254,""t"":1802},{""x"":257,""y"":221,""t"":1856},{""x"":382,""y"":232,""t"":1875},{""x"":458,""y"":243,""t"":1947},{""x"":554,""y"":248,""t"":2002},{""x"":615,""y"":249,""t"":2039},{""x"":698,""y"":244,""t"":2077},{""x"":736,""y"":244,""t"":2136},{""x"":766,""y"":245,""t"":2151},{""x"":814,""y"":247,""t"":2210},{""x"":816,""y"":258,""t"":2224},{""x"":749,""y"":255,""t"":2283},{""x"":667,""y"":267,""t"":2334},{""x"":590,""y"":278,""t"":2349},{""x"":510,""y"":295,""t"":2408},{""x"":442,""y"":308,""t"":2422},{""x"":383,""y"":313,""t"":2482},{""x"":342,""y"":296,""t"":2497},{""x"":330,""y"":313,""t"":2557},{""x"":303,""y"":304,""t"":2607},{""x"":283,""y"":296,""t"":2622},{""x"":283,""y"":362,""t"":2685},{""x"":267,""y"":418,""t"":2699},{""x"":290,""y"":447,""t"":2757},{""x"":297,""y"":488,""t"":2810},{""x"":314,""y"":515,""t"":2825},{""x"":307,""y"":523,""t"":2884},{""x"":302,""y"":527,""t"":2899},{""x"":337,""y"":529,""t"":2958},{""x"":448,""y"":549,""t"":3009},{""x"":542,""y"":564,""t"":3027},{""x"":596,""y"":553,""t"":3090},{""x"":658,""y"":549,""t"":3104},{""x"":698,""y"":542,""t"":3167},{""x"":743,""y"":551,""t"":3219},{""x"":784,""y"":562,""t"":3233},{""x"":792,""y"":564,""t"":3293},{""x"":796,""y"":565,""t"":3307},{""x"":698,""y"":558,""t"":3370},{""x"":611,""y"":550,""t"":3402},{""x"":529,""y"":549,""t"":3474},{""x"":477,""y"":548,""t"":3532},{""x"":437,""y"":522,""t"":3561},{""x"":393,""y"":485,""t"":3621},{""x"":339,""y"":467,""t"":3662},{""x"":318,""y"":485,""t"":3701},{""x"":308,""y"":482,""t"":3738},{""x"":287,""y"":496,""t"":3777},{""x"":281,""y"":509,""t"":3838},{""x"":278,""y"":507,""t"":3852},{""x"":287,""y"":487,""t"":3913},{""x"":270,""y"":438,""t"":3964},{""x"":265,""y"":410,""t"":3978},{""x"":259,""y"":371,""t"":4041},{""x"":254,""y"":351,""t"":4057},{""x"":273,""y"":370,""t"":4119},{""x"":297,""y"":378,""t"":4150},{""x"":341,""y"":381,""t"":4211},{""x"":363,""y"":354,""t"":4226},{""x"":368,""y"":303,""t"":4287},{""x"":356,""y"":325,""t"":4341},{""x"":361,""y"":321,""t"":4357},{""x"":358,""y"":340,""t"":4420},{""x"":371,""y"":347,""t"":4435},{""x"":379,""y"":358,""t"":4494},{""x"":382,""y"":363,""t"":4523},{""x"":361,""y"":377,""t"":4583},{""x"":343,""y"":388,""t"":4597},{""x"":343,""y"":388,""t"":4657},{""x"":344,""y"":392,""t"":4672},{""x"":328,""y"":387,""t"":4733},{""x"":314,""y"":383,""t"":4761},{""x"":334,""y"":395,""t"":4823},{""x"":346,""y"":399,""t"":4838},{""x"":325,""y"":384,""t"":4904},{""x"":331,""y"":396,""t"":4931},{""x"":351,""y"":417,""t"":4993},{""x"":365,""y"":421,""t"":5009},{""x"":396,""y"":401,""t"":5072},{""x"":405,""y"":405,""t"":5102},{""x"":387,""y"":397,""t"":5166},{""x"":370,""y"":390,""t"":5181},{""x"":360,""y"":436,""t"":5244},{""x"":343,""y"":464,""t"":5271},{""x"":343,""y"":439,""t"":5349},{""x"":348,""y"":436,""t"":5374},{""x"":366,""y"":428,""t"":5436},{""x"":381,""y"":421,""t"":5452},{""x"":418,""y"":424,""t"":5517},{""x"":439,""y"":424,""t"":5543},{""x"":460,""y"":415,""t"":5619},{""x"":485,""y"":412,""t"":5644},{""x"":486,""y"":399,""t"":5708},{""x"":486,""y"":388,""t"":5722},{""x"":479,""y"":386,""t"":5786},{""x"":476,""y"":393,""t"":5816},{""x"":489,""y"":397,""t"":5880},{""x"":500,""y"":401,""t"":5894}]",0,0.6244175615012415,0.3755824384987585,wa_b-last,0
147-attributes,1,131,exp_65,0.0,123.29999999701975,0.72,0.51,4.2,5.2,higher_p,higher_m,0,1,attributes,1.0,True,3.024,2.652,0.3719999999999999,0.6402015921464201,0.5,0.5,0.6,0.4,0.0,1.0,higher_p,higher_m,True,"{""durations"":[1500,1000,1500,1000],""alternatives"":[""all"",""all"",""all"",""all""],""attributes"":[""p"",""m"",""p"",""m""]}","[{""x"":476,""y"":443,""t"":-16},{""x"":448,""y"":442,""t"":0},{""x"":477,""y"":433,""t"":81},{""x"":473,""y"":439,""t"":103},{""x"":471,""y"":433,""t"":189},{""x"":461,""y"":429,""t"":206},{""x"":473,""y"":418,""t"":266},{""x"":485,""y"":418,""t"":281},{""x"":451,""y"":459,""t"":348},{""x"":413,""y"":489,""t"":375},{""x"":389,""y"":506,""t"":442},{""x"":358,""y"":505,""t"":462},{""x"":333,""y"":511,""t"":503},{""x"":320,""y"":527,""t"":540},{""x"":337,""y"":537,""t"":578},{""x"":333,""y"":540,""t"":616},{""x"":442,""y"":555,""t"":677},{""x"":537,""y"":567,""t"":693},{""x"":612,""y"":579,""t"":754},{""x"":664,""y"":594,""t"":783},{""x"":706,""y"":591,""t"":844},{""x"":738,""y"":587,""t"":858},{""x"":755,""y"":595,""t"":922},{""x"":766,""y"":601,""t"":953},{""x"":815,""y"":587,""t"":1053},{""x"":684,""y"":595,""t"":1068},{""x"":574,""y"":582,""t"":1134},{""x"":479,""y"":569,""t"":1212},{""x"":399,""y"":559,""t"":1227},{""x"":344,""y"":552,""t"":1290},{""x"":300,""y"":546,""t"":1305},{""x"":251,""y"":544,""t"":1368},{""x"":219,""y"":540,""t"":1396},{""x"":223,""y"":513,""t"":1457},{""x"":226,""y"":504,""t"":1472},{""x"":238,""y"":493,""t"":1532},{""x"":350,""y"":475,""t"":1586},{""x"":449,""y"":467,""t"":1600},{""x"":539,""y"":448,""t"":1660},{""x"":614,""y"":432,""t"":1674},{""x"":687,""y"":402,""t"":1735},{""x"":731,""y"":403,""t"":1787},{""x"":763,""y"":406,""t"":1803},{""x"":781,""y"":360,""t"":1863},{""x"":791,""y"":321,""t"":1877},{""x"":791,""y"":295,""t"":1938},{""x"":786,""y"":267,""t"":1953},{""x"":795,""y"":256,""t"":1992},{""x"":792,""y"":241,""t"":2030},{""x"":768,""y"":219,""t"":2068},{""x"":704,""y"":200,""t"":2106},{""x"":627,""y"":198,""t"":2144},{""x"":536,""y"":194,""t"":2205},{""x"":460,""y"":192,""t"":2219},{""x"":422,""y"":199,""t"":2280},{""x"":369,""y"":204,""t"":2345},{""x"":320,""y"":206,""t"":2360},{""x"":292,""y"":191,""t"":2438},{""x"":273,""y"":179,""t"":2455},{""x"":349,""y"":181,""t"":2521},{""x"":449,""y"":182,""t"":2587},{""x"":553,""y"":201,""t"":2619},{""x"":600,""y"":209,""t"":2693},{""x"":684,""y"":201,""t"":2721},{""x"":747,""y"":210,""t"":2794},{""x"":784,""y"":288,""t"":2847},{""x"":813,""y"":368,""t"":2862},{""x"":807,""y"":436,""t"":2923},{""x"":798,""y"":492,""t"":2938},{""x"":818,""y"":530,""t"":2998},{""x"":685,""y"":557,""t"":3050},{""x"":570,""y"":576,""t"":3065},{""x"":477,""y"":558,""t"":3127},{""x"":400,""y"":540,""t"":3141},{""x"":323,""y"":553,""t"":3201},{""x"":262,""y"":563,""t"":3231},{""x"":239,""y"":603,""t"":3306},{""x"":225,""y"":636,""t"":3334},{""x"":215,""y"":621,""t"":3410},{""x"":186,""y"":595,""t"":3435},{""x"":290,""y"":589,""t"":3496},{""x"":382,""y"":584,""t"":3511},{""x"":466,""y"":577,""t"":3572},{""x"":530,""y"":573,""t"":3627},{""x"":583,""y"":568,""t"":3642},{""x"":621,""y"":567,""t"":3703},{""x"":657,""y"":548,""t"":3719},{""x"":720,""y"":486,""t"":3782},{""x"":738,""y"":421,""t"":3809},{""x"":687,""y"":350,""t"":3869},{""x"":641,""y"":291,""t"":3883},{""x"":647,""y"":262,""t"":3943},{""x"":662,""y"":284,""t"":3959},{""x"":687,""y"":294,""t"":4020},{""x"":682,""y"":330,""t"":4047},{""x"":698,""y"":343,""t"":4110},{""x"":688,""y"":361,""t"":4125},{""x"":671,""y"":367,""t"":4186},{""x"":644,""y"":373,""t"":4241},{""x"":621,""y"":388,""t"":4268},{""x"":612,""y"":390,""t"":4320},{""x"":618,""y"":382,""t"":4383},{""x"":605,""y"":377,""t"":4396},{""x"":616,""y"":377,""t"":4461},{""x"":618,""y"":385,""t"":4489},{""x"":621,""y"":381,""t"":4551},{""x"":623,""y"":386,""t"":4566},{""x"":631,""y"":385,""t"":4627},{""x"":628,""y"":383,""t"":4680},{""x"":626,""y"":381,""t"":4695},{""x"":630,""y"":381,""t"":4760},{""x"":626,""y"":390,""t"":4794},{""x"":600,""y"":392,""t"":4873},{""x"":582,""y"":386,""t"":4897},{""x"":608,""y"":374,""t"":4960},{""x"":630,""y"":365,""t"":4975},{""x"":624,""y"":375,""t"":5037},{""x"":628,""y"":383,""t"":5098},{""x"":612,""y"":366,""t"":5126},{""x"":608,""y"":363,""t"":5170},{""x"":596,""y"":378,""t"":5234},{""x"":596,""y"":394,""t"":5249},{""x"":592,""y"":406,""t"":5314},{""x"":596,""y"":399,""t"":5338},{""x"":615,""y"":375,""t"":5402},{""x"":630,""y"":355,""t"":5416},{""x"":616,""y"":347,""t"":5481},{""x"":637,""y"":371,""t"":5508},{""x"":622,""y"":366,""t"":5587},{""x"":614,""y"":361,""t"":5611}]",0,0.8362952249238595,0.16370477507614056,wa_b-last,0
147-attributes,1,132,exp_63,1.0,217.0,0.41,0.21,1.7999999999999998,6.2,higher_p,higher_m,0,1,attributes,1.0,True,0.7379999999999999,1.302,-0.5640000000000002,-0.3231885851028555,0.5,0.5,0.4,0.6,1.0,1.0,higher_m,higher_m,False,"{""durations"":[1000,1500,1000,1500],""alternatives"":[""all"",""all"",""all"",""all""],""attributes"":[""p"",""m"",""p"",""m""]}","[{""x"":485,""y"":399,""t"":-15},{""x"":489,""y"":407,""t"":0},{""x"":473,""y"":417,""t"":79},{""x"":459,""y"":439,""t"":102},{""x"":450,""y"":449,""t"":195},{""x"":443,""y"":456,""t"":210},{""x"":450,""y"":446,""t"":269},{""x"":456,""y"":438,""t"":285},{""x"":407,""y"":441,""t"":344},{""x"":385,""y"":436,""t"":397},{""x"":366,""y"":445,""t"":426},{""x"":347,""y"":454,""t"":464},{""x"":348,""y"":450,""t"":501},{""x"":326,""y"":453,""t"":537},{""x"":337,""y"":466,""t"":576},{""x"":343,""y"":451,""t"":613},{""x"":445,""y"":478,""t"":682},{""x"":548,""y"":480,""t"":715},{""x"":645,""y"":495,""t"":781},{""x"":724,""y"":508,""t"":796},{""x"":768,""y"":528,""t"":856},{""x"":827,""y"":528,""t"":886},{""x"":844,""y"":535,""t"":960},{""x"":844,""y"":526,""t"":987},{""x"":841,""y"":543,""t"":1047},{""x"":834,""y"":556,""t"":1062},{""x"":831,""y"":554,""t"":1123},{""x"":688,""y"":530,""t"":1174},{""x"":570,""y"":516,""t"":1192},{""x"":507,""y"":508,""t"":1253},{""x"":438,""y"":496,""t"":1267},{""x"":388,""y"":472,""t"":1327},{""x"":355,""y"":428,""t"":1394},{""x"":330,""y"":391,""t"":1409},{""x"":330,""y"":339,""t"":1470},{""x"":342,""y"":303,""t"":1498},{""x"":314,""y"":281,""t"":1558},{""x"":289,""y"":263,""t"":1573},{""x"":386,""y"":236,""t"":1632},{""x"":467,""y"":243,""t"":1683},{""x"":529,""y"":256,""t"":1701},{""x"":587,""y"":236,""t"":1762},{""x"":628,""y"":212,""t"":1777},{""x"":637,""y"":227,""t"":1838},{""x"":666,""y"":250,""t"":1892},{""x"":693,""y"":273,""t"":1906},{""x"":737,""y"":278,""t"":1965},{""x"":752,""y"":282,""t"":1980},{""x"":641,""y"":274,""t"":2040},{""x"":556,""y"":267,""t"":2092},{""x"":511,""y"":270,""t"":2109},{""x"":423,""y"":266,""t"":2169},{""x"":351,""y"":263,""t"":2185},{""x"":311,""y"":260,""t"":2245},{""x"":298,""y"":256,""t"":2298},{""x"":292,""y"":253,""t"":2312},{""x"":292,""y"":301,""t"":2373},{""x"":295,""y"":342,""t"":2388},{""x"":308,""y"":387,""t"":2449},{""x"":295,""y"":404,""t"":2503},{""x"":283,""y"":427,""t"":2517},{""x"":296,""y"":467,""t"":2581},{""x"":316,""y"":490,""t"":2596},{""x"":336,""y"":512,""t"":2656},{""x"":336,""y"":531,""t"":2710},{""x"":347,""y"":541,""t"":2725},{""x"":366,""y"":549,""t"":2786},{""x"":366,""y"":547,""t"":2803},{""x"":362,""y"":546,""t"":2845},{""x"":384,""y"":543,""t"":2882},{""x"":373,""y"":536,""t"":2920},{""x"":412,""y"":537,""t"":2958},{""x"":449,""y"":522,""t"":2995},{""x"":538,""y"":528,""t"":3057},{""x"":598,""y"":520,""t"":3072},{""x"":673,""y"":523,""t"":3133},{""x"":704,""y"":526,""t"":3185},{""x"":724,""y"":527,""t"":3200},{""x"":756,""y"":511,""t"":3263},{""x"":780,""y"":498,""t"":3278},{""x"":787,""y"":511,""t"":3338},{""x"":798,""y"":527,""t"":3366},{""x"":796,""y"":521,""t"":3425},{""x"":806,""y"":528,""t"":3441},{""x"":826,""y"":535,""t"":3503},{""x"":743,""y"":496,""t"":3558},{""x"":658,""y"":507,""t"":3584},{""x"":599,""y"":493,""t"":3631},{""x"":512,""y"":498,""t"":3669},{""x"":476,""y"":491,""t"":3707},{""x"":431,""y"":492,""t"":3767},{""x"":381,""y"":479,""t"":3783},{""x"":363,""y"":423,""t"":3843},{""x"":349,""y"":364,""t"":3876},{""x"":324,""y"":320,""t"":3939},{""x"":307,""y"":284,""t"":3953},{""x"":279,""y"":252,""t"":4013},{""x"":388,""y"":238,""t"":4090},{""x"":486,""y"":218,""t"":4115},{""x"":563,""y"":204,""t"":4176},{""x"":658,""y"":215,""t"":4191},{""x"":722,""y"":231,""t"":4254},{""x"":771,""y"":261,""t"":4285},{""x"":796,""y"":255,""t"":4364},{""x"":812,""y"":251,""t"":4388},{""x"":725,""y"":270,""t"":4450},{""x"":648,""y"":286,""t"":4466},{""x"":596,""y"":285,""t"":4529},{""x"":516,""y"":253,""t"":4558},{""x"":450,""y"":234,""t"":4638},{""x"":391,""y"":216,""t"":4659},{""x"":360,""y"":228,""t"":4720},{""x"":336,""y"":240,""t"":4736},{""x"":312,""y"":246,""t"":4804},{""x"":324,""y"":276,""t"":4830},{""x"":313,""y"":298,""t"":4896},{""x"":351,""y"":330,""t"":4958},{""x"":389,""y"":357,""t"":4973},{""x"":389,""y"":406,""t"":5034},{""x"":393,""y"":408,""t"":5087},{""x"":396,""y"":408,""t"":5102},{""x"":395,""y"":416,""t"":5162},{""x"":390,""y"":432,""t"":5177},{""x"":388,""y"":435,""t"":5238},{""x"":413,""y"":435,""t"":5292},{""x"":435,""y"":434,""t"":5319},{""x"":428,""y"":445,""t"":5380},{""x"":414,""y"":435,""t"":5407},{""x"":397,""y"":454,""t"":5466},{""x"":385,""y"":459,""t"":5482},{""x"":414,""y"":451,""t"":5543},{""x"":430,""y"":456,""t"":5617},{""x"":449,""y"":472,""t"":5645},{""x"":457,""y"":456,""t"":5699},{""x"":474,""y"":432,""t"":5738},{""x"":465,""y"":423,""t"":5775}]",0,0.19162598565986752,0.8083740143401325,wa_b-last,0
147-attributes,1,134,exp_105,0.0,214.0,0.78,0.4,2.1,3.0,higher_p,higher_m,0,1,attributes,1.0,True,1.638,1.2000000000000002,0.4379999999999999,0.7081329507986127,0.5,0.5,0.6,0.4,0.0,1.0,higher_p,higher_m,True,"{""durations"":[1500,1000,1500,1000],""alternatives"":[""all"",""all"",""all"",""all""],""attributes"":[""p"",""m"",""p"",""m""]}","[{""x"":508,""y"":460,""t"":-16},{""x"":489,""y"":470,""t"":0},{""x"":482,""y"":471,""t"":84},{""x"":477,""y"":471,""t"":105},{""x"":488,""y"":467,""t"":196},{""x"":499,""y"":463,""t"":212},{""x"":479,""y"":463,""t"":271},{""x"":480,""y"":468,""t"":286},{""x"":523,""y"":498,""t"":347},{""x"":558,""y"":510,""t"":375},{""x"":601,""y"":515,""t"":436},{""x"":649,""y"":544,""t"":452},{""x"":655,""y"":546,""t"":512},{""x"":699,""y"":561,""t"":567},{""x"":768,""y"":573,""t"":584},{""x"":787,""y"":564,""t"":645},{""x"":719,""y"":570,""t"":660},{""x"":651,""y"":554,""t"":700},{""x"":528,""y"":553,""t"":739},{""x"":445,""y"":537,""t"":777},{""x"":364,""y"":537,""t"":815},{""x"":303,""y"":536,""t"":853},{""x"":286,""y"":537,""t"":911},{""x"":278,""y"":539,""t"":927},{""x"":270,""y"":545,""t"":987},{""x"":263,""y"":550,""t"":1041},{""x"":266,""y"":563,""t"":1057},{""x"":362,""y"":555,""t"":1117},{""x"":441,""y"":543,""t"":1132},{""x"":516,""y"":535,""t"":1193},{""x"":570,""y"":541,""t"":1241},{""x"":632,""y"":548,""t"":1259},{""x"":672,""y"":496,""t"":1328},{""x"":695,""y"":477,""t"":1361},{""x"":707,""y"":441,""t"":1421},{""x"":714,""y"":412,""t"":1436},{""x"":734,""y"":377,""t"":1495},{""x"":747,""y"":345,""t"":1510},{""x"":751,""y"":324,""t"":1549},{""x"":747,""y"":315,""t"":1588},{""x"":724,""y"":302,""t"":1626},{""x"":720,""y"":299,""t"":1664},{""x"":716,""y"":298,""t"":1702},{""x"":706,""y"":290,""t"":1763},{""x"":703,""y"":285,""t"":1780},{""x"":700,""y"":284,""t"":1838},{""x"":634,""y"":270,""t"":1898},{""x"":566,""y"":275,""t"":1929},{""x"":505,""y"":282,""t"":1971},{""x"":453,""y"":293,""t"":2012},{""x"":412,""y"":302,""t"":2077},{""x"":371,""y"":315,""t"":2139},{""x"":341,""y"":326,""t"":2154},{""x"":312,""y"":329,""t"":2215},{""x"":303,""y"":327,""t"":2246},{""x"":418,""y"":343,""t"":2318},{""x"":503,""y"":344,""t"":2346},{""x"":566,""y"":347,""t"":2425},{""x"":618,""y"":350,""t"":2450},{""x"":658,""y"":374,""t"":2524},{""x"":689,""y"":393,""t"":2551},{""x"":750,""y"":376,""t"":2620},{""x"":787,""y"":372,""t"":2683},{""x"":813,""y"":374,""t"":2702},{""x"":828,""y"":382,""t"":2741},{""x"":820,""y"":398,""t"":2779},{""x"":818,""y"":413,""t"":2816},{""x"":802,""y"":437,""t"":2857},{""x"":792,""y"":447,""t"":2918},{""x"":783,""y"":455,""t"":2934},{""x"":766,""y"":433,""t"":2996},{""x"":792,""y"":403,""t"":3062},{""x"":764,""y"":429,""t"":3113},{""x"":739,""y"":451,""t"":3129},{""x"":711,""y"":491,""t"":3189},{""x"":695,""y"":525,""t"":3204},{""x"":710,""y"":545,""t"":3264},{""x"":709,""y"":578,""t"":3317},{""x"":689,""y"":588,""t"":3333},{""x"":727,""y"":581,""t"":3392},{""x"":743,""y"":576,""t"":3408},{""x"":753,""y"":559,""t"":3471},{""x"":764,""y"":567,""t"":3526},{""x"":773,""y"":573,""t"":3540},{""x"":753,""y"":560,""t"":3600},{""x"":736,""y"":549,""t"":3614},{""x"":766,""y"":563,""t"":3674},{""x"":771,""y"":552,""t"":3725},{""x"":773,""y"":538,""t"":3740},{""x"":723,""y"":537,""t"":3800},{""x"":680,""y"":536,""t"":3815},{""x"":726,""y"":541,""t"":3875},{""x"":731,""y"":533,""t"":3890},{""x"":713,""y"":502,""t"":3949},{""x"":697,""y"":464,""t"":4000},{""x"":684,""y"":432,""t"":4014},{""x"":687,""y"":420,""t"":4076},{""x"":706,""y"":405,""t"":4090},{""x"":677,""y"":401,""t"":4155},{""x"":651,""y"":402,""t"":4184},{""x"":629,""y"":412,""t"":4246},{""x"":610,""y"":402,""t"":4269},{""x"":586,""y"":405,""t"":4313},{""x"":571,""y"":407,""t"":4351},{""x"":560,""y"":410,""t"":4390},{""x"":557,""y"":418,""t"":4453},{""x"":556,""y"":424,""t"":4469},{""x"":576,""y"":437,""t"":4529},{""x"":558,""y"":434,""t"":4557},{""x"":545,""y"":429,""t"":4620},{""x"":553,""y"":427,""t"":4635},{""x"":552,""y"":427,""t"":4698},{""x"":572,""y"":416,""t"":4751},{""x"":569,""y"":415,""t"":4765},{""x"":577,""y"":416,""t"":4828},{""x"":591,""y"":428,""t"":4883},{""x"":592,""y"":435,""t"":4899},{""x"":605,""y"":431,""t"":4960},{""x"":598,""y"":436,""t"":4975},{""x"":610,""y"":432,""t"":5037},{""x"":640,""y"":431,""t"":5092},{""x"":629,""y"":427,""t"":5108},{""x"":599,""y"":433,""t"":5174},{""x"":612,""y"":444,""t"":5239},{""x"":641,""y"":427,""t"":5293},{""x"":618,""y"":426,""t"":5307},{""x"":619,""y"":431,""t"":5371},{""x"":620,""y"":436,""t"":5385},{""x"":607,""y"":426,""t"":5449},{""x"":601,""y"":423,""t"":5475},{""x"":591,""y"":436,""t"":5538},{""x"":583,""y"":447,""t"":5552},{""x"":578,""y"":446,""t"":5616},{""x"":600,""y"":441,""t"":5675},{""x"":595,""y"":445,""t"":5696},{""x"":559,""y"":372,""t"":5735},{""x"":604,""y"":332,""t"":5774}]",0,0.9837386492434943,0.016261350756505668,wa_b-last,0
147-attributes,1,137,exp_83,0.0,1496.2999999970198,0.61,0.29,2.2,8.1,higher_p,higher_m,0,1,attributes,1.0,True,1.342,2.349,-1.0069999999999997,-0.7791520984804501,0.5,0.5,0.6,0.4,0.0,0.0,higher_p,higher_p,True,"{""durations"":[1000,1500,1000,1500],""alternatives"":[""all"",""all"",""all"",""all""],""attributes"":[""m"",""p"",""m"",""p""]}","[{""x"":392,""y"":400,""t"":-25},{""x"":408,""y"":407,""t"":0},{""x"":422,""y"":411,""t"":74},{""x"":431,""y"":384,""t"":119},{""x"":442,""y"":394,""t"":157},{""x"":475,""y"":404,""t"":194},{""x"":465,""y"":392,""t"":232},{""x"":474,""y"":397,""t"":269},{""x"":488,""y"":406,""t"":306},{""x"":469,""y"":370,""t"":366},{""x"":457,""y"":340,""t"":382},{""x"":410,""y"":310,""t"":441},{""x"":357,""y"":277,""t"":455},{""x"":311,""y"":241,""t"":516},{""x"":297,""y"":203,""t"":567},{""x"":287,""y"":172,""t"":582},{""x"":261,""y"":148,""t"":640},{""x"":281,""y"":131,""t"":655},{""x"":406,""y"":139,""t"":714},{""x"":522,""y"":144,""t"":779},{""x"":576,""y"":149,""t"":795},{""x"":634,""y"":172,""t"":855},{""x"":725,""y"":187,""t"":906},{""x"":745,""y"":192,""t"":920},{""x"":764,""y"":215,""t"":980},{""x"":766,""y"":241,""t"":996},{""x"":751,""y"":277,""t"":1058},{""x"":726,""y"":299,""t"":1120},{""x"":709,""y"":323,""t"":1146},{""x"":701,""y"":307,""t"":1189},{""x"":701,""y"":302,""t"":1228},{""x"":688,""y"":362,""t"":1290},{""x"":677,""y"":412,""t"":1306},{""x"":662,""y"":445,""t"":1367},{""x"":649,""y"":471,""t"":1395},{""x"":652,""y"":496,""t"":1488},{""x"":624,""y"":522,""t"":1503},{""x"":579,""y"":538,""t"":1568},{""x"":533,""y"":585,""t"":1623},{""x"":499,""y"":623,""t"":1639},{""x"":455,""y"":641,""t"":1699},{""x"":421,""y"":652,""t"":1713},{""x"":405,""y"":673,""t"":1775},{""x"":394,""y"":687,""t"":1802},{""x"":394,""y"":693,""t"":1881},{""x"":397,""y"":695,""t"":1905},{""x"":401,""y"":672,""t"":1975},{""x"":392,""y"":667,""t"":2030},{""x"":387,""y"":662,""t"":2049},{""x"":379,""y"":643,""t"":2128},{""x"":374,""y"":626,""t"":2145},{""x"":476,""y"":592,""t"":2208},{""x"":536,""y"":584,""t"":2224},{""x"":585,""y"":576,""t"":2265},{""x"":624,""y"":576,""t"":2305},{""x"":655,""y"":576,""t"":2347},{""x"":670,""y"":581,""t"":2411},{""x"":690,""y"":570,""t"":2427},{""x"":702,""y"":575,""t"":2491},{""x"":715,""y"":593,""t"":2517},{""x"":727,""y"":596,""t"":2582},{""x"":742,""y"":615,""t"":2597},{""x"":746,""y"":620,""t"":2665},{""x"":761,""y"":634,""t"":2687},{""x"":770,""y"":589,""t"":2750},{""x"":754,""y"":543,""t"":2766},{""x"":755,""y"":493,""t"":2827},{""x"":746,""y"":436,""t"":2878},{""x"":738,""y"":390,""t"":2894},{""x"":714,""y"":330,""t"":2968},{""x"":706,""y"":324,""t"":2998},{""x"":703,""y"":266,""t"":3059},{""x"":678,""y"":264,""t"":3098},{""x"":549,""y"":248,""t"":3159},{""x"":481,""y"":238,""t"":3180},{""x"":438,""y"":227,""t"":3218},{""x"":398,""y"":208,""t"":3256},{""x"":340,""y"":215,""t"":3294},{""x"":317,""y"":222,""t"":3333},{""x"":326,""y"":209,""t"":3395},{""x"":337,""y"":200,""t"":3411},{""x"":335,""y"":211,""t"":3472},{""x"":328,""y"":222,""t"":3523},{""x"":324,""y"":233,""t"":3538},{""x"":299,""y"":224,""t"":3600},{""x"":300,""y"":243,""t"":3614},{""x"":285,""y"":320,""t"":3678},{""x"":260,""y"":391,""t"":3708},{""x"":282,""y"":449,""t"":3770},{""x"":303,""y"":496,""t"":3786},{""x"":311,""y"":510,""t"":3847},{""x"":282,""y"":535,""t"":3906},{""x"":243,""y"":550,""t"":3934},{""x"":241,""y"":548,""t"":3982},{""x"":238,""y"":565,""t"":4042},{""x"":222,""y"":571,""t"":4058},{""x"":235,""y"":582,""t"":4131},{""x"":247,""y"":588,""t"":4149},{""x"":276,""y"":586,""t"":4211},{""x"":305,""y"":589,""t"":4225},{""x"":401,""y"":567,""t"":4286},{""x"":504,""y"":591,""t"":4340},{""x"":596,""y"":588,""t"":4369},{""x"":659,""y"":596,""t"":4408},{""x"":718,""y"":605,""t"":4446},{""x"":753,""y"":632,""t"":4485},{""x"":771,""y"":665,""t"":4522},{""x"":801,""y"":679,""t"":4582},{""x"":822,""y"":689,""t"":4597},{""x"":855,""y"":641,""t"":4658},{""x"":873,""y"":598,""t"":4673},{""x"":857,""y"":581,""t"":4735},{""x"":843,""y"":573,""t"":4762},{""x"":852,""y"":565,""t"":4837},{""x"":823,""y"":572,""t"":4862},{""x"":833,""y"":569,""t"":4932},{""x"":846,""y"":596,""t"":4984},{""x"":829,""y"":607,""t"":4999},{""x"":814,""y"":554,""t"":5063},{""x"":810,""y"":519,""t"":5077},{""x"":802,""y"":455,""t"":5142},{""x"":791,""y"":411,""t"":5170},{""x"":775,""y"":389,""t"":5241},{""x"":785,""y"":365,""t"":5294},{""x"":794,""y"":347,""t"":5309},{""x"":737,""y"":326,""t"":5370},{""x"":697,""y"":334,""t"":5385},{""x"":654,""y"":348,""t"":5447},{""x"":600,""y"":367,""t"":5474},{""x"":584,""y"":389,""t"":5537},{""x"":565,""y"":409,""t"":5552},{""x"":534,""y"":435,""t"":5615},{""x"":494,""y"":431,""t"":5670},{""x"":463,""y"":428,""t"":5685},{""x"":473,""y"":424,""t"":5747},{""x"":458,""y"":426,""t"":5800},{""x"":447,""y"":427,""t"":5814},{""x"":462,""y"":437,""t"":5877},{""x"":476,""y"":445,""t"":5892},{""x"":461,""y"":451,""t"":5958},{""x"":449,""y"":456,""t"":5986},{""x"":486,""y"":454,""t"":6050},{""x"":511,""y"":441,""t"":6064},{""x"":545,""y"":434,""t"":6130},{""x"":544,""y"":433,""t"":6155},{""x"":571,""y"":426,""t"":6219},{""x"":607,""y"":438,""t"":6234},{""x"":617,""y"":440,""t"":6304},{""x"":610,""y"":450,""t"":6325},{""x"":597,""y"":429,""t"":6391},{""x"":586,""y"":410,""t"":6407},{""x"":570,""y"":423,""t"":6470},{""x"":557,""y"":435,""t"":6495},{""x"":568,""y"":425,""t"":6559},{""x"":596,""y"":414,""t"":6574},{""x"":607,""y"":401,""t"":6638},{""x"":591,""y"":396,""t"":6665},{""x"":586,""y"":397,""t"":6728},{""x"":587,""y"":404,""t"":6742},{""x"":581,""y"":412,""t"":6807},{""x"":576,""y"":419,""t"":6835},{""x"":579,""y"":439,""t"":6897},{""x"":597,""y"":439,""t"":6912},{""x"":592,""y"":438,""t"":6976},{""x"":603,""y"":436,""t"":7005},{""x"":623,""y"":437,""t"":7070}]",0,0.46501216093534536,0.5349878390646546,wa_b-last,0
147-attributes,1,138,exp_75,0.0,162.40000000596046,0.8,0.2,4.0,6.799999999999999,higher_p,higher_m,0,1,attributes,1.0,True,3.2,1.36,1.8400000000000003,2.151159690652763,0.5,0.5,0.6,0.4,0.0,0.0,higher_p,higher_p,True,"{""durations"":[1000,1500,1000,1500],""alternatives"":[""all"",""all"",""all"",""all""],""attributes"":[""m"",""p"",""m"",""p""]}","[{""x"":571,""y"":397,""t"":-15},{""x"":578,""y"":427,""t"":0},{""x"":555,""y"":410,""t"":85},{""x"":532,""y"":414,""t"":107},{""x"":537,""y"":419,""t"":199},{""x"":543,""y"":423,""t"":214},{""x"":545,""y"":422,""t"":275},{""x"":478,""y"":399,""t"":327},{""x"":428,""y"":377,""t"":341},{""x"":384,""y"":350,""t"":404},{""x"":348,""y"":328,""t"":421},{""x"":327,""y"":321,""t"":490},{""x"":312,""y"":316,""t"":511},{""x"":312,""y"":320,""t"":575},{""x"":305,""y"":342,""t"":589},{""x"":395,""y"":308,""t"":648},{""x"":460,""y"":274,""t"":716},{""x"":540,""y"":255,""t"":769},{""x"":607,""y"":239,""t"":784},{""x"":636,""y"":210,""t"":842},{""x"":652,""y"":190,""t"":858},{""x"":674,""y"":177,""t"":918},{""x"":726,""y"":180,""t"":933},{""x"":735,""y"":173,""t"":992},{""x"":774,""y"":182,""t"":1021},{""x"":798,""y"":204,""t"":1081},{""x"":786,""y"":267,""t"":1096},{""x"":732,""y"":224,""t"":1159},{""x"":738,""y"":238,""t"":1222},{""x"":738,""y"":254,""t"":1237},{""x"":751,""y"":259,""t"":1298},{""x"":761,""y"":263,""t"":1327},{""x"":770,""y"":308,""t"":1391},{""x"":756,""y"":358,""t"":1408},{""x"":754,""y"":422,""t"":1470},{""x"":751,""y"":475,""t"":1497},{""x"":746,""y"":504,""t"":1556},{""x"":752,""y"":538,""t"":1571},{""x"":764,""y"":576,""t"":1631},{""x"":762,""y"":594,""t"":1645},{""x"":756,""y"":602,""t"":1707},{""x"":753,""y"":618,""t"":1735},{""x"":712,""y"":575,""t"":1807},{""x"":665,""y"":536,""t"":1837},{""x"":643,""y"":476,""t"":1899},{""x"":667,""y"":389,""t"":1914},{""x"":575,""y"":395,""t"":1977},{""x"":445,""y"":412,""t"":2029},{""x"":360,""y"":412,""t"":2044},{""x"":285,""y"":421,""t"":2105},{""x"":227,""y"":430,""t"":2119},{""x"":193,""y"":450,""t"":2179},{""x"":176,""y"":468,""t"":2211},{""x"":149,""y"":476,""t"":2270},{""x"":131,""y"":483,""t"":2284},{""x"":123,""y"":500,""t"":2346},{""x"":143,""y"":508,""t"":2361},{""x"":180,""y"":531,""t"":2423},{""x"":208,""y"":526,""t"":2449},{""x"":267,""y"":523,""t"":2511},{""x"":320,""y"":502,""t"":2526},{""x"":434,""y"":500,""t"":2587},{""x"":509,""y"":504,""t"":2650},{""x"":592,""y"":503,""t"":2681},{""x"":674,""y"":541,""t"":2724},{""x"":736,""y"":562,""t"":2787},{""x"":774,""y"":533,""t"":2802},{""x"":793,""y"":481,""t"":2843},{""x"":795,""y"":430,""t"":2882},{""x"":807,""y"":391,""t"":2921},{""x"":818,""y"":373,""t"":2962},{""x"":811,""y"":309,""t"":3023},{""x"":818,""y"":249,""t"":3040},{""x"":798,""y"":236,""t"":3079},{""x"":758,""y"":222,""t"":3118},{""x"":647,""y"":216,""t"":3156},{""x"":566,""y"":230,""t"":3195},{""x"":506,""y"":228,""t"":3234},{""x"":457,""y"":229,""t"":3295},{""x"":417,""y"":231,""t"":3312},{""x"":399,""y"":217,""t"":3373},{""x"":387,""y"":206,""t"":3400},{""x"":324,""y"":229,""t"":3468},{""x"":314,""y"":237,""t"":3483},{""x"":291,""y"":246,""t"":3528},{""x"":276,""y"":255,""t"":3571},{""x"":297,""y"":300,""t"":3641},{""x"":315,""y"":352,""t"":3695},{""x"":330,""y"":401,""t"":3714},{""x"":341,""y"":429,""t"":3779},{""x"":340,""y"":452,""t"":3809},{""x"":378,""y"":481,""t"":3871},{""x"":410,""y"":502,""t"":3888},{""x"":446,""y"":508,""t"":3954},{""x"":460,""y"":505,""t"":3979},{""x"":451,""y"":460,""t"":4065},{""x"":401,""y"":428,""t"":4085},{""x"":344,""y"":452,""t"":4149},{""x"":278,""y"":455,""t"":4210},{""x"":238,""y"":472,""t"":4233},{""x"":208,""y"":483,""t"":4275},{""x"":199,""y"":480,""t"":4317},{""x"":193,""y"":476,""t"":4358},{""x"":182,""y"":479,""t"":4422},{""x"":172,""y"":498,""t"":4455},{""x"":186,""y"":495,""t"":4521},{""x"":213,""y"":496,""t"":4537},{""x"":210,""y"":485,""t"":4599},{""x"":207,""y"":488,""t"":4624},{""x"":200,""y"":499,""t"":4690},{""x"":194,""y"":509,""t"":4705},{""x"":245,""y"":479,""t"":4771},{""x"":284,""y"":464,""t"":4794},{""x"":324,""y"":453,""t"":4858},{""x"":343,""y"":455,""t"":4874},{""x"":356,""y"":442,""t"":4938},{""x"":370,""y"":439,""t"":4966},{""x"":414,""y"":430,""t"":5032},{""x"":421,""y"":420,""t"":5048},{""x"":434,""y"":417,""t"":5114},{""x"":435,""y"":411,""t"":5136},{""x"":429,""y"":397,""t"":5198},{""x"":428,""y"":392,""t"":5214},{""x"":429,""y"":400,""t"":5274},{""x"":407,""y"":400,""t"":5352},{""x"":387,""y"":401,""t"":5372},{""x"":371,""y"":401,""t"":5434},{""x"":374,""y"":420,""t"":5450},{""x"":385,""y"":402,""t"":5517},{""x"":400,""y"":402,""t"":5578},{""x"":382,""y"":417,""t"":5645},{""x"":392,""y"":417,""t"":5698},{""x"":400,""y"":417,""t"":5713}]",0,0.9984382307768516,0.001561769223148411,wa_b-last,0
147-attributes,1,139,exp_103,0.0,28.399999991059303,0.58,0.38,4.9,6.9,higher_p,higher_m,0,1,attributes,1.0,True,2.842,2.6220000000000003,0.2199999999999997,0.4837536146444008,0.5,0.5,0.4,0.6,1.0,1.0,higher_m,higher_m,True,"{""durations"":[1000,1500,1000,1500],""alternatives"":[""all"",""all"",""all"",""all""],""attributes"":[""p"",""m"",""p"",""m""]}","[{""x"":481,""y"":456,""t"":-38},{""x"":509,""y"":468,""t"":0},{""x"":513,""y"":440,""t"":74},{""x"":534,""y"":432,""t"":145},{""x"":559,""y"":429,""t"":172},{""x"":575,""y"":421,""t"":231},{""x"":577,""y"":436,""t"":246},{""x"":603,""y"":424,""t"":305},{""x"":623,""y"":435,""t"":320},{""x"":682,""y"":485,""t"":379},{""x"":731,""y"":490,""t"":409},{""x"":763,""y"":505,""t"":486},{""x"":786,""y"":515,""t"":512},{""x"":791,""y"":537,""t"":573},{""x"":788,""y"":535,""t"":587},{""x"":785,""y"":527,""t"":647},{""x"":666,""y"":524,""t"":709},{""x"":590,""y"":499,""t"":737},{""x"":497,""y"":480,""t"":780},{""x"":435,""y"":512,""t"":817},{""x"":397,""y"":504,""t"":878},{""x"":368,""y"":497,""t"":892},{""x"":356,""y"":461,""t"":952},{""x"":341,""y"":448,""t"":967},{""x"":412,""y"":420,""t"":1026},{""x"":472,""y"":422,""t"":1055},{""x"":533,""y"":429,""t"":1115},{""x"":596,""y"":453,""t"":1129},{""x"":622,""y"":462,""t"":1190},{""x"":684,""y"":432,""t"":1252},{""x"":720,""y"":394,""t"":1271},{""x"":740,""y"":354,""t"":1330},{""x"":766,""y"":318,""t"":1385},{""x"":798,""y"":271,""t"":1413},{""x"":831,""y"":251,""t"":1453},{""x"":770,""y"":221,""t"":1494},{""x"":718,""y"":212,""t"":1532},{""x"":600,""y"":197,""t"":1592},{""x"":499,""y"":185,""t"":1607},{""x"":459,""y"":192,""t"":1667},{""x"":387,""y"":179,""t"":1722},{""x"":350,""y"":159,""t"":1738},{""x"":310,""y"":170,""t"":1800},{""x"":299,""y"":165,""t"":1815},{""x"":281,""y"":152,""t"":1874},{""x"":265,""y"":157,""t"":1926},{""x"":260,""y"":155,""t"":1940},{""x"":269,""y"":145,""t"":1998},{""x"":324,""y"":150,""t"":2015},{""x"":420,""y"":166,""t"":2063},{""x"":519,""y"":183,""t"":2101},{""x"":603,""y"":184,""t"":2139},{""x"":672,""y"":186,""t"":2176},{""x"":710,""y"":199,""t"":2235},{""x"":739,""y"":209,""t"":2251},{""x"":773,""y"":231,""t"":2311},{""x"":795,""y"":248,""t"":2325},{""x"":711,""y"":320,""t"":2386},{""x"":619,""y"":415,""t"":2414},{""x"":558,""y"":455,""t"":2486},{""x"":473,""y"":479,""t"":2558},{""x"":416,""y"":498,""t"":2585},{""x"":374,""y"":525,""t"":2646},{""x"":342,""y"":544,""t"":2661},{""x"":305,""y"":535,""t"":2721},{""x"":299,""y"":540,""t"":2781},{""x"":297,""y"":543,""t"":2802},{""x"":294,""y"":541,""t"":2863},{""x"":276,""y"":536,""t"":2891},{""x"":275,""y"":545,""t"":2952},{""x"":277,""y"":551,""t"":2969},{""x"":384,""y"":537,""t"":3032},{""x"":448,""y"":526,""t"":3062},{""x"":580,""y"":526,""t"":3125},{""x"":691,""y"":526,""t"":3139},{""x"":723,""y"":546,""t"":3200},{""x"":773,""y"":528,""t"":3252},{""x"":825,""y"":510,""t"":3272},{""x"":850,""y"":526,""t"":3345},{""x"":866,""y"":539,""t"":3367},{""x"":881,""y"":529,""t"":3434},{""x"":879,""y"":544,""t"":3450},{""x"":853,""y"":554,""t"":3489},{""x"":848,""y"":569,""t"":3526},{""x"":856,""y"":568,""t"":3579},{""x"":841,""y"":565,""t"":3647},{""x"":826,""y"":562,""t"":3674},{""x"":774,""y"":499,""t"":3742},{""x"":791,""y"":438,""t"":3800},{""x"":806,""y"":387,""t"":3817},{""x"":793,""y"":338,""t"":3881},{""x"":785,""y"":305,""t"":3932},{""x"":775,""y"":280,""t"":3948},{""x"":744,""y"":257,""t"":4018},{""x"":719,""y"":241,""t"":4047},{""x"":672,""y"":197,""t"":4114},{""x"":562,""y"":182,""t"":4129},{""x"":484,""y"":177,""t"":4170},{""x"":416,""y"":157,""t"":4211},{""x"":350,""y"":159,""t"":4252},{""x"":308,""y"":167,""t"":4344},{""x"":273,""y"":168,""t"":4362},{""x"":351,""y"":196,""t"":4441},{""x"":346,""y"":165,""t"":4460},{""x"":439,""y"":242,""t"":4548},{""x"":514,""y"":304,""t"":4567},{""x"":583,""y"":323,""t"":4632},{""x"":636,""y"":329,""t"":4659},{""x"":675,""y"":334,""t"":4738},{""x"":694,""y"":347,""t"":4760},{""x"":708,""y"":356,""t"":4850},{""x"":726,""y"":367,""t"":4869},{""x"":769,""y"":348,""t"":4945},{""x"":782,""y"":352,""t"":4966},{""x"":781,""y"":357,""t"":5031},{""x"":798,""y"":394,""t"":5049},{""x"":774,""y"":385,""t"":5097},{""x"":752,""y"":377,""t"":5141},{""x"":747,""y"":362,""t"":5214},{""x"":753,""y"":345,""t"":5237},{""x"":761,""y"":354,""t"":5322},{""x"":781,""y"":347,""t"":5340},{""x"":733,""y"":358,""t"":5420},{""x"":691,""y"":368,""t"":5441},{""x"":668,""y"":383,""t"":5521},{""x"":638,""y"":391,""t"":5543},{""x"":625,""y"":406,""t"":5627},{""x"":616,""y"":429,""t"":5648}]",0,0.6522192384534321,0.3477807615465679,wa_b-last,0
