subject_id,block,trial,condition,choice,rt,p0,p1,m0,m1,label0,label1,higher_p,higher_m,presentation,presentation01,by_attribute,ev0,ev1,delta_ev,delta_ev_z,g0,g1,gp,gm,duration_favours,last_stage_favours,duration_favours_str,last_stage_favours_str,choose_higher_p,sequence,webgazer_data,predicted_choice,predicted_choiceprob_0,predicted_choiceprob_1,model,rep
105-attributes,0,0,catch_5,1.0,333.00000001327135,0.4,0.49,3.2,4.3,dominated,dominant,1,1,attributes,1.0,True,1.2800000000000002,2.107,-0.8269999999999995,-0.5938847567017431,0.5,0.5,0.5,0.5,,1.0,,dominant,True,"{""durations"":[1250,1250,1250,1250],""attributes"":[""p"",""m"",""p"",""m""],""alternatives"":[""all"",""all"",""all"",""all""]}","[{""x"":669,""y"":397,""t"":-20},{""x"":658,""y"":477,""t"":0},{""x"":689,""y"":505,""t"":115},{""x"":686,""y"":529,""t"":149},{""x"":699,""y"":489,""t"":203},{""x"":661,""y"":499,""t"":270},{""x"":540,""y"":507,""t"":325},{""x"":521,""y"":493,""t"":381},{""x"":450,""y"":513,""t"":473},{""x"":441,""y"":522,""t"":489},{""x"":428,""y"":515,""t"":548},{""x"":534,""y"":511,""t"":641},{""x"":693,""y"":524,""t"":659},{""x"":827,""y"":529,""t"":745},{""x"":916,""y"":546,""t"":760},{""x"":1027,""y"":548,""t"":831},{""x"":1090,""y"":548,""t"":884},{""x"":1124,""y"":555,""t"":935},{""x"":1130,""y"":565,""t"":987},{""x"":1031,""y"":584,""t"":1079},{""x"":899,""y"":578,""t"":1094},{""x"":809,""y"":574,""t"":1179},{""x"":718,""y"":574,""t"":1197},{""x"":623,""y"":553,""t"":1293},{""x"":547,""y"":544,""t"":1327},{""x"":459,""y"":558,""t"":1414},{""x"":410,""y"":577,""t"":1430},{""x"":370,""y"":579,""t"":1516},{""x"":330,""y"":578,""t"":1535},{""x"":290,""y"":581,""t"":1625},{""x"":272,""y"":579,""t"":1640},{""x"":294,""y"":535,""t"":1727},{""x"":315,""y"":477,""t"":1743},{""x"":352,""y"":444,""t"":1840},{""x"":538,""y"":432,""t"":1901},{""x"":698,""y"":423,""t"":1916},{""x"":854,""y"":426,""t"":2002},{""x"":996,""y"":431,""t"":2019},{""x"":1056,""y"":418,""t"":2104},{""x"":1159,""y"":421,""t"":2120},{""x"":1072,""y"":358,""t"":2209},{""x"":974,""y"":290,""t"":2224},{""x"":873,""y"":244,""t"":2277},{""x"":784,""y"":208,""t"":2352},{""x"":706,""y"":184,""t"":2441},{""x"":641,""y"":167,""t"":2457},{""x"":644,""y"":178,""t"":2545},{""x"":650,""y"":190,""t"":2563},{""x"":767,""y"":249,""t"":2650},{""x"":848,""y"":318,""t"":2666},{""x"":930,""y"":363,""t"":2752},{""x"":1028,""y"":395,""t"":2768},{""x"":1098,""y"":403,""t"":2822},{""x"":1086,""y"":448,""t"":2889},{""x"":961,""y"":490,""t"":2942},{""x"":838,""y"":537,""t"":2995},{""x"":705,""y"":545,""t"":3083},{""x"":627,""y"":572,""t"":3099},{""x"":539,""y"":568,""t"":3187},{""x"":476,""y"":560,""t"":3202},{""x"":436,""y"":568,""t"":3290},{""x"":408,""y"":573,""t"":3305},{""x"":375,""y"":578,""t"":3410},{""x"":369,""y"":578,""t"":3469},{""x"":519,""y"":615,""t"":3529},{""x"":659,""y"":655,""t"":3545},{""x"":696,""y"":640,""t"":3636},{""x"":752,""y"":582,""t"":3652},{""x"":800,""y"":538,""t"":3714},{""x"":893,""y"":501,""t"":3811},{""x"":1019,""y"":467,""t"":3870},{""x"":1106,""y"":472,""t"":3905},{""x"":1192,""y"":474,""t"":3956},{""x"":1245,""y"":459,""t"":4047},{""x"":1296,""y"":475,""t"":4107},{""x"":1334,""y"":482,""t"":4122},{""x"":1342,""y"":485,""t"":4210},{""x"":1352,""y"":474,""t"":4226},{""x"":1289,""y"":462,""t"":4311},{""x"":1244,""y"":448,""t"":4329},{""x"":1044,""y"":386,""t"":4428},{""x"":776,""y"":351,""t"":4486},{""x"":720,""y"":323,""t"":4502},{""x"":752,""y"":308,""t"":4578},{""x"":799,""y"":304,""t"":4656},{""x"":851,""y"":314,""t"":4722},{""x"":924,""y"":328,""t"":4782},{""x"":966,""y"":329,""t"":4840},{""x"":970,""y"":333,""t"":4928},{""x"":1020,""y"":358,""t"":4945},{""x"":1010,""y"":365,""t"":5002},{""x"":1042,""y"":377,""t"":5099},{""x"":1041,""y"":388,""t"":5116},{""x"":1046,""y"":395,""t"":5172},{""x"":1047,""y"":406,""t"":5264},{""x"":1048,""y"":414,""t"":5279},{""x"":1070,""y"":413,""t"":5365},{""x"":1088,""y"":411,""t"":5381},{""x"":1039,""y"":404,""t"":5467},{""x"":988,""y"":403,""t"":5483},{""x"":937,""y"":398,""t"":5597},{""x"":884,""y"":387,""t"":5614},{""x"":858,""y"":371,""t"":5708},{""x"":822,""y"":392,""t"":5724},{""x"":786,""y"":383,""t"":5821},{""x"":772,""y"":383,""t"":5883},{""x"":795,""y"":507,""t"":5942},{""x"":799,""y"":581,""t"":5960}]",1,0.041932055237919284,0.9580679447620807,wa_dn,0
105-attributes,0,3,exp_59,0.0,1560.349999985192,0.41,0.21,1.7999999999999998,6.2,higher_p,higher_m,0,1,attributes,1.0,True,0.7379999999999999,1.302,-0.5640000000000002,-0.3231885851028555,0.5,0.5,0.6,0.4,0.0,0.0,higher_p,higher_p,True,"{""durations"":[1000,1500,1000,1500],""alternatives"":[""all"",""all"",""all"",""all""],""attributes"":[""m"",""p"",""m"",""p""]}","[{""x"":910,""y"":447,""t"":-20},{""x"":868,""y"":426,""t"":0},{""x"":827,""y"":418,""t"":129},{""x"":765,""y"":417,""t"":147},{""x"":739,""y"":401,""t"":237},{""x"":705,""y"":387,""t"":253},{""x"":669,""y"":334,""t"":324},{""x"":592,""y"":322,""t"":379},{""x"":471,""y"":292,""t"":470},{""x"":416,""y"":255,""t"":487},{""x"":509,""y"":338,""t"":577},{""x"":554,""y"":387,""t"":599},{""x"":600,""y"":424,""t"":652},{""x"":543,""y"":391,""t"":734},{""x"":493,""y"":365,""t"":750},{""x"":655,""y"":357,""t"":855},{""x"":781,""y"":348,""t"":924},{""x"":862,""y"":352,""t"":985},{""x"":937,""y"":366,""t"":1000},{""x"":1015,""y"":356,""t"":1052},{""x"":1090,""y"":349,""t"":1102},{""x"":1142,""y"":360,""t"":1161},{""x"":1156,""y"":377,""t"":1245},{""x"":1181,""y"":384,""t"":1261},{""x"":1187,""y"":393,""t"":1358},{""x"":1032,""y"":417,""t"":1377},{""x"":875,""y"":422,""t"":1429},{""x"":684,""y"":438,""t"":1521},{""x"":532,""y"":460,""t"":1539},{""x"":407,""y"":478,""t"":1625},{""x"":356,""y"":472,""t"":1641},{""x"":528,""y"":462,""t"":1733},{""x"":694,""y"":473,""t"":1748},{""x"":860,""y"":477,""t"":1800},{""x"":926,""y"":514,""t"":1869},{""x"":1032,""y"":534,""t"":1923},{""x"":1135,""y"":550,""t"":1973},{""x"":1180,""y"":519,""t"":2058},{""x"":1235,""y"":487,""t"":2075},{""x"":1258,""y"":452,""t"":2176},{""x"":1274,""y"":433,""t"":2192},{""x"":1275,""y"":415,""t"":2242},{""x"":1284,""y"":410,""t"":2293},{""x"":1301,""y"":399,""t"":2343},{""x"":1283,""y"":395,""t"":2409},{""x"":1304,""y"":390,""t"":2472},{""x"":1301,""y"":397,""t"":2526},{""x"":1300,""y"":398,""t"":2624},{""x"":1272,""y"":387,""t"":2688},{""x"":1268,""y"":385,""t"":2754},{""x"":1255,""y"":385,""t"":2769},{""x"":1173,""y"":362,""t"":2854},{""x"":1070,""y"":320,""t"":2869},{""x"":834,""y"":279,""t"":2975},{""x"":594,""y"":256,""t"":2993},{""x"":443,""y"":248,""t"":3079},{""x"":273,""y"":245,""t"":3095},{""x"":164,""y"":233,""t"":3181},{""x"":83,""y"":224,""t"":3197},{""x"":-14,""y"":236,""t"":3282},{""x"":-70,""y"":240,""t"":3299},{""x"":-113,""y"":247,""t"":3384},{""x"":-119,""y"":233,""t"":3405},{""x"":-128,""y"":235,""t"":3473},{""x"":-163,""y"":255,""t"":3556},{""x"":-183,""y"":245,""t"":3573},{""x"":-127,""y"":238,""t"":3667},{""x"":-99,""y"":245,""t"":3682},{""x"":-75,""y"":266,""t"":3787},{""x"":-23,""y"":273,""t"":3830},{""x"":-4,""y"":280,""t"":3881},{""x"":26,""y"":315,""t"":3983},{""x"":56,""y"":341,""t"":4043},{""x"":92,""y"":352,""t"":4058},{""x"":280,""y"":407,""t"":4149},{""x"":547,""y"":537,""t"":4210},{""x"":759,""y"":602,""t"":4226},{""x"":921,""y"":666,""t"":4319},{""x"":1066,""y"":731,""t"":4377},{""x"":1214,""y"":780,""t"":4396},{""x"":1315,""y"":799,""t"":4500},{""x"":1385,""y"":810,""t"":4523},{""x"":1396,""y"":782,""t"":4608},{""x"":1394,""y"":754,""t"":4626},{""x"":1438,""y"":749,""t"":4713},{""x"":1464,""y"":739,""t"":4735},{""x"":1486,""y"":722,""t"":4821},{""x"":1464,""y"":689,""t"":4836},{""x"":1426,""y"":666,""t"":4920},{""x"":1388,""y"":649,""t"":4935},{""x"":1306,""y"":565,""t"":5039},{""x"":1258,""y"":504,""t"":5099},{""x"":1207,""y"":445,""t"":5115},{""x"":1159,""y"":395,""t"":5205},{""x"":1122,""y"":356,""t"":5266},{""x"":1094,""y"":333,""t"":5282},{""x"":1057,""y"":312,""t"":5340},{""x"":1053,""y"":314,""t"":5425},{""x"":1053,""y"":318,""t"":5441},{""x"":1053,""y"":297,""t"":5541},{""x"":1058,""y"":348,""t"":5557},{""x"":1028,""y"":453,""t"":5609},{""x"":993,""y"":536,""t"":5667},{""x"":985,""y"":585,""t"":5718},{""x"":981,""y"":595,""t"":5810},{""x"":980,""y"":610,""t"":5825},{""x"":958,""y"":562,""t"":5912},{""x"":914,""y"":508,""t"":5927},{""x"":936,""y"":463,""t"":6030},{""x"":951,""y"":446,""t"":6054},{""x"":933,""y"":433,""t"":6141},{""x"":919,""y"":422,""t"":6156},{""x"":958,""y"":395,""t"":6249},{""x"":971,""y"":381,""t"":6266},{""x"":945,""y"":351,""t"":6350},{""x"":931,""y"":345,""t"":6366},{""x"":960,""y"":348,""t"":6452},{""x"":983,""y"":349,""t"":6468},{""x"":977,""y"":374,""t"":6587},{""x"":980,""y"":385,""t"":6602},{""x"":998,""y"":386,""t"":6693},{""x"":998,""y"":394,""t"":6708},{""x"":992,""y"":389,""t"":6796},{""x"":993,""y"":391,""t"":6812},{""x"":972,""y"":401,""t"":6902},{""x"":1003,""y"":408,""t"":6918},{""x"":1030,""y"":382,""t"":6982},{""x"":1016,""y"":378,""t"":7110},{""x"":1007,""y"":382,""t"":7141}]",1,0.09619632077589137,0.9038036792241086,wa_dn,0
105-attributes,0,4,exp_1,1.0,464.8449999804143,0.79,0.49,5.300000000000001,8.3,higher_p,higher_m,0,1,attributes,1.0,True,4.187000000000001,4.067,0.120000000000001,0.3808273136562316,0.5,0.5,0.6,0.4,0.0,1.0,higher_p,higher_m,False,"{""durations"":[1500,1000,1500,1000],""alternatives"":[""all"",""all"",""all"",""all""],""attributes"":[""p"",""m"",""p"",""m""]}","[{""x"":894,""y"":568,""t"":-29},{""x"":857,""y"":556,""t"":0},{""x"":803,""y"":543,""t"":105},{""x"":753,""y"":514,""t"":139},{""x"":668,""y"":514,""t"":284},{""x"":636,""y"":497,""t"":308},{""x"":530,""y"":501,""t"":402},{""x"":444,""y"":505,""t"":419},{""x"":380,""y"":512,""t"":532},{""x"":317,""y"":521,""t"":548},{""x"":322,""y"":517,""t"":635},{""x"":303,""y"":522,""t"":650},{""x"":505,""y"":525,""t"":737},{""x"":655,""y"":527,""t"":754},{""x"":758,""y"":530,""t"":844},{""x"":861,""y"":525,""t"":864},{""x"":928,""y"":529,""t"":950},{""x"":986,""y"":529,""t"":965},{""x"":1007,""y"":525,""t"":1072},{""x"":1017,""y"":530,""t"":1089},{""x"":878,""y"":537,""t"":1179},{""x"":756,""y"":543,""t"":1199},{""x"":650,""y"":547,""t"":1287},{""x"":561,""y"":549,""t"":1302},{""x"":517,""y"":577,""t"":1384},{""x"":500,""y"":584,""t"":1399},{""x"":636,""y"":542,""t"":1482},{""x"":708,""y"":526,""t"":1498},{""x"":793,""y"":496,""t"":1601},{""x"":852,""y"":506,""t"":1660},{""x"":921,""y"":503,""t"":1676},{""x"":950,""y"":491,""t"":1761},{""x"":970,""y"":482,""t"":1779},{""x"":1054,""y"":473,""t"":1864},{""x"":1106,""y"":479,""t"":1883},{""x"":1075,""y"":444,""t"":1973},{""x"":864,""y"":402,""t"":2044},{""x"":635,""y"":360,""t"":2103},{""x"":443,""y"":323,""t"":2118},{""x"":269,""y"":288,""t"":2212},{""x"":152,""y"":253,""t"":2269},{""x"":61,""y"":225,""t"":2284},{""x"":-3,""y"":223,""t"":2370},{""x"":-46,""y"":229,""t"":2386},{""x"":35,""y"":277,""t"":2471},{""x"":70,""y"":308,""t"":2485},{""x"":139,""y"":337,""t"":2600},{""x"":200,""y"":356,""t"":2618},{""x"":256,""y"":373,""t"":2709},{""x"":306,""y"":396,""t"":2725},{""x"":323,""y"":421,""t"":2818},{""x"":336,""y"":441,""t"":2833},{""x"":327,""y"":469,""t"":2917},{""x"":326,""y"":499,""t"":2932},{""x"":510,""y"":514,""t"":3014},{""x"":718,""y"":529,""t"":3034},{""x"":841,""y"":525,""t"":3101},{""x"":977,""y"":523,""t"":3187},{""x"":1041,""y"":527,""t"":3202},{""x"":1103,""y"":525,""t"":3297},{""x"":1145,""y"":527,""t"":3313},{""x"":1188,""y"":509,""t"":3395},{""x"":1208,""y"":501,""t"":3411},{""x"":1216,""y"":500,""t"":3495},{""x"":1236,""y"":507,""t"":3511},{""x"":1220,""y"":499,""t"":3613},{""x"":1206,""y"":496,""t"":3674},{""x"":1182,""y"":503,""t"":3736},{""x"":1166,""y"":501,""t"":3752},{""x"":1148,""y"":502,""t"":3838},{""x"":1124,""y"":506,""t"":3853},{""x"":1126,""y"":514,""t"":3954},{""x"":1115,""y"":522,""t"":3980},{""x"":1125,""y"":522,""t"":4062},{""x"":1119,""y"":525,""t"":4083},{""x"":1117,""y"":526,""t"":4185},{""x"":1119,""y"":529,""t"":4244},{""x"":1121,""y"":531,""t"":4260},{""x"":1154,""y"":528,""t"":4347},{""x"":1152,""y"":520,""t"":4363},{""x"":1177,""y"":510,""t"":4445},{""x"":1195,""y"":510,""t"":4459},{""x"":1112,""y"":462,""t"":4545},{""x"":1040,""y"":421,""t"":4561},{""x"":833,""y"":382,""t"":4664},{""x"":787,""y"":343,""t"":4723},{""x"":738,""y"":336,""t"":4738},{""x"":833,""y"":343,""t"":4825},{""x"":919,""y"":351,""t"":4841},{""x"":976,""y"":358,""t"":4929},{""x"":1015,""y"":343,""t"":4944},{""x"":1045,""y"":359,""t"":4996},{""x"":1127,""y"":381,""t"":5048},{""x"":1164,""y"":388,""t"":5104},{""x"":1204,""y"":386,""t"":5181},{""x"":1246,""y"":406,""t"":5266},{""x"":1261,""y"":414,""t"":5284},{""x"":1253,""y"":423,""t"":5369},{""x"":1274,""y"":429,""t"":5385},{""x"":1172,""y"":425,""t"":5479},{""x"":1064,""y"":425,""t"":5537},{""x"":975,""y"":430,""t"":5551},{""x"":933,""y"":436,""t"":5654},{""x"":886,""y"":442,""t"":5679},{""x"":853,""y"":518,""t"":5770},{""x"":830,""y"":574,""t"":5790},{""x"":756,""y"":521,""t"":5898},{""x"":661,""y"":527,""t"":5942},{""x"":622,""y"":531,""t"":5993},{""x"":605,""y"":507,""t"":6075},{""x"":571,""y"":491,""t"":6091},{""x"":596,""y"":472,""t"":6197}]",0,0.6275685302233779,0.3724314697766221,wa_dn,0
105-attributes,0,5,exp_35,1.0,619.589999987511,0.79,0.7,2.0,3.2,higher_p,higher_m,0,1,attributes,1.0,True,1.58,2.24,-0.6599999999999997,-0.4219978340514987,0.5,0.5,0.6,0.4,0.0,0.0,higher_p,higher_p,False,"{""durations"":[1000,1500,1000,1500],""alternatives"":[""all"",""all"",""all"",""all""],""attributes"":[""m"",""p"",""m"",""p""]}","[{""x"":779,""y"":329,""t"":-24},{""x"":790,""y"":330,""t"":0},{""x"":792,""y"":348,""t"":99},{""x"":813,""y"":357,""t"":131},{""x"":806,""y"":366,""t"":188},{""x"":800,""y"":375,""t"":244},{""x"":808,""y"":404,""t"":332},{""x"":682,""y"":397,""t"":348},{""x"":533,""y"":382,""t"":427},{""x"":402,""y"":374,""t"":485},{""x"":334,""y"":337,""t"":578},{""x"":248,""y"":328,""t"":639},{""x"":181,""y"":322,""t"":654},{""x"":207,""y"":277,""t"":736},{""x"":162,""y"":277,""t"":752},{""x"":359,""y"":312,""t"":834},{""x"":532,""y"":344,""t"":851},{""x"":695,""y"":372,""t"":954},{""x"":805,""y"":394,""t"":1014},{""x"":908,""y"":412,""t"":1030},{""x"":992,""y"":411,""t"":1117},{""x"":1031,""y"":420,""t"":1133},{""x"":1080,""y"":418,""t"":1188},{""x"":1115,""y"":412,""t"":1240},{""x"":1156,""y"":419,""t"":1292},{""x"":1159,""y"":427,""t"":1341},{""x"":1195,""y"":464,""t"":1440},{""x"":1249,""y"":491,""t"":1464},{""x"":1252,""y"":517,""t"":1551},{""x"":1241,""y"":535,""t"":1567},{""x"":1084,""y"":487,""t"":1652},{""x"":943,""y"":454,""t"":1669},{""x"":781,""y"":447,""t"":1753},{""x"":664,""y"":440,""t"":1774},{""x"":536,""y"":444,""t"":1861},{""x"":441,""y"":442,""t"":1875},{""x"":357,""y"":447,""t"":1998},{""x"":311,""y"":450,""t"":2014},{""x"":300,""y"":439,""t"":2104},{""x"":267,""y"":441,""t"":2119},{""x"":412,""y"":462,""t"":2206},{""x"":518,""y"":478,""t"":2221},{""x"":665,""y"":492,""t"":2306},{""x"":777,""y"":486,""t"":2322},{""x"":893,""y"":470,""t"":2405},{""x"":946,""y"":481,""t"":2421},{""x"":979,""y"":477,""t"":2485},{""x"":998,""y"":456,""t"":2575},{""x"":1013,""y"":405,""t"":2591},{""x"":1008,""y"":357,""t"":2678},{""x"":1002,""y"":306,""t"":2693},{""x"":981,""y"":277,""t"":2778},{""x"":960,""y"":254,""t"":2794},{""x"":972,""y"":262,""t"":2879},{""x"":1003,""y"":280,""t"":2894},{""x"":1010,""y"":307,""t"":3007},{""x"":1030,""y"":347,""t"":3028},{""x"":867,""y"":305,""t"":3118},{""x"":665,""y"":311,""t"":3134},{""x"":564,""y"":325,""t"":3219},{""x"":433,""y"":358,""t"":3236},{""x"":526,""y"":454,""t"":3323},{""x"":607,""y"":532,""t"":3338},{""x"":715,""y"":608,""t"":3424},{""x"":822,""y"":674,""t"":3440},{""x"":928,""y"":724,""t"":3541},{""x"":996,""y"":729,""t"":3601},{""x"":1045,""y"":735,""t"":3618},{""x"":1102,""y"":724,""t"":3704},{""x"":1137,""y"":701,""t"":3722},{""x"":1126,""y"":693,""t"":3772},{""x"":1118,""y"":684,""t"":3823},{""x"":1115,""y"":653,""t"":3873},{""x"":1122,""y"":641,""t"":3924},{""x"":1108,""y"":632,""t"":4043},{""x"":1082,""y"":613,""t"":4058},{""x"":1018,""y"":580,""t"":4144},{""x"":982,""y"":552,""t"":4159},{""x"":817,""y"":545,""t"":4244},{""x"":689,""y"":543,""t"":4261},{""x"":550,""y"":543,""t"":4343},{""x"":431,""y"":525,""t"":4359},{""x"":361,""y"":517,""t"":4446},{""x"":293,""y"":512,""t"":4461},{""x"":221,""y"":494,""t"":4542},{""x"":221,""y"":500,""t"":4592},{""x"":179,""y"":518,""t"":4678},{""x"":147,""y"":532,""t"":4693},{""x"":162,""y"":527,""t"":4785},{""x"":165,""y"":518,""t"":4799},{""x"":210,""y"":453,""t"":4885},{""x"":244,""y"":406,""t"":4900},{""x"":284,""y"":382,""t"":5011},{""x"":305,""y"":346,""t"":5032},{""x"":285,""y"":338,""t"":5129},{""x"":257,""y"":327,""t"":5148},{""x"":225,""y"":318,""t"":5200},{""x"":184,""y"":300,""t"":5251},{""x"":261,""y"":270,""t"":5303},{""x"":247,""y"":257,""t"":5353},{""x"":350,""y"":236,""t"":5403},{""x"":457,""y"":255,""t"":5456},{""x"":499,""y"":248,""t"":5517},{""x"":532,""y"":244,""t"":5577},{""x"":609,""y"":260,""t"":5662},{""x"":672,""y"":275,""t"":5680},{""x"":701,""y"":290,""t"":5766},{""x"":730,""y"":287,""t"":5783},{""x"":752,""y"":284,""t"":5873},{""x"":765,""y"":288,""t"":5888},{""x"":782,""y"":300,""t"":5975},{""x"":796,""y"":321,""t"":5992},{""x"":813,""y"":327,""t"":6102},{""x"":824,""y"":331,""t"":6122},{""x"":807,""y"":331,""t"":6213},{""x"":787,""y"":328,""t"":6229}]",1,0.12414711673895225,0.8758528832610477,wa_dn,0
105-attributes,0,7,exp_53,0.0,427.4600000062492,0.49,0.32,6.9,8.2,higher_p,higher_m,0,1,attributes,1.0,True,3.381,2.624,0.7570000000000006,1.0364678509508771,0.5,0.5,0.4,0.6,1.0,0.0,higher_m,higher_p,True,"{""durations"":[1500,1000,1500,1000],""alternatives"":[""all"",""all"",""all"",""all""],""attributes"":[""m"",""p"",""m"",""p""]}","[{""x"":761,""y"":375,""t"":-24},{""x"":760,""y"":373,""t"":0},{""x"":796,""y"":369,""t"":94},{""x"":804,""y"":371,""t"":117},{""x"":799,""y"":361,""t"":185},{""x"":792,""y"":352,""t"":255},{""x"":782,""y"":402,""t"":318},{""x"":802,""y"":399,""t"":377},{""x"":817,""y"":482,""t"":467},{""x"":825,""y"":541,""t"":484},{""x"":772,""y"":500,""t"":573},{""x"":692,""y"":445,""t"":588},{""x"":550,""y"":412,""t"":653},{""x"":395,""y"":373,""t"":736},{""x"":304,""y"":315,""t"":752},{""x"":476,""y"":314,""t"":864},{""x"":629,""y"":315,""t"":884},{""x"":779,""y"":317,""t"":975},{""x"":925,""y"":323,""t"":991},{""x"":990,""y"":319,""t"":1076},{""x"":1057,""y"":332,""t"":1093},{""x"":1118,""y"":334,""t"":1180},{""x"":1164,""y"":336,""t"":1195},{""x"":1178,""y"":329,""t"":1284},{""x"":1172,""y"":318,""t"":1299},{""x"":1174,""y"":300,""t"":1400},{""x"":1196,""y"":302,""t"":1462},{""x"":1208,""y"":304,""t"":1477},{""x"":1187,""y"":295,""t"":1567},{""x"":1201,""y"":306,""t"":1628},{""x"":1211,""y"":309,""t"":1642},{""x"":1200,""y"":314,""t"":1727},{""x"":1188,""y"":318,""t"":1742},{""x"":1196,""y"":346,""t"":1828},{""x"":1199,""y"":405,""t"":1842},{""x"":1189,""y"":454,""t"":1930},{""x"":1180,""y"":495,""t"":1981},{""x"":1066,""y"":512,""t"":2071},{""x"":959,""y"":533,""t"":2086},{""x"":815,""y"":543,""t"":2178},{""x"":681,""y"":538,""t"":2236},{""x"":573,""y"":532,""t"":2250},{""x"":458,""y"":533,""t"":2337},{""x"":353,""y"":540,""t"":2353},{""x"":298,""y"":542,""t"":2449},{""x"":323,""y"":548,""t"":2511},{""x"":329,""y"":557,""t"":2527},{""x"":377,""y"":581,""t"":2617},{""x"":436,""y"":552,""t"":2635},{""x"":451,""y"":494,""t"":2685},{""x"":442,""y"":434,""t"":2737},{""x"":400,""y"":399,""t"":2789},{""x"":399,""y"":321,""t"":2872},{""x"":368,""y"":297,""t"":2909},{""x"":347,""y"":266,""t"":2966},{""x"":319,""y"":261,""t"":3054},{""x"":358,""y"":218,""t"":3070},{""x"":314,""y"":225,""t"":3163},{""x"":250,""y"":231,""t"":3221},{""x"":210,""y"":227,""t"":3235},{""x"":257,""y"":208,""t"":3320},{""x"":202,""y"":213,""t"":3335},{""x"":234,""y"":193,""t"":3443},{""x"":214,""y"":208,""t"":3503},{""x"":250,""y"":178,""t"":3562},{""x"":281,""y"":153,""t"":3578},{""x"":368,""y"":154,""t"":3663},{""x"":439,""y"":171,""t"":3678},{""x"":496,""y"":196,""t"":3768},{""x"":542,""y"":218,""t"":3783},{""x"":628,""y"":188,""t"":3867},{""x"":692,""y"":176,""t"":3882},{""x"":741,""y"":167,""t"":3986},{""x"":784,""y"":158,""t"":4045},{""x"":818,""y"":136,""t"":4066},{""x"":858,""y"":131,""t"":4127},{""x"":868,""y"":110,""t"":4211},{""x"":872,""y"":95,""t"":4227},{""x"":863,""y"":99,""t"":4311},{""x"":850,""y"":110,""t"":4327},{""x"":836,""y"":103,""t"":4412},{""x"":791,""y"":128,""t"":4426},{""x"":699,""y"":276,""t"":4506},{""x"":635,""y"":373,""t"":4560},{""x"":522,""y"":468,""t"":4648},{""x"":448,""y"":557,""t"":4664},{""x"":395,""y"":624,""t"":4751},{""x"":368,""y"":679,""t"":4766},{""x"":424,""y"":692,""t"":4851},{""x"":428,""y"":718,""t"":4869},{""x"":470,""y"":744,""t"":4978},{""x"":506,""y"":720,""t"":5000},{""x"":516,""y"":731,""t"":5091},{""x"":532,""y"":698,""t"":5107},{""x"":548,""y"":686,""t"":5192},{""x"":561,""y"":674,""t"":5209},{""x"":505,""y"":665,""t"":5294},{""x"":480,""y"":665,""t"":5311},{""x"":456,""y"":664,""t"":5399},{""x"":447,""y"":660,""t"":5414},{""x"":457,""y"":669,""t"":5526},{""x"":474,""y"":674,""t"":5542},{""x"":445,""y"":671,""t"":5636},{""x"":410,""y"":670,""t"":5653},{""x"":413,""y"":640,""t"":5737},{""x"":379,""y"":640,""t"":5791},{""x"":387,""y"":657,""t"":5879},{""x"":402,""y"":661,""t"":5894},{""x"":379,""y"":666,""t"":5978},{""x"":360,""y"":659,""t"":6008},{""x"":345,""y"":671,""t"":6064}]",1,0.8587888471271443,0.14121115287285563,wa_dn,0
105-attributes,0,13,exp_67,0.0,157.84500000881962,0.72,0.51,4.2,5.2,higher_p,higher_m,0,1,attributes,1.0,True,3.024,2.652,0.3719999999999999,0.64020159214642,0.5,0.5,0.6,0.4,0.0,0.0,higher_p,higher_p,True,"{""durations"":[1000,1500,1000,1500],""alternatives"":[""all"",""all"",""all"",""all""],""attributes"":[""m"",""p"",""m"",""p""]}","[{""x"":674,""y"":380,""t"":-17},{""x"":705,""y"":393,""t"":0},{""x"":744,""y"":385,""t"":98},{""x"":777,""y"":378,""t"":136},{""x"":806,""y"":390,""t"":154},{""x"":824,""y"":404,""t"":258},{""x"":807,""y"":411,""t"":311},{""x"":692,""y"":410,""t"":422},{""x"":578,""y"":402,""t"":443},{""x"":439,""y"":383,""t"":529},{""x"":323,""y"":366,""t"":546},{""x"":216,""y"":344,""t"":631},{""x"":131,""y"":326,""t"":647},{""x"":83,""y"":327,""t"":740},{""x"":49,""y"":329,""t"":755},{""x"":25,""y"":316,""t"":840},{""x"":73,""y"":280,""t"":862},{""x"":114,""y"":276,""t"":921},{""x"":401,""y"":308,""t"":1016},{""x"":649,""y"":342,""t"":1033},{""x"":824,""y"":355,""t"":1098},{""x"":977,""y"":384,""t"":1185},{""x"":1107,""y"":409,""t"":1200},{""x"":1208,""y"":447,""t"":1289},{""x"":1282,""y"":473,""t"":1305},{""x"":1228,""y"":465,""t"":1408},{""x"":1191,""y"":469,""t"":1429},{""x"":1034,""y"":490,""t"":1517},{""x"":938,""y"":507,""t"":1532},{""x"":819,""y"":527,""t"":1617},{""x"":733,""y"":533,""t"":1633},{""x"":816,""y"":546,""t"":1722},{""x"":889,""y"":556,""t"":1737},{""x"":950,""y"":556,""t"":1820},{""x"":1023,""y"":552,""t"":1837},{""x"":935,""y"":575,""t"":1943},{""x"":799,""y"":566,""t"":2002},{""x"":683,""y"":556,""t"":2018},{""x"":594,""y"":552,""t"":2107},{""x"":513,""y"":538,""t"":2123},{""x"":438,""y"":538,""t"":2208},{""x"":380,""y"":537,""t"":2223},{""x"":241,""y"":489,""t"":2307},{""x"":174,""y"":440,""t"":2322},{""x"":106,""y"":397,""t"":2420},{""x"":56,""y"":362,""t"":2449},{""x"":-11,""y"":331,""t"":2539},{""x"":-34,""y"":307,""t"":2555},{""x"":-50,""y"":301,""t"":2643},{""x"":-57,""y"":298,""t"":2658},{""x"":1,""y"":274,""t"":2755},{""x"":58,""y"":260,""t"":2816},{""x"":109,""y"":251,""t"":2833},{""x"":398,""y"":266,""t"":2940},{""x"":628,""y"":293,""t"":2959},{""x"":816,""y"":321,""t"":3046},{""x"":967,""y"":345,""t"":3061},{""x"":1101,""y"":371,""t"":3147},{""x"":1203,""y"":393,""t"":3163},{""x"":1082,""y"":363,""t"":3246},{""x"":963,""y"":344,""t"":3264},{""x"":760,""y"":335,""t"":3351},{""x"":584,""y"":328,""t"":3371},{""x"":411,""y"":325,""t"":3480},{""x"":266,""y"":323,""t"":3503},{""x"":358,""y"":329,""t"":3593},{""x"":444,""y"":310,""t"":3608},{""x"":556,""y"":321,""t"":3701},{""x"":644,""y"":323,""t"":3716},{""x"":553,""y"":352,""t"":3797},{""x"":483,""y"":370,""t"":3814},{""x"":443,""y"":395,""t"":3895},{""x"":411,""y"":416,""t"":3910},{""x"":539,""y"":440,""t"":4008},{""x"":685,""y"":467,""t"":4024},{""x"":794,""y"":499,""t"":4112},{""x"":912,""y"":519,""t"":4128},{""x"":1006,""y"":511,""t"":4223},{""x"":1092,""y"":509,""t"":4282},{""x"":1158,""y"":506,""t"":4299},{""x"":1103,""y"":553,""t"":4380},{""x"":1036,""y"":596,""t"":4395},{""x"":916,""y"":660,""t"":4494},{""x"":771,""y"":711,""t"":4561},{""x"":822,""y"":749,""t"":4628},{""x"":896,""y"":754,""t"":4686},{""x"":919,""y"":742,""t"":4703},{""x"":975,""y"":715,""t"":4784},{""x"":980,""y"":669,""t"":4799},{""x"":960,""y"":592,""t"":4886},{""x"":943,""y"":545,""t"":4902},{""x"":972,""y"":493,""t"":5015},{""x"":975,""y"":458,""t"":5033},{""x"":1000,""y"":444,""t"":5123},{""x"":1020,""y"":436,""t"":5139},{""x"":1026,""y"":414,""t"":5226},{""x"":1031,""y"":385,""t"":5241},{""x"":1002,""y"":381,""t"":5331},{""x"":976,""y"":380,""t"":5347},{""x"":960,""y"":383,""t"":5430},{""x"":946,""y"":387,""t"":5445},{""x"":949,""y"":376,""t"":5545},{""x"":979,""y"":355,""t"":5605},{""x"":991,""y"":368,""t"":5621},{""x"":996,""y"":385,""t"":5710},{""x"":994,""y"":389,""t"":5725}]",1,0.7373309867236337,0.2626690132763664,wa_dn,0
105-attributes,0,16,catch_9,1.0,360.3350000048522,0.48,0.72,1.7999999999999998,4.0,dominated,dominant,1,1,attributes,1.0,True,0.8639999999999999,2.88,-2.016,-1.8176784754510904,0.5,0.5,0.5,0.5,,1.0,,dominant,True,"{""durations"":[1250,1250,1250,1250],""attributes"":[""p"",""m"",""p"",""m""],""alternatives"":[""all"",""all"",""all"",""all""]}","[{""x"":838,""y"":505,""t"":-50},{""x"":823,""y"":512,""t"":0},{""x"":829,""y"":510,""t"":108},{""x"":842,""y"":509,""t"":181},{""x"":832,""y"":514,""t"":204},{""x"":778,""y"":500,""t"":286},{""x"":680,""y"":526,""t"":360},{""x"":605,""y"":558,""t"":415},{""x"":495,""y"":582,""t"":505},{""x"":430,""y"":583,""t"":520},{""x"":505,""y"":633,""t"":608},{""x"":562,""y"":673,""t"":623},{""x"":687,""y"":699,""t"":708},{""x"":792,""y"":716,""t"":723},{""x"":849,""y"":729,""t"":809},{""x"":903,""y"":775,""t"":826},{""x"":949,""y"":783,""t"":895},{""x"":960,""y"":794,""t"":986},{""x"":984,""y"":794,""t"":1002},{""x"":997,""y"":788,""t"":1061},{""x"":1051,""y"":803,""t"":1156},{""x"":1095,""y"":812,""t"":1170},{""x"":1119,""y"":802,""t"":1267},{""x"":1115,""y"":796,""t"":1323},{""x"":1108,""y"":789,""t"":1338},{""x"":1075,""y"":770,""t"":1444},{""x"":1045,""y"":753,""t"":1463},{""x"":1077,""y"":732,""t"":1549},{""x"":1102,""y"":718,""t"":1565},{""x"":1175,""y"":639,""t"":1649},{""x"":1183,""y"":628,""t"":1668},{""x"":1148,""y"":554,""t"":1752},{""x"":1108,""y"":486,""t"":1769},{""x"":924,""y"":432,""t"":1866},{""x"":703,""y"":387,""t"":1887},{""x"":529,""y"":352,""t"":1939},{""x"":485,""y"":324,""t"":2025},{""x"":457,""y"":283,""t"":2040},{""x"":591,""y"":317,""t"":2132},{""x"":687,""y"":350,""t"":2147},{""x"":780,""y"":395,""t"":2236},{""x"":881,""y"":418,""t"":2252},{""x"":968,""y"":428,""t"":2333},{""x"":1002,""y"":452,""t"":2349},{""x"":1030,""y"":454,""t"":2455},{""x"":1070,""y"":452,""t"":2516},{""x"":1129,""y"":472,""t"":2575},{""x"":1133,""y"":476,""t"":2590},{""x"":1119,""y"":455,""t"":2675},{""x"":1104,""y"":436,""t"":2691},{""x"":945,""y"":446,""t"":2781},{""x"":807,""y"":454,""t"":2798},{""x"":622,""y"":492,""t"":2881},{""x"":495,""y"":519,""t"":2912},{""x"":432,""y"":541,""t"":2964},{""x"":451,""y"":561,""t"":3051},{""x"":459,""y"":612,""t"":3067},{""x"":567,""y"":616,""t"":3153},{""x"":668,""y"":610,""t"":3169},{""x"":770,""y"":599,""t"":3257},{""x"":890,""y"":600,""t"":3275},{""x"":944,""y"":614,""t"":3359},{""x"":996,""y"":622,""t"":3374},{""x"":1032,""y"":604,""t"":3480},{""x"":1058,""y"":607,""t"":3504},{""x"":1112,""y"":665,""t"":3596},{""x"":1108,""y"":701,""t"":3612},{""x"":1114,""y"":707,""t"":3698},{""x"":1141,""y"":705,""t"":3712},{""x"":1170,""y"":710,""t"":3799},{""x"":1217,""y"":725,""t"":3815},{""x"":1256,""y"":712,""t"":3900},{""x"":1286,""y"":701,""t"":3916},{""x"":1320,""y"":667,""t"":4017},{""x"":1318,""y"":650,""t"":4075},{""x"":1345,""y"":632,""t"":4090},{""x"":1207,""y"":561,""t"":4177},{""x"":1013,""y"":519,""t"":4193},{""x"":794,""y"":486,""t"":4279},{""x"":595,""y"":435,""t"":4294},{""x"":439,""y"":403,""t"":4378},{""x"":325,""y"":383,""t"":4394},{""x"":424,""y"":356,""t"":4501},{""x"":520,""y"":336,""t"":4524},{""x"":610,""y"":353,""t"":4616},{""x"":692,""y"":370,""t"":4631},{""x"":788,""y"":377,""t"":4722},{""x"":866,""y"":387,""t"":4738},{""x"":928,""y"":396,""t"":4820},{""x"":959,""y"":403,""t"":4835},{""x"":1033,""y"":426,""t"":4918},{""x"":1077,""y"":436,""t"":4932},{""x"":1120,""y"":447,""t"":5041},{""x"":1164,""y"":431,""t"":5102},{""x"":1155,""y"":425,""t"":5162},{""x"":1143,""y"":420,""t"":5178},{""x"":1170,""y"":434,""t"":5262},{""x"":1197,""y"":436,""t"":5277},{""x"":1117,""y"":431,""t"":5359},{""x"":1046,""y"":426,""t"":5375},{""x"":991,""y"":422,""t"":5472},{""x"":945,""y"":441,""t"":5490},{""x"":930,""y"":447,""t"":5543},{""x"":889,""y"":428,""t"":5632},{""x"":862,""y"":410,""t"":5648},{""x"":855,""y"":418,""t"":5734},{""x"":853,""y"":415,""t"":5751},{""x"":852,""y"":408,""t"":5837},{""x"":853,""y"":403,""t"":5858}]",1,0.00070286498665598,0.9992971350133439,wa_dn,0
105-attributes,0,18,exp_15,0.0,1118.5849999892523,0.7,0.29,1.7999999999999998,5.0,higher_p,higher_m,0,1,attributes,1.0,True,1.2599999999999998,1.45,-0.1900000000000001,0.0617557805929019,0.5,0.5,0.4,0.6,1.0,1.0,higher_m,higher_m,True,"{""durations"":[1000,1500,1000,1500],""alternatives"":[""all"",""all"",""all"",""all""],""attributes"":[""p"",""m"",""p"",""m""]}","[{""x"":741,""y"":528,""t"":-24},{""x"":767,""y"":519,""t"":0},{""x"":755,""y"":515,""t"":114},{""x"":723,""y"":546,""t"":146},{""x"":709,""y"":530,""t"":237},{""x"":712,""y"":513,""t"":254},{""x"":701,""y"":492,""t"":306},{""x"":633,""y"":521,""t"":412},{""x"":584,""y"":557,""t"":472},{""x"":569,""y"":575,""t"":491},{""x"":572,""y"":557,""t"":547},{""x"":678,""y"":575,""t"":640},{""x"":775,""y"":603,""t"":658},{""x"":873,""y"":617,""t"":745},{""x"":941,""y"":629,""t"":763},{""x"":977,""y"":630,""t"":814},{""x"":1001,""y"":634,""t"":887},{""x"":895,""y"":636,""t"":979},{""x"":791,""y"":636,""t"":996},{""x"":702,""y"":631,""t"":1092},{""x"":734,""y"":608,""t"":1149},{""x"":794,""y"":584,""t"":1166},{""x"":807,""y"":547,""t"":1252},{""x"":835,""y"":518,""t"":1267},{""x"":918,""y"":474,""t"":1357},{""x"":965,""y"":476,""t"":1374},{""x"":911,""y"":436,""t"":1457},{""x"":791,""y"":413,""t"":1516},{""x"":662,""y"":398,""t"":1570},{""x"":529,""y"":368,""t"":1659},{""x"":442,""y"":334,""t"":1676},{""x"":392,""y"":306,""t"":1768},{""x"":351,""y"":287,""t"":1782},{""x"":358,""y"":272,""t"":1867},{""x"":337,""y"":266,""t"":1882},{""x"":340,""y"":274,""t"":1996},{""x"":330,""y"":273,""t"":2013},{""x"":319,""y"":293,""t"":2099},{""x"":326,""y"":318,""t"":2115},{""x"":352,""y"":320,""t"":2203},{""x"":378,""y"":321,""t"":2220},{""x"":427,""y"":350,""t"":2305},{""x"":433,""y"":397,""t"":2321},{""x"":421,""y"":432,""t"":2410},{""x"":412,""y"":463,""t"":2441},{""x"":433,""y"":490,""t"":2501},{""x"":420,""y"":512,""t"":2553},{""x"":417,""y"":532,""t"":2648},{""x"":415,""y"":548,""t"":2663},{""x"":423,""y"":562,""t"":2753},{""x"":421,""y"":575,""t"":2769},{""x"":421,""y"":585,""t"":2820},{""x"":421,""y"":599,""t"":2877},{""x"":486,""y"":665,""t"":2928},{""x"":645,""y"":718,""t"":3009},{""x"":795,""y"":764,""t"":3066},{""x"":917,""y"":783,""t"":3166},{""x"":1039,""y"":796,""t"":3228},{""x"":1126,""y"":806,""t"":3244},{""x"":1188,""y"":787,""t"":3327},{""x"":1232,""y"":768,""t"":3342},{""x"":1264,""y"":756,""t"":3431},{""x"":1284,""y"":745,""t"":3446},{""x"":1183,""y"":705,""t"":3547},{""x"":1068,""y"":690,""t"":3571},{""x"":957,""y"":643,""t"":3655},{""x"":861,""y"":606,""t"":3672},{""x"":770,""y"":533,""t"":3760},{""x"":690,""y"":465,""t"":3776},{""x"":633,""y"":392,""t"":3867},{""x"":562,""y"":327,""t"":3883},{""x"":680,""y"":361,""t"":3969},{""x"":785,""y"":395,""t"":4011},{""x"":894,""y"":403,""t"":4033},{""x"":955,""y"":382,""t"":4121},{""x"":987,""y"":378,""t"":4211},{""x"":1039,""y"":375,""t"":4226},{""x"":840,""y"":364,""t"":4313},{""x"":671,""y"":365,""t"":4331},{""x"":510,""y"":347,""t"":4417},{""x"":487,""y"":296,""t"":4434},{""x"":348,""y"":297,""t"":4539},{""x"":256,""y"":291,""t"":4557},{""x"":183,""y"":302,""t"":4646},{""x"":130,""y"":319,""t"":4662},{""x"":172,""y"":302,""t"":4755},{""x"":203,""y"":288,""t"":4771},{""x"":246,""y"":264,""t"":4858},{""x"":288,""y"":273,""t"":4873},{""x"":290,""y"":272,""t"":4961},{""x"":294,""y"":272,""t"":4977},{""x"":243,""y"":303,""t"":5084},{""x"":216,""y"":325,""t"":5100},{""x"":201,""y"":349,""t"":5189},{""x"":278,""y"":323,""t"":5207},{""x"":284,""y"":334,""t"":5304},{""x"":348,""y"":332,""t"":5321},{""x"":385,""y"":339,""t"":5372},{""x"":450,""y"":354,""t"":5434},{""x"":503,""y"":366,""t"":5486},{""x"":565,""y"":368,""t"":5572},{""x"":621,""y"":367,""t"":5601},{""x"":716,""y"":470,""t"":5663},{""x"":778,""y"":573,""t"":5721},{""x"":874,""y"":656,""t"":5813},{""x"":951,""y"":684,""t"":5829},{""x"":1059,""y"":714,""t"":5882},{""x"":1097,""y"":715,""t"":5934},{""x"":1131,""y"":695,""t"":5984},{""x"":1166,""y"":669,""t"":6044},{""x"":1243,""y"":647,""t"":6105},{""x"":1252,""y"":628,""t"":6170},{""x"":1256,""y"":593,""t"":6220},{""x"":1230,""y"":565,""t"":6275},{""x"":1228,""y"":542,""t"":6326},{""x"":1221,""y"":514,""t"":6419},{""x"":1220,""y"":519,""t"":6435},{""x"":1218,""y"":520,""t"":6530},{""x"":1227,""y"":511,""t"":6587},{""x"":1217,""y"":502,""t"":6603},{""x"":1184,""y"":492,""t"":6717},{""x"":1157,""y"":492,""t"":6733}]",0,0.4879474268012444,0.5120525731987555,wa_dn,0
105-attributes,0,24,exp_107,0.0,304.4999999983702,0.78,0.4,2.1,3.0,higher_p,higher_m,0,1,attributes,1.0,True,1.638,1.2000000000000002,0.4379999999999999,0.7081329507986126,0.5,0.5,0.6,0.4,0.0,0.0,higher_p,higher_p,True,"{""durations"":[1000,1500,1000,1500],""alternatives"":[""all"",""all"",""all"",""all""],""attributes"":[""m"",""p"",""m"",""p""]}","[{""x"":772,""y"":495,""t"":-16},{""x"":817,""y"":493,""t"":0},{""x"":832,""y"":489,""t"":107},{""x"":826,""y"":479,""t"":136},{""x"":846,""y"":483,""t"":226},{""x"":848,""y"":489,""t"":243},{""x"":755,""y"":495,""t"":331},{""x"":731,""y"":472,""t"":347},{""x"":636,""y"":491,""t"":460},{""x"":550,""y"":508,""t"":479},{""x"":658,""y"":591,""t"":579},{""x"":763,""y"":656,""t"":637},{""x"":848,""y"":709,""t"":652},{""x"":962,""y"":718,""t"":735},{""x"":1057,""y"":723,""t"":750},{""x"":1145,""y"":720,""t"":836},{""x"":1253,""y"":711,""t"":853},{""x"":1316,""y"":692,""t"":954},{""x"":1273,""y"":641,""t"":1025},{""x"":1113,""y"":597,""t"":1087},{""x"":984,""y"":541,""t"":1102},{""x"":833,""y"":486,""t"":1193},{""x"":727,""y"":407,""t"":1250},{""x"":644,""y"":405,""t"":1266},{""x"":558,""y"":417,""t"":1351},{""x"":463,""y"":418,""t"":1366},{""x"":554,""y"":469,""t"":1459},{""x"":679,""y"":528,""t"":1478},{""x"":829,""y"":560,""t"":1529},{""x"":917,""y"":558,""t"":1579},{""x"":1017,""y"":582,""t"":1630},{""x"":1122,""y"":593,""t"":1682},{""x"":1156,""y"":605,""t"":1732},{""x"":1132,""y"":649,""t"":1782},{""x"":1123,""y"":714,""t"":1833},{""x"":1141,""y"":756,""t"":1883},{""x"":1130,""y"":770,""t"":1984},{""x"":1117,""y"":779,""t"":2007},{""x"":1167,""y"":784,""t"":2092},{""x"":1185,""y"":780,""t"":2109},{""x"":1232,""y"":756,""t"":2197},{""x"":1257,""y"":720,""t"":2212},{""x"":1277,""y"":702,""t"":2297},{""x"":1291,""y"":687,""t"":2312},{""x"":1304,""y"":644,""t"":2402},{""x"":1314,""y"":606,""t"":2417},{""x"":1300,""y"":578,""t"":2519},{""x"":1313,""y"":577,""t"":2579},{""x"":1320,""y"":568,""t"":2594},{""x"":1326,""y"":551,""t"":2678},{""x"":1330,""y"":538,""t"":2693},{""x"":1316,""y"":536,""t"":2787},{""x"":1151,""y"":475,""t"":2802},{""x"":1044,""y"":444,""t"":2861},{""x"":778,""y"":421,""t"":2943},{""x"":590,""y"":408,""t"":2959},{""x"":426,""y"":401,""t"":3030},{""x"":498,""y"":410,""t"":3114},{""x"":591,""y"":418,""t"":3131},{""x"":716,""y"":433,""t"":3218},{""x"":817,""y"":469,""t"":3234},{""x"":926,""y"":484,""t"":3323},{""x"":1042,""y"":489,""t"":3339},{""x"":1109,""y"":506,""t"":3424},{""x"":1159,""y"":520,""t"":3439},{""x"":1206,""y"":539,""t"":3538},{""x"":1234,""y"":566,""t"":3602},{""x"":1254,""y"":588,""t"":3618},{""x"":1220,""y"":592,""t"":3711},{""x"":1227,""y"":566,""t"":3774},{""x"":1256,""y"":540,""t"":3833},{""x"":1278,""y"":519,""t"":3848},{""x"":1120,""y"":551,""t"":3929},{""x"":1012,""y"":594,""t"":3945},{""x"":844,""y"":588,""t"":4061},{""x"":707,""y"":609,""t"":4082},{""x"":541,""y"":622,""t"":4168},{""x"":462,""y"":619,""t"":4183},{""x"":625,""y"":637,""t"":4270},{""x"":774,""y"":659,""t"":4287},{""x"":920,""y"":658,""t"":4372},{""x"":1021,""y"":649,""t"":4386},{""x"":1121,""y"":658,""t"":4469},{""x"":1204,""y"":666,""t"":4490},{""x"":1252,""y"":656,""t"":4595},{""x"":1294,""y"":658,""t"":4655},{""x"":1325,""y"":658,""t"":4671},{""x"":1323,""y"":677,""t"":4758},{""x"":1317,""y"":693,""t"":4774},{""x"":1323,""y"":695,""t"":4856},{""x"":1334,""y"":699,""t"":4871},{""x"":1248,""y"":732,""t"":4957},{""x"":1201,""y"":768,""t"":4973},{""x"":1135,""y"":772,""t"":5073},{""x"":1105,""y"":783,""t"":5134},{""x"":1099,""y"":798,""t"":5149},{""x"":1096,""y"":805,""t"":5212},{""x"":1093,""y"":801,""t"":5296},{""x"":1090,""y"":781,""t"":5312},{""x"":1046,""y"":745,""t"":5395},{""x"":1010,""y"":714,""t"":5410},{""x"":958,""y"":659,""t"":5495},{""x"":921,""y"":606,""t"":5512},{""x"":893,""y"":562,""t"":5584},{""x"":866,""y"":542,""t"":5675},{""x"":857,""y"":538,""t"":5721},{""x"":805,""y"":514,""t"":5821}]",0,0.9035454125775353,0.0964545874224647,wa_dn,0
105-attributes,0,28,exp_69,0.0,301.18499998934567,0.72,0.51,4.2,5.2,higher_p,higher_m,0,1,attributes,1.0,True,3.024,2.652,0.3719999999999999,0.64020159214642,0.5,0.5,0.4,0.6,1.0,0.0,higher_m,higher_p,True,"{""durations"":[1500,1000,1500,1000],""alternatives"":[""all"",""all"",""all"",""all""],""attributes"":[""m"",""p"",""m"",""p""]}","[{""x"":829,""y"":709,""t"":-16},{""x"":833,""y"":720,""t"":0},{""x"":829,""y"":724,""t"":91},{""x"":848,""y"":682,""t"":112},{""x"":850,""y"":688,""t"":213},{""x"":844,""y"":642,""t"":308},{""x"":734,""y"":585,""t"":370},{""x"":639,""y"":536,""t"":386},{""x"":599,""y"":470,""t"":483},{""x"":558,""y"":399,""t"":544},{""x"":570,""y"":369,""t"":604},{""x"":596,""y"":358,""t"":623},{""x"":754,""y"":357,""t"":706},{""x"":882,""y"":379,""t"":729},{""x"":997,""y"":393,""t"":788},{""x"":1044,""y"":414,""t"":877},{""x"":1079,""y"":432,""t"":893},{""x"":945,""y"":404,""t"":978},{""x"":798,""y"":390,""t"":993},{""x"":697,""y"":344,""t"":1077},{""x"":608,""y"":309,""t"":1092},{""x"":535,""y"":309,""t"":1178},{""x"":471,""y"":299,""t"":1197},{""x"":393,""y"":286,""t"":1306},{""x"":350,""y"":273,""t"":1327},{""x"":369,""y"":248,""t"":1413},{""x"":390,""y"":228,""t"":1429},{""x"":370,""y"":286,""t"":1515},{""x"":378,""y"":332,""t"":1533},{""x"":366,""y"":374,""t"":1619},{""x"":342,""y"":420,""t"":1636},{""x"":329,""y"":447,""t"":1721},{""x"":304,""y"":479,""t"":1736},{""x"":282,""y"":503,""t"":1841},{""x"":249,""y"":535,""t"":1905},{""x"":446,""y"":570,""t"":1964},{""x"":616,""y"":597,""t"":1979},{""x"":787,""y"":614,""t"":2069},{""x"":963,""y"":614,""t"":2084},{""x"":1083,""y"":615,""t"":2172},{""x"":1210,""y"":629,""t"":2189},{""x"":1296,""y"":629,""t"":2275},{""x"":1327,""y"":639,""t"":2296},{""x"":1368,""y"":674,""t"":2349},{""x"":1365,""y"":711,""t"":2441},{""x"":1319,""y"":740,""t"":2456},{""x"":1270,""y"":722,""t"":2542},{""x"":1225,""y"":704,""t"":2559},{""x"":1198,""y"":660,""t"":2644},{""x"":1220,""y"":644,""t"":2664},{""x"":1221,""y"":608,""t"":2753},{""x"":1201,""y"":571,""t"":2767},{""x"":1192,""y"":548,""t"":2879},{""x"":1183,""y"":522,""t"":2894},{""x"":1035,""y"":445,""t"":2980},{""x"":905,""y"":406,""t"":2995},{""x"":757,""y"":361,""t"":3089},{""x"":603,""y"":317,""t"":3104},{""x"":437,""y"":302,""t"":3186},{""x"":304,""y"":294,""t"":3200},{""x"":304,""y"":259,""t"":3283},{""x"":319,""y"":223,""t"":3299},{""x"":465,""y"":286,""t"":3403},{""x"":612,""y"":321,""t"":3464},{""x"":772,""y"":351,""t"":3479},{""x"":847,""y"":384,""t"":3566},{""x"":942,""y"":417,""t"":3582},{""x"":1026,""y"":441,""t"":3666},{""x"":1089,""y"":437,""t"":3681},{""x"":1097,""y"":449,""t"":3768},{""x"":1138,""y"":466,""t"":3782},{""x"":1172,""y"":474,""t"":3889},{""x"":1206,""y"":498,""t"":3910},{""x"":1223,""y"":509,""t"":3996},{""x"":1254,""y"":529,""t"":4013},{""x"":1276,""y"":528,""t"":4098},{""x"":1296,""y"":535,""t"":4115},{""x"":1310,""y"":482,""t"":4199},{""x"":1290,""y"":482,""t"":4217},{""x"":1272,""y"":477,""t"":4298},{""x"":1287,""y"":487,""t"":4319},{""x"":1298,""y"":470,""t"":4425},{""x"":1276,""y"":477,""t"":4485},{""x"":1251,""y"":487,""t"":4501},{""x"":1214,""y"":467,""t"":4587},{""x"":1182,""y"":450,""t"":4603},{""x"":1145,""y"":462,""t"":4690},{""x"":1114,""y"":472,""t"":4706},{""x"":1137,""y"":463,""t"":4790},{""x"":1159,""y"":456,""t"":4806},{""x"":1162,""y"":452,""t"":4913},{""x"":1166,""y"":450,""t"":4931},{""x"":1177,""y"":471,""t"":5022},{""x"":1180,""y"":485,""t"":5038},{""x"":1160,""y"":494,""t"":5123},{""x"":1144,""y"":502,""t"":5139},{""x"":1134,""y"":504,""t"":5225},{""x"":1117,""y"":517,""t"":5242},{""x"":1092,""y"":509,""t"":5327},{""x"":1085,""y"":515,""t"":5343},{""x"":1082,""y"":508,""t"":5440},{""x"":1125,""y"":492,""t"":5490},{""x"":1108,""y"":463,""t"":5541},{""x"":1107,""y"":484,""t"":5602},{""x"":1148,""y"":496,""t"":5656},{""x"":1159,""y"":492,""t"":5740},{""x"":1175,""y"":493,""t"":5756},{""x"":1195,""y"":496,""t"":5844},{""x"":1185,""y"":503,""t"":5860}]",1,0.7373309867236337,0.2626690132763664,wa_dn,0
105-attributes,0,29,exp_115,0.0,313.76499999896623,0.49,0.22,4.2,7.9,higher_p,higher_m,0,1,attributes,1.0,True,2.058,1.738,0.3199999999999998,0.5866799156325714,0.5,0.5,0.6,0.4,0.0,0.0,higher_p,higher_p,True,"{""durations"":[1000,1500,1000,1500],""alternatives"":[""all"",""all"",""all"",""all""],""attributes"":[""m"",""p"",""m"",""p""]}","[{""x"":856,""y"":556,""t"":-18},{""x"":836,""y"":564,""t"":0},{""x"":837,""y"":546,""t"":93},{""x"":820,""y"":537,""t"":109},{""x"":839,""y"":537,""t"":177},{""x"":837,""y"":548,""t"":260},{""x"":806,""y"":539,""t"":309},{""x"":690,""y"":493,""t"":397},{""x"":581,""y"":474,""t"":412},{""x"":396,""y"":437,""t"":520},{""x"":252,""y"":408,""t"":546},{""x"":352,""y"":394,""t"":632},{""x"":434,""y"":388,""t"":647},{""x"":622,""y"":385,""t"":732},{""x"":782,""y"":396,""t"":749},{""x"":937,""y"":393,""t"":834},{""x"":1057,""y"":376,""t"":851},{""x"":1147,""y"":378,""t"":946},{""x"":1191,""y"":373,""t"":960},{""x"":1243,""y"":371,""t"":1038},{""x"":1289,""y"":365,""t"":1091},{""x"":1333,""y"":365,""t"":1184},{""x"":1379,""y"":367,""t"":1198},{""x"":1382,""y"":391,""t"":1282},{""x"":1380,""y"":412,""t"":1297},{""x"":1382,""y"":433,""t"":1380},{""x"":1384,""y"":439,""t"":1394},{""x"":1129,""y"":437,""t"":1499},{""x"":913,""y"":436,""t"":1558},{""x"":731,""y"":436,""t"":1576},{""x"":558,""y"":443,""t"":1663},{""x"":415,""y"":427,""t"":1680},{""x"":325,""y"":435,""t"":1772},{""x"":264,""y"":489,""t"":1834},{""x"":252,""y"":507,""t"":1849},{""x"":399,""y"":552,""t"":1934},{""x"":520,""y"":604,""t"":1952},{""x"":547,""y"":623,""t"":2080},{""x"":505,""y"":646,""t"":2140},{""x"":469,""y"":664,""t"":2154},{""x"":409,""y"":669,""t"":2243},{""x"":362,""y"":674,""t"":2260},{""x"":338,""y"":691,""t"":2342},{""x"":324,""y"":686,""t"":2362},{""x"":314,""y"":667,""t"":2410},{""x"":298,""y"":662,""t"":2463},{""x"":304,""y"":613,""t"":2572},{""x"":261,""y"":558,""t"":2621},{""x"":251,""y"":506,""t"":2724},{""x"":224,""y"":465,""t"":2784},{""x"":245,""y"":409,""t"":2804},{""x"":250,""y"":358,""t"":2856},{""x"":290,""y"":313,""t"":2943},{""x"":283,""y"":291,""t"":2959},{""x"":351,""y"":256,""t"":3054},{""x"":415,""y"":254,""t"":3071},{""x"":542,""y"":248,""t"":3158},{""x"":630,""y"":247,""t"":3173},{""x"":802,""y"":284,""t"":3259},{""x"":952,""y"":317,""t"":3274},{""x"":1082,""y"":334,""t"":3360},{""x"":1185,""y"":349,""t"":3376},{""x"":1271,""y"":361,""t"":3460},{""x"":1310,""y"":387,""t"":3476},{""x"":1352,""y"":419,""t"":3572},{""x"":1347,""y"":427,""t"":3632},{""x"":1372,""y"":438,""t"":3648},{""x"":1367,""y"":434,""t"":3739},{""x"":1351,""y"":445,""t"":3754},{""x"":1368,""y"":459,""t"":3840},{""x"":1334,""y"":475,""t"":3855},{""x"":1326,""y"":495,""t"":3941},{""x"":1326,""y"":500,""t"":3955},{""x"":1325,""y"":506,""t"":4038},{""x"":1266,""y"":521,""t"":4062},{""x"":1071,""y"":566,""t"":4126},{""x"":840,""y"":576,""t"":4181},{""x"":637,""y"":574,""t"":4231},{""x"":484,""y"":579,""t"":4283},{""x"":329,""y"":565,""t"":4334},{""x"":249,""y"":584,""t"":4384},{""x"":192,""y"":570,""t"":4434},{""x"":140,""y"":477,""t"":4486},{""x"":50,""y"":419,""t"":4542},{""x"":-7,""y"":375,""t"":4602},{""x"":18,""y"":330,""t"":4691},{""x"":-7,""y"":300,""t"":4706},{""x"":3,""y"":277,""t"":4801},{""x"":-22,""y"":261,""t"":4863},{""x"":-46,""y"":264,""t"":4927},{""x"":-64,""y"":265,""t"":4942},{""x"":-23,""y"":276,""t"":5024},{""x"":0,""y"":274,""t"":5039},{""x"":-2,""y"":282,""t"":5139},{""x"":63,""y"":269,""t"":5200},{""x"":78,""y"":279,""t"":5216},{""x"":88,""y"":284,""t"":5301},{""x"":101,""y"":299,""t"":5317},{""x"":106,""y"":307,""t"":5376},{""x"":222,""y"":331,""t"":5470},{""x"":319,""y"":352,""t"":5485},{""x"":436,""y"":360,""t"":5569},{""x"":528,""y"":372,""t"":5584},{""x"":644,""y"":348,""t"":5698},{""x"":710,""y"":385,""t"":5714},{""x"":778,""y"":422,""t"":5798},{""x"":777,""y"":424,""t"":5814},{""x"":783,""y"":409,""t"":5899},{""x"":768,""y"":421,""t"":5919}]",0,0.8134392980372493,0.1865607019627507,wa_dn,0
105-attributes,0,32,exp_27,0.0,305.8549999841489,0.3,0.17,2.0,3.0,higher_p,higher_m,0,1,attributes,1.0,True,0.6,0.51,0.0899999999999999,0.3499494233597794,0.5,0.5,0.6,0.4,0.0,0.0,higher_p,higher_p,True,"{""durations"":[1000,1500,1000,1500],""alternatives"":[""all"",""all"",""all"",""all""],""attributes"":[""m"",""p"",""m"",""p""]}","[{""x"":821,""y"":506,""t"":-19},{""x"":814,""y"":515,""t"":0},{""x"":813,""y"":503,""t"":97},{""x"":787,""y"":493,""t"":122},{""x"":789,""y"":475,""t"":192},{""x"":768,""y"":497,""t"":245},{""x"":711,""y"":481,""t"":335},{""x"":632,""y"":472,""t"":350},{""x"":617,""y"":550,""t"":440},{""x"":686,""y"":560,""t"":456},{""x"":792,""y"":630,""t"":539},{""x"":890,""y"":660,""t"":595},{""x"":953,""y"":645,""t"":645},{""x"":1020,""y"":643,""t"":697},{""x"":1104,""y"":634,""t"":749},{""x"":1195,""y"":643,""t"":838},{""x"":1268,""y"":650,""t"":853},{""x"":1341,""y"":641,""t"":936},{""x"":1398,""y"":632,""t"":953},{""x"":1421,""y"":618,""t"":1065},{""x"":1416,""y"":607,""t"":1089},{""x"":1353,""y"":585,""t"":1183},{""x"":1246,""y"":564,""t"":1199},{""x"":1145,""y"":550,""t"":1305},{""x"":1051,""y"":538,""t"":1327},{""x"":940,""y"":543,""t"":1410},{""x"":844,""y"":550,""t"":1428},{""x"":680,""y"":537,""t"":1536},{""x"":658,""y"":563,""t"":1597},{""x"":633,""y"":604,""t"":1613},{""x"":797,""y"":606,""t"":1698},{""x"":942,""y"":607,""t"":1713},{""x"":1069,""y"":608,""t"":1800},{""x"":1186,""y"":599,""t"":1815},{""x"":1267,""y"":591,""t"":1902},{""x"":1294,""y"":563,""t"":1918},{""x"":1207,""y"":562,""t"":2003},{""x"":1036,""y"":593,""t"":2018},{""x"":869,""y"":609,""t"":2090},{""x"":751,""y"":610,""t"":2143},{""x"":681,""y"":607,""t"":2229},{""x"":600,""y"":609,""t"":2245},{""x"":496,""y"":590,""t"":2331},{""x"":435,""y"":581,""t"":2348},{""x"":446,""y"":599,""t"":2435},{""x"":436,""y"":604,""t"":2451},{""x"":426,""y"":633,""t"":2545},{""x"":373,""y"":642,""t"":2564},{""x"":358,""y"":632,""t"":2618},{""x"":346,""y"":645,""t"":2707},{""x"":355,""y"":655,""t"":2723},{""x"":492,""y"":620,""t"":2815},{""x"":646,""y"":659,""t"":2831},{""x"":686,""y"":679,""t"":2915},{""x"":679,""y"":636,""t"":2930},{""x"":674,""y"":646,""t"":2990},{""x"":604,""y"":606,""t"":3038},{""x"":587,""y"":499,""t"":3112},{""x"":515,""y"":466,""t"":3189},{""x"":487,""y"":419,""t"":3242},{""x"":434,""y"":398,""t"":3327},{""x"":393,""y"":370,""t"":3342},{""x"":399,""y"":344,""t"":3428},{""x"":397,""y"":329,""t"":3443},{""x"":372,""y"":336,""t"":3529},{""x"":370,""y"":333,""t"":3545},{""x"":359,""y"":334,""t"":3646},{""x"":361,""y"":342,""t"":3673},{""x"":375,""y"":360,""t"":3758},{""x"":389,""y"":376,""t"":3774},{""x"":396,""y"":384,""t"":3859},{""x"":386,""y"":417,""t"":3877},{""x"":372,""y"":421,""t"":3964},{""x"":375,""y"":435,""t"":3980},{""x"":373,""y"":437,""t"":4065},{""x"":376,""y"":457,""t"":4081},{""x"":358,""y"":461,""t"":4196},{""x"":366,""y"":448,""t"":4216},{""x"":378,""y"":453,""t"":4303},{""x"":388,""y"":457,""t"":4319},{""x"":401,""y"":449,""t"":4403},{""x"":405,""y"":442,""t"":4422},{""x"":400,""y"":422,""t"":4504},{""x"":394,""y"":414,""t"":4522},{""x"":395,""y"":413,""t"":4604},{""x"":397,""y"":407,""t"":4634},{""x"":407,""y"":386,""t"":4724},{""x"":414,""y"":368,""t"":4738},{""x"":417,""y"":382,""t"":4827},{""x"":419,""y"":382,""t"":4842},{""x"":453,""y"":381,""t"":4927},{""x"":452,""y"":399,""t"":4942},{""x"":452,""y"":395,""t"":5029},{""x"":458,""y"":404,""t"":5045},{""x"":442,""y"":406,""t"":5138},{""x"":418,""y"":412,""t"":5198},{""x"":394,""y"":421,""t"":5214},{""x"":409,""y"":441,""t"":5299},{""x"":422,""y"":458,""t"":5315},{""x"":411,""y"":463,""t"":5403},{""x"":386,""y"":478,""t"":5419},{""x"":438,""y"":485,""t"":5504},{""x"":474,""y"":494,""t"":5524},{""x"":558,""y"":468,""t"":5575},{""x"":619,""y"":473,""t"":5624},{""x"":618,""y"":482,""t"":5688},{""x"":642,""y"":481,""t"":5781},{""x"":676,""y"":456,""t"":5840},{""x"":641,""y"":466,""t"":5855},{""x"":641,""y"":470,""t"":5938},{""x"":653,""y"":479,""t"":5953}]",0,0.7925079220723941,0.20749207792760588,wa_dn,0
105-attributes,0,33,exp_43,1.0,167.0200000226032,0.81,0.48,1.6999999999999995,7.9,higher_p,higher_m,0,1,attributes,1.0,True,1.3769999999999998,3.792,-2.415,-2.2283544163938904,0.5,0.5,0.6,0.4,0.0,0.0,higher_p,higher_p,False,"{""durations"":[1000,1500,1000,1500],""alternatives"":[""all"",""all"",""all"",""all""],""attributes"":[""m"",""p"",""m"",""p""]}","[{""x"":871,""y"":727,""t"":-16},{""x"":827,""y"":730,""t"":0},{""x"":788,""y"":736,""t"":99},{""x"":751,""y"":737,""t"":127},{""x"":713,""y"":746,""t"":239},{""x"":710,""y"":730,""t"":302},{""x"":708,""y"":716,""t"":318},{""x"":628,""y"":668,""t"":407},{""x"":559,""y"":607,""t"":422},{""x"":516,""y"":520,""t"":510},{""x"":597,""y"":482,""t"":573},{""x"":753,""y"":484,""t"":590},{""x"":925,""y"":462,""t"":654},{""x"":1060,""y"":451,""t"":742},{""x"":1180,""y"":440,""t"":757},{""x"":1172,""y"":412,""t"":844},{""x"":1157,""y"":390,""t"":859},{""x"":1016,""y"":373,""t"":946},{""x"":866,""y"":355,""t"":962},{""x"":754,""y"":350,""t"":1047},{""x"":615,""y"":369,""t"":1064},{""x"":497,""y"":384,""t"":1171},{""x"":401,""y"":400,""t"":1190},{""x"":349,""y"":412,""t"":1275},{""x"":283,""y"":428,""t"":1293},{""x"":337,""y"":468,""t"":1382},{""x"":389,""y"":501,""t"":1397},{""x"":591,""y"":526,""t"":1483},{""x"":765,""y"":545,""t"":1498},{""x"":924,""y"":546,""t"":1582},{""x"":1055,""y"":546,""t"":1599},{""x"":1175,""y"":557,""t"":1706},{""x"":1259,""y"":563,""t"":1766},{""x"":1331,""y"":562,""t"":1782},{""x"":1234,""y"":619,""t"":1866},{""x"":1141,""y"":672,""t"":1881},{""x"":1043,""y"":711,""t"":1971},{""x"":978,""y"":741,""t"":1986},{""x"":963,""y"":760,""t"":2074},{""x"":837,""y"":750,""t"":2130},{""x"":786,""y"":717,""t"":2157},{""x"":750,""y"":609,""t"":2208},{""x"":701,""y"":568,""t"":2258},{""x"":696,""y"":498,""t"":2345},{""x"":689,""y"":433,""t"":2360},{""x"":670,""y"":373,""t"":2412},{""x"":630,""y"":349,""t"":2462},{""x"":611,""y"":323,""t"":2549},{""x"":597,""y"":310,""t"":2564},{""x"":751,""y"":356,""t"":2666},{""x"":887,""y"":375,""t"":2687},{""x"":965,""y"":386,""t"":2773},{""x"":1056,""y"":403,""t"":2788},{""x"":1165,""y"":424,""t"":2875},{""x"":1179,""y"":449,""t"":2891},{""x"":1029,""y"":418,""t"":2979},{""x"":906,""y"":393,""t"":2995},{""x"":774,""y"":368,""t"":3085},{""x"":644,""y"":346,""t"":3100},{""x"":546,""y"":331,""t"":3201},{""x"":431,""y"":315,""t"":3261},{""x"":338,""y"":303,""t"":3277},{""x"":309,""y"":281,""t"":3369},{""x"":291,""y"":270,""t"":3436},{""x"":284,""y"":269,""t"":3500},{""x"":278,""y"":296,""t"":3515},{""x"":264,""y"":329,""t"":3565},{""x"":281,""y"":362,""t"":3614},{""x"":330,""y"":371,""t"":3718},{""x"":345,""y"":391,""t"":3742},{""x"":341,""y"":423,""t"":3837},{""x"":327,""y"":444,""t"":3853},{""x"":314,""y"":470,""t"":3946},{""x"":323,""y"":495,""t"":4006},{""x"":322,""y"":501,""t"":4020},{""x"":506,""y"":540,""t"":4102},{""x"":686,""y"":563,""t"":4117},{""x"":864,""y"":580,""t"":4223},{""x"":930,""y"":665,""t"":4283},{""x"":1027,""y"":708,""t"":4298},{""x"":1054,""y"":753,""t"":4351},{""x"":1085,""y"":779,""t"":4400},{""x"":1060,""y"":774,""t"":4485},{""x"":981,""y"":740,""t"":4501},{""x"":876,""y"":717,""t"":4587},{""x"":783,""y"":695,""t"":4601},{""x"":714,""y"":610,""t"":4684},{""x"":677,""y"":568,""t"":4725},{""x"":602,""y"":517,""t"":4741},{""x"":565,""y"":453,""t"":4829},{""x"":549,""y"":439,""t"":4918},{""x"":521,""y"":406,""t"":4934},{""x"":464,""y"":407,""t"":5018},{""x"":443,""y"":361,""t"":5033},{""x"":424,""y"":364,""t"":5116},{""x"":407,""y"":354,""t"":5135},{""x"":383,""y"":378,""t"":5232},{""x"":423,""y"":340,""t"":5250},{""x"":454,""y"":319,""t"":5336},{""x"":465,""y"":320,""t"":5351},{""x"":480,""y"":353,""t"":5405},{""x"":492,""y"":382,""t"":5454},{""x"":502,""y"":401,""t"":5544},{""x"":552,""y"":388,""t"":5605},{""x"":594,""y"":377,""t"":5619},{""x"":609,""y"":359,""t"":5702},{""x"":625,""y"":354,""t"":5724}]",1,0.013466299221018276,0.9865337007789817,wa_dn,0
105-attributes,0,35,exp_47,1.0,290.1899999997113,0.81,0.48,1.6999999999999995,7.9,higher_p,higher_m,0,1,attributes,1.0,True,1.3769999999999998,3.792,-2.415,-2.2283544163938904,0.5,0.5,0.4,0.6,1.0,1.0,higher_m,higher_m,False,"{""durations"":[1000,1500,1000,1500],""alternatives"":[""all"",""all"",""all"",""all""],""attributes"":[""p"",""m"",""p"",""m""]}","[{""x"":748,""y"":584,""t"":-58},{""x"":789,""y"":600,""t"":0},{""x"":828,""y"":615,""t"":104},{""x"":818,""y"":637,""t"":180},{""x"":814,""y"":657,""t"":206},{""x"":853,""y"":646,""t"":302},{""x"":885,""y"":635,""t"":318},{""x"":765,""y"":636,""t"":431},{""x"":661,""y"":645,""t"":447},{""x"":640,""y"":672,""t"":537},{""x"":625,""y"":694,""t"":552},{""x"":769,""y"":695,""t"":637},{""x"":877,""y"":699,""t"":652},{""x"":968,""y"":698,""t"":737},{""x"":1073,""y"":704,""t"":752},{""x"":1158,""y"":701,""t"":842},{""x"":1152,""y"":694,""t"":857},{""x"":1145,""y"":686,""t"":922},{""x"":1002,""y"":681,""t"":1006},{""x"":877,""y"":678,""t"":1022},{""x"":736,""y"":663,""t"":1109},{""x"":640,""y"":655,""t"":1124},{""x"":542,""y"":659,""t"":1210},{""x"":482,""y"":652,""t"":1225},{""x"":407,""y"":607,""t"":1320},{""x"":349,""y"":568,""t"":1336},{""x"":298,""y"":499,""t"":1443},{""x"":253,""y"":450,""t"":1462},{""x"":480,""y"":422,""t"":1550},{""x"":678,""y"":402,""t"":1565},{""x"":861,""y"":403,""t"":1652},{""x"":998,""y"":419,""t"":1667},{""x"":1124,""y"":443,""t"":1753},{""x"":1224,""y"":465,""t"":1770},{""x"":1235,""y"":557,""t"":1853},{""x"":1236,""y"":635,""t"":1870},{""x"":1285,""y"":680,""t"":1967},{""x"":1305,""y"":715,""t"":1984},{""x"":1307,""y"":743,""t"":2075},{""x"":1299,""y"":762,""t"":2134},{""x"":1287,""y"":775,""t"":2150},{""x"":1290,""y"":788,""t"":2237},{""x"":1290,""y"":797,""t"":2253},{""x"":1265,""y"":791,""t"":2344},{""x"":1239,""y"":783,""t"":2359},{""x"":1240,""y"":774,""t"":2466},{""x"":1241,""y"":765,""t"":2483},{""x"":1243,""y"":750,""t"":2574},{""x"":1240,""y"":743,""t"":2590},{""x"":1211,""y"":743,""t"":2681},{""x"":1186,""y"":742,""t"":2696},{""x"":1163,""y"":729,""t"":2790},{""x"":1167,""y"":727,""t"":2847},{""x"":1171,""y"":725,""t"":2862},{""x"":996,""y"":725,""t"":2959},{""x"":805,""y"":729,""t"":3022},{""x"":632,""y"":722,""t"":3038},{""x"":506,""y"":733,""t"":3124},{""x"":407,""y"":742,""t"":3139},{""x"":309,""y"":750,""t"":3226},{""x"":234,""y"":756,""t"":3242},{""x"":216,""y"":757,""t"":3326},{""x"":206,""y"":764,""t"":3340},{""x"":282,""y"":757,""t"":3423},{""x"":310,""y"":761,""t"":3461},{""x"":350,""y"":764,""t"":3516},{""x"":354,""y"":682,""t"":3605},{""x"":335,""y"":640,""t"":3668},{""x"":322,""y"":597,""t"":3695},{""x"":314,""y"":551,""t"":3747},{""x"":332,""y"":481,""t"":3839},{""x"":343,""y"":432,""t"":3854},{""x"":343,""y"":409,""t"":3939},{""x"":478,""y"":409,""t"":3954},{""x"":681,""y"":434,""t"":4030},{""x"":873,""y"":436,""t"":4086},{""x"":1044,""y"":439,""t"":4188},{""x"":1140,""y"":465,""t"":4256},{""x"":1249,""y"":485,""t"":4314},{""x"":1333,""y"":502,""t"":4329},{""x"":1398,""y"":506,""t"":4414},{""x"":1463,""y"":510,""t"":4429},{""x"":1488,""y"":496,""t"":4490},{""x"":1472,""y"":507,""t"":4574},{""x"":1433,""y"":509,""t"":4628},{""x"":1418,""y"":512,""t"":4716},{""x"":1390,""y"":509,""t"":4731},{""x"":1388,""y"":513,""t"":4818},{""x"":1406,""y"":512,""t"":4833},{""x"":1408,""y"":505,""t"":4918},{""x"":1389,""y"":509,""t"":4936},{""x"":1377,""y"":523,""t"":5043},{""x"":1369,""y"":519,""t"":5066},{""x"":1378,""y"":514,""t"":5152},{""x"":1359,""y"":513,""t"":5168},{""x"":1340,""y"":505,""t"":5257},{""x"":1331,""y"":505,""t"":5272},{""x"":1331,""y"":497,""t"":5359},{""x"":1327,""y"":504,""t"":5373},{""x"":1180,""y"":495,""t"":5458},{""x"":1064,""y"":482,""t"":5474},{""x"":989,""y"":476,""t"":5573},{""x"":901,""y"":481,""t"":5591},{""x"":858,""y"":489,""t"":5684},{""x"":837,""y"":495,""t"":5743},{""x"":816,""y"":507,""t"":5764},{""x"":832,""y"":508,""t"":5817},{""x"":834,""y"":497,""t"":5901},{""x"":804,""y"":499,""t"":5918}]",1,0.013466299221018276,0.9865337007789817,wa_dn,0
105-attributes,0,38,catch_7,1.0,238.71499998494983,0.28,0.48,2.1,5.2,dominated,dominant,1,1,attributes,1.0,True,0.5880000000000001,2.496,-1.908,-1.706518070383866,0.5,0.5,0.5,0.5,,1.0,,dominant,True,"{""durations"":[1250,1250,1250,1250],""attributes"":[""p"",""m"",""p"",""m""],""alternatives"":[""all"",""all"",""all"",""all""]}","[{""x"":746,""y"":588,""t"":-17},{""x"":758,""y"":590,""t"":0},{""x"":778,""y"":583,""t"":89},{""x"":763,""y"":604,""t"":112},{""x"":768,""y"":614,""t"":176},{""x"":802,""y"":588,""t"":247},{""x"":753,""y"":623,""t"":351},{""x"":690,""y"":636,""t"":376},{""x"":744,""y"":666,""t"":465},{""x"":823,""y"":683,""t"":482},{""x"":817,""y"":720,""t"":570},{""x"":807,""y"":758,""t"":585},{""x"":633,""y"":769,""t"":671},{""x"":516,""y"":792,""t"":687},{""x"":551,""y"":801,""t"":774},{""x"":588,""y"":806,""t"":789},{""x"":745,""y"":780,""t"":896},{""x"":894,""y"":759,""t"":920},{""x"":987,""y"":738,""t"":1007},{""x"":1059,""y"":718,""t"":1022},{""x"":1109,""y"":705,""t"":1108},{""x"":1132,""y"":695,""t"":1128},{""x"":1002,""y"":711,""t"":1215},{""x"":928,""y"":710,""t"":1231},{""x"":829,""y"":725,""t"":1330},{""x"":744,""y"":722,""t"":1410},{""x"":659,""y"":718,""t"":1428},{""x"":604,""y"":707,""t"":1513},{""x"":560,""y"":698,""t"":1531},{""x"":480,""y"":632,""t"":1630},{""x"":414,""y"":556,""t"":1645},{""x"":470,""y"":514,""t"":1700},{""x"":582,""y"":496,""t"":1750},{""x"":763,""y"":491,""t"":1800},{""x"":928,""y"":480,""t"":1860},{""x"":1087,""y"":473,""t"":1932},{""x"":1211,""y"":460,""t"":1988},{""x"":1309,""y"":451,""t"":2040},{""x"":1347,""y"":453,""t"":2128},{""x"":1382,""y"":446,""t"":2144},{""x"":1404,""y"":428,""t"":2230},{""x"":1398,""y"":434,""t"":2245},{""x"":1422,""y"":442,""t"":2330},{""x"":1437,""y"":450,""t"":2350},{""x"":1395,""y"":452,""t"":2455},{""x"":1420,""y"":445,""t"":2514},{""x"":1402,""y"":443,""t"":2531},{""x"":1398,""y"":447,""t"":2588},{""x"":1381,""y"":471,""t"":2675},{""x"":1359,""y"":498,""t"":2691},{""x"":1341,""y"":521,""t"":2778},{""x"":1336,""y"":524,""t"":2793},{""x"":1306,""y"":562,""t"":2875},{""x"":1285,""y"":586,""t"":2890},{""x"":1281,""y"":615,""t"":2992},{""x"":1199,""y"":624,""t"":3057},{""x"":1101,""y"":651,""t"":3072},{""x"":945,""y"":665,""t"":3157},{""x"":763,""y"":671,""t"":3172},{""x"":617,""y"":670,""t"":3258},{""x"":480,""y"":675,""t"":3275},{""x"":368,""y"":660,""t"":3372},{""x"":311,""y"":656,""t"":3430},{""x"":295,""y"":636,""t"":3449},{""x"":251,""y"":647,""t"":3524},{""x"":260,""y"":656,""t"":3575},{""x"":264,""y"":637,""t"":3661},{""x"":253,""y"":648,""t"":3677},{""x"":276,""y"":653,""t"":3764},{""x"":298,""y"":654,""t"":3779},{""x"":319,""y"":663,""t"":3864},{""x"":341,""y"":669,""t"":3880},{""x"":386,""y"":684,""t"":3999},{""x"":405,""y"":696,""t"":4046},{""x"":395,""y"":670,""t"":4063},{""x"":414,""y"":669,""t"":4147},{""x"":436,""y"":688,""t"":4204},{""x"":467,""y"":706,""t"":4255},{""x"":488,""y"":723,""t"":4347},{""x"":492,""y"":710,""t"":4363},{""x"":523,""y"":713,""t"":4446},{""x"":503,""y"":719,""t"":4462},{""x"":620,""y"":735,""t"":4559},{""x"":678,""y"":754,""t"":4618},{""x"":697,""y"":758,""t"":4633},{""x"":646,""y"":780,""t"":4718},{""x"":603,""y"":796,""t"":4734},{""x"":564,""y"":753,""t"":4818},{""x"":532,""y"":732,""t"":4834},{""x"":472,""y"":700,""t"":4917},{""x"":451,""y"":645,""t"":4932},{""x"":455,""y"":611,""t"":5039},{""x"":450,""y"":575,""t"":5100},{""x"":447,""y"":547,""t"":5115},{""x"":452,""y"":545,""t"":5201},{""x"":426,""y"":552,""t"":5217},{""x"":400,""y"":548,""t"":5267},{""x"":404,""y"":557,""t"":5318},{""x"":474,""y"":561,""t"":5404},{""x"":525,""y"":587,""t"":5421},{""x"":571,""y"":589,""t"":5470},{""x"":599,""y"":612,""t"":5550},{""x"":652,""y"":600,""t"":5638},{""x"":669,""y"":603,""t"":5656},{""x"":667,""y"":608,""t"":5744},{""x"":664,""y"":613,""t"":5759},{""x"":675,""y"":595,""t"":5843},{""x"":688,""y"":582,""t"":5858}]",1,0.00017362496936242466,0.9998263750306375,wa_dn,0
105-attributes,0,41,exp_91,1.0,527.5300000212155,0.5,0.38,3.0,4.0,higher_p,higher_m,0,1,attributes,1.0,True,1.5,1.52,-0.02,0.2367304922727919,0.5,0.5,0.6,0.4,0.0,0.0,higher_p,higher_p,False,"{""durations"":[1000,1500,1000,1500],""alternatives"":[""all"",""all"",""all"",""all""],""attributes"":[""m"",""p"",""m"",""p""]}","[{""x"":770,""y"":618,""t"":-16},{""x"":788,""y"":621,""t"":0},{""x"":790,""y"":626,""t"":88},{""x"":743,""y"":622,""t"":105},{""x"":740,""y"":643,""t"":187},{""x"":739,""y"":597,""t"":268},{""x"":682,""y"":620,""t"":321},{""x"":665,""y"":630,""t"":376},{""x"":712,""y"":617,""t"":473},{""x"":711,""y"":646,""t"":489},{""x"":844,""y"":636,""t"":543},{""x"":962,""y"":623,""t"":597},{""x"":1047,""y"":620,""t"":649},{""x"":1109,""y"":597,""t"":761},{""x"":1156,""y"":578,""t"":784},{""x"":1222,""y"":559,""t"":874},{""x"":1266,""y"":546,""t"":890},{""x"":1273,""y"":541,""t"":985},{""x"":1195,""y"":582,""t"":1000},{""x"":1148,""y"":591,""t"":1056},{""x"":1107,""y"":611,""t"":1139},{""x"":1072,""y"":616,""t"":1157},{""x"":1046,""y"":610,""t"":1258},{""x"":1063,""y"":622,""t"":1273},{""x"":1066,""y"":635,""t"":1324},{""x"":1068,""y"":646,""t"":1375},{""x"":996,""y"":680,""t"":1468},{""x"":851,""y"":698,""t"":1528},{""x"":729,""y"":711,""t"":1545},{""x"":652,""y"":698,""t"":1634},{""x"":577,""y"":693,""t"":1695},{""x"":523,""y"":701,""t"":1710},{""x"":488,""y"":688,""t"":1784},{""x"":412,""y"":619,""t"":1835},{""x"":370,""y"":561,""t"":1886},{""x"":341,""y"":509,""t"":1939},{""x"":333,""y"":471,""t"":2024},{""x"":315,""y"":441,""t"":2041},{""x"":321,""y"":418,""t"":2123},{""x"":331,""y"":401,""t"":2143},{""x"":310,""y"":376,""t"":2246},{""x"":296,""y"":358,""t"":2307},{""x"":286,""y"":347,""t"":2322},{""x"":245,""y"":337,""t"":2411},{""x"":212,""y"":331,""t"":2426},{""x"":206,""y"":327,""t"":2511},{""x"":203,""y"":326,""t"":2526},{""x"":202,""y"":325,""t"":2614},{""x"":203,""y"":326,""t"":2629},{""x"":205,""y"":339,""t"":2716},{""x"":238,""y"":344,""t"":2734},{""x"":265,""y"":343,""t"":2791},{""x"":543,""y"":382,""t"":2893},{""x"":783,""y"":418,""t"":2951},{""x"":983,""y"":449,""t"":2966},{""x"":1150,""y"":474,""t"":3048},{""x"":1279,""y"":502,""t"":3064},{""x"":1339,""y"":547,""t"":3145},{""x"":1367,""y"":586,""t"":3163},{""x"":1375,""y"":628,""t"":3272},{""x"":1364,""y"":665,""t"":3299},{""x"":1378,""y"":712,""t"":3384},{""x"":1385,""y"":744,""t"":3401},{""x"":1352,""y"":790,""t"":3486},{""x"":1303,""y"":820,""t"":3504},{""x"":1281,""y"":823,""t"":3591},{""x"":1249,""y"":820,""t"":3609},{""x"":1223,""y"":828,""t"":3694},{""x"":1221,""y"":818,""t"":3709},{""x"":1205,""y"":798,""t"":3826},{""x"":1192,""y"":779,""t"":3842},{""x"":1173,""y"":763,""t"":3928},{""x"":1158,""y"":749,""t"":3945},{""x"":1052,""y"":759,""t"":4031},{""x"":970,""y"":767,""t"":4047},{""x"":803,""y"":765,""t"":4133},{""x"":663,""y"":779,""t"":4177},{""x"":545,""y"":802,""t"":4227},{""x"":474,""y"":802,""t"":4332},{""x"":412,""y"":785,""t"":4354},{""x"":360,""y"":771,""t"":4440},{""x"":327,""y"":783,""t"":4455},{""x"":450,""y"":764,""t"":4544},{""x"":573,""y"":752,""t"":4559},{""x"":716,""y"":730,""t"":4645},{""x"":834,""y"":712,""t"":4661},{""x"":929,""y"":704,""t"":4748},{""x"":1006,""y"":697,""t"":4764},{""x"":1080,""y"":691,""t"":4868},{""x"":1121,""y"":690,""t"":4927},{""x"":1150,""y"":689,""t"":4941},{""x"":1182,""y"":665,""t"":5026},{""x"":1218,""y"":637,""t"":5042},{""x"":1269,""y"":596,""t"":5130},{""x"":1292,""y"":555,""t"":5146},{""x"":1301,""y"":517,""t"":5233},{""x"":1309,""y"":491,""t"":5248},{""x"":1282,""y"":450,""t"":5331},{""x"":1291,""y"":445,""t"":5386},{""x"":1205,""y"":424,""t"":5471},{""x"":1125,""y"":415,""t"":5487},{""x"":1036,""y"":428,""t"":5571},{""x"":966,""y"":431,""t"":5587},{""x"":950,""y"":496,""t"":5673},{""x"":954,""y"":552,""t"":5690},{""x"":922,""y"":610,""t"":5780},{""x"":913,""y"":631,""t"":5871},{""x"":882,""y"":673,""t"":5886},{""x"":897,""y"":696,""t"":5970},{""x"":876,""y"":726,""t"":5992},{""x"":859,""y"":727,""t"":6081},{""x"":847,""y"":725,""t"":6095}]",0,0.5322840285573827,0.4677159714426173,wa_dn,0
105-attributes,0,44,exp_23,1.0,408.79499999573454,0.28,0.17,4.3,8.3,higher_p,higher_m,0,1,attributes,1.0,True,1.204,1.4110000000000005,-0.2070000000000003,0.0442583094249128,0.5,0.5,0.4,0.6,1.0,1.0,higher_m,higher_m,False,"{""durations"":[1000,1500,1000,1500],""alternatives"":[""all"",""all"",""all"",""all""],""attributes"":[""p"",""m"",""p"",""m""]}","[{""x"":1145,""y"":653,""t"":-16},{""x"":1143,""y"":661,""t"":0},{""x"":1033,""y"":664,""t"":106},{""x"":939,""y"":669,""t"":188},{""x"":862,""y"":673,""t"":204},{""x"":819,""y"":660,""t"":311},{""x"":738,""y"":670,""t"":374},{""x"":689,""y"":687,""t"":391},{""x"":624,""y"":708,""t"":443},{""x"":708,""y"":694,""t"":540},{""x"":764,""y"":662,""t"":556},{""x"":827,""y"":668,""t"":647},{""x"":897,""y"":702,""t"":710},{""x"":952,""y"":730,""t"":726},{""x"":1008,""y"":749,""t"":825},{""x"":975,""y"":764,""t"":885},{""x"":850,""y"":732,""t"":948},{""x"":743,""y"":703,""t"":967},{""x"":654,""y"":688,""t"":1056},{""x"":564,""y"":663,""t"":1116},{""x"":491,""y"":642,""t"":1130},{""x"":488,""y"":587,""t"":1214},{""x"":511,""y"":563,""t"":1230},{""x"":550,""y"":513,""t"":1342},{""x"":586,""y"":471,""t"":1360},{""x"":699,""y"":453,""t"":1448},{""x"":808,""y"":436,""t"":1466},{""x"":904,""y"":412,""t"":1553},{""x"":976,""y"":390,""t"":1568},{""x"":973,""y"":363,""t"":1656},{""x"":967,""y"":343,""t"":1671},{""x"":778,""y"":337,""t"":1763},{""x"":615,""y"":334,""t"":1780},{""x"":498,""y"":339,""t"":1893},{""x"":389,""y"":337,""t"":1909},{""x"":305,""y"":324,""t"":1993},{""x"":239,""y"":315,""t"":2013},{""x"":206,""y"":332,""t"":2101},{""x"":226,""y"":323,""t"":2117},{""x"":253,""y"":340,""t"":2217},{""x"":264,""y"":316,""t"":2275},{""x"":277,""y"":296,""t"":2290},{""x"":259,""y"":327,""t"":2397},{""x"":295,""y"":312,""t"":2414},{""x"":266,""y"":322,""t"":2501},{""x"":247,""y"":341,""t"":2516},{""x"":276,""y"":343,""t"":2608},{""x"":286,""y"":351,""t"":2624},{""x"":258,""y"":367,""t"":2708},{""x"":278,""y"":359,""t"":2723},{""x"":272,""y"":368,""t"":2810},{""x"":281,""y"":357,""t"":2824},{""x"":265,""y"":375,""t"":2927},{""x"":298,""y"":356,""t"":2988},{""x"":275,""y"":348,""t"":3007},{""x"":306,""y"":365,""t"":3096},{""x"":308,""y"":369,""t"":3164},{""x"":291,""y"":388,""t"":3224},{""x"":276,""y"":404,""t"":3239},{""x"":255,""y"":409,""t"":3323},{""x"":270,""y"":395,""t"":3338},{""x"":455,""y"":459,""t"":3453},{""x"":644,""y"":514,""t"":3469},{""x"":679,""y"":564,""t"":3558},{""x"":691,""y"":595,""t"":3573},{""x"":653,""y"":609,""t"":3660},{""x"":608,""y"":619,""t"":3676},{""x"":544,""y"":638,""t"":3766},{""x"":498,""y"":642,""t"":3782},{""x"":436,""y"":673,""t"":3874},{""x"":422,""y"":693,""t"":3889},{""x"":413,""y"":718,""t"":3963},{""x"":427,""y"":739,""t"":4016},{""x"":393,""y"":712,""t"":4102},{""x"":370,""y"":675,""t"":4148},{""x"":499,""y"":628,""t"":4233},{""x"":610,""y"":588,""t"":4251},{""x"":782,""y"":577,""t"":4341},{""x"":936,""y"":545,""t"":4355},{""x"":1070,""y"":520,""t"":4459},{""x"":1164,""y"":503,""t"":4520},{""x"":1209,""y"":486,""t"":4536},{""x"":1274,""y"":474,""t"":4588},{""x"":1322,""y"":479,""t"":4638},{""x"":1347,""y"":470,""t"":4724},{""x"":1336,""y"":473,""t"":4740},{""x"":1332,""y"":454,""t"":4826},{""x"":1357,""y"":446,""t"":4843},{""x"":1369,""y"":436,""t"":4893},{""x"":1354,""y"":439,""t"":4962},{""x"":1337,""y"":443,""t"":5012},{""x"":1289,""y"":458,""t"":5103},{""x"":1236,""y"":481,""t"":5163},{""x"":1185,""y"":506,""t"":5177},{""x"":1148,""y"":523,""t"":5263},{""x"":1120,""y"":535,""t"":5278},{""x"":1117,""y"":554,""t"":5365},{""x"":1136,""y"":570,""t"":5380},{""x"":1038,""y"":598,""t"":5492},{""x"":967,""y"":606,""t"":5508},{""x"":905,""y"":582,""t"":5601},{""x"":856,""y"":561,""t"":5618},{""x"":800,""y"":580,""t"":5705},{""x"":747,""y"":568,""t"":5722},{""x"":763,""y"":540,""t"":5806},{""x"":742,""y"":555,""t"":5827},{""x"":711,""y"":569,""t"":5912},{""x"":636,""y"":621,""t"":5927},{""x"":659,""y"":604,""t"":5992},{""x"":682,""y"":577,""t"":6079}]",1,0.3763403842940381,0.623659615705962,wa_dn,0
105-attributes,0,45,exp_101,0.0,419.46000000461936,0.58,0.38,4.9,6.9,higher_p,higher_m,0,1,attributes,1.0,True,2.842,2.6220000000000003,0.2199999999999997,0.4837536146444008,0.5,0.5,0.4,0.6,1.0,0.0,higher_m,higher_p,True,"{""durations"":[1500,1000,1500,1000],""alternatives"":[""all"",""all"",""all"",""all""],""attributes"":[""m"",""p"",""m"",""p""]}","[{""x"":778,""y"":537,""t"":-16},{""x"":772,""y"":548,""t"":0},{""x"":733,""y"":547,""t"":87},{""x"":727,""y"":569,""t"":115},{""x"":723,""y"":603,""t"":177},{""x"":750,""y"":620,""t"":250},{""x"":652,""y"":597,""t"":360},{""x"":574,""y"":580,""t"":379},{""x"":483,""y"":561,""t"":475},{""x"":601,""y"":616,""t"":491},{""x"":730,""y"":642,""t"":542},{""x"":868,""y"":668,""t"":591},{""x"":979,""y"":707,""t"":644},{""x"":1060,""y"":737,""t"":694},{""x"":1134,""y"":698,""t"":780},{""x"":1203,""y"":665,""t"":796},{""x"":1256,""y"":619,""t"":902},{""x"":1296,""y"":579,""t"":919},{""x"":1289,""y"":518,""t"":1004},{""x"":1303,""y"":485,""t"":1022},{""x"":1293,""y"":453,""t"":1106},{""x"":1287,""y"":429,""t"":1123},{""x"":1252,""y"":416,""t"":1205},{""x"":1235,""y"":414,""t"":1224},{""x"":1166,""y"":434,""t"":1319},{""x"":1097,""y"":466,""t"":1337},{""x"":1047,""y"":497,""t"":1396},{""x"":1009,""y"":522,""t"":1480},{""x"":976,""y"":535,""t"":1496},{""x"":965,""y"":551,""t"":1583},{""x"":974,""y"":557,""t"":1599},{""x"":987,""y"":582,""t"":1684},{""x"":985,""y"":578,""t"":1700},{""x"":981,""y"":587,""t"":1796},{""x"":980,""y"":597,""t"":1811},{""x"":852,""y"":637,""t"":1922},{""x"":754,""y"":672,""t"":1939},{""x"":657,""y"":687,""t"":2022},{""x"":580,""y"":697,""t"":2041},{""x"":476,""y"":715,""t"":2129},{""x"":427,""y"":716,""t"":2148},{""x"":522,""y"":712,""t"":2230},{""x"":539,""y"":739,""t"":2246},{""x"":681,""y"":748,""t"":2327},{""x"":665,""y"":739,""t"":2371},{""x"":710,""y"":752,""t"":2422},{""x"":696,""y"":732,""t"":2508},{""x"":683,""y"":697,""t"":2523},{""x"":662,""y"":642,""t"":2611},{""x"":656,""y"":587,""t"":2628},{""x"":647,""y"":550,""t"":2712},{""x"":639,""y"":521,""t"":2729},{""x"":594,""y"":473,""t"":2819},{""x"":557,""y"":435,""t"":2835},{""x"":621,""y"":377,""t"":2944},{""x"":648,""y"":322,""t"":2963},{""x"":826,""y"":351,""t"":3063},{""x"":973,""y"":364,""t"":3120},{""x"":1093,""y"":376,""t"":3138},{""x"":1178,""y"":385,""t"":3221},{""x"":1258,""y"":399,""t"":3236},{""x"":1119,""y"":381,""t"":3318},{""x"":992,""y"":352,""t"":3333},{""x"":853,""y"":316,""t"":3452},{""x"":734,""y"":287,""t"":3469},{""x"":629,""y"":288,""t"":3561},{""x"":566,""y"":266,""t"":3576},{""x"":663,""y"":307,""t"":3659},{""x"":751,""y"":344,""t"":3674},{""x"":851,""y"":366,""t"":3758},{""x"":924,""y"":381,""t"":3775},{""x"":844,""y"":388,""t"":3863},{""x"":794,""y"":397,""t"":3878},{""x"":720,""y"":431,""t"":3982},{""x"":633,""y"":439,""t"":4050},{""x"":589,""y"":464,""t"":4109},{""x"":527,""y"":481,""t"":4125},{""x"":480,""y"":500,""t"":4211},{""x"":465,""y"":512,""t"":4225},{""x"":409,""y"":536,""t"":4308},{""x"":365,""y"":555,""t"":4323},{""x"":362,""y"":571,""t"":4409},{""x"":541,""y"":594,""t"":4432},{""x"":663,""y"":611,""t"":4501},{""x"":791,""y"":593,""t"":4588},{""x"":888,""y"":590,""t"":4606},{""x"":1005,""y"":587,""t"":4659},{""x"":1077,""y"":590,""t"":4746},{""x"":1150,""y"":591,""t"":4764},{""x"":1003,""y"":604,""t"":4851},{""x"":930,""y"":653,""t"":4867},{""x"":824,""y"":686,""t"":4953},{""x"":726,""y"":684,""t"":4976},{""x"":599,""y"":669,""t"":5033},{""x"":508,""y"":680,""t"":5120},{""x"":418,""y"":678,""t"":5138},{""x"":391,""y"":597,""t"":5225},{""x"":341,""y"":532,""t"":5245},{""x"":315,""y"":467,""t"":5331},{""x"":295,""y"":414,""t"":5346},{""x"":306,""y"":379,""t"":5430},{""x"":316,""y"":354,""t"":5447},{""x"":306,""y"":347,""t"":5557},{""x"":305,""y"":341,""t"":5577},{""x"":308,""y"":327,""t"":5663},{""x"":326,""y"":314,""t"":5679},{""x"":314,""y"":327,""t"":5768},{""x"":316,""y"":331,""t"":5783},{""x"":354,""y"":424,""t"":5868},{""x"":350,""y"":447,""t"":5884},{""x"":530,""y"":559,""t"":5965},{""x"":668,""y"":631,""t"":6006}]",1,0.6863358293488901,0.31366417065110985,wa_dn,0
105-attributes,0,47,catch_3,1.0,686.9500000029802,0.19,0.38,5.8,6.799999999999999,dominated,dominant,1,1,attributes,1.0,True,1.102,2.584,-1.4819999999999998,-1.2680520281742598,0.5,0.5,0.5,0.5,,1.0,,dominant,True,"{""durations"":[1250,1250,1250,1250],""attributes"":[""p"",""m"",""p"",""m""],""alternatives"":[""all"",""all"",""all"",""all""]}","[{""x"":797,""y"":601,""t"":-49},{""x"":833,""y"":603,""t"":0},{""x"":816,""y"":586,""t"":125},{""x"":805,""y"":580,""t"":171},{""x"":800,""y"":590,""t"":264},{""x"":794,""y"":595,""t"":280},{""x"":782,""y"":591,""t"":376},{""x"":696,""y"":601,""t"":436},{""x"":623,""y"":609,""t"":451},{""x"":552,""y"":666,""t"":538},{""x"":492,""y"":719,""t"":555},{""x"":617,""y"":758,""t"":664},{""x"":754,""y"":756,""t"":682},{""x"":873,""y"":781,""t"":772},{""x"":972,""y"":800,""t"":787},{""x"":1022,""y"":827,""t"":874},{""x"":1079,""y"":833,""t"":891},{""x"":1145,""y"":828,""t"":976},{""x"":1197,""y"":822,""t"":992},{""x"":1136,""y"":735,""t"":1077},{""x"":1069,""y"":657,""t"":1098},{""x"":1010,""y"":577,""t"":1197},{""x"":940,""y"":514,""t"":1258},{""x"":824,""y"":452,""t"":1316},{""x"":727,""y"":402,""t"":1332},{""x"":645,""y"":362,""t"":1423},{""x"":556,""y"":340,""t"":1438},{""x"":472,""y"":341,""t"":1524},{""x"":407,""y"":346,""t"":1540},{""x"":544,""y"":366,""t"":1629},{""x"":680,""y"":385,""t"":1644},{""x"":826,""y"":419,""t"":1753},{""x"":940,""y"":444,""t"":1771},{""x"":935,""y"":434,""t"":1857},{""x"":937,""y"":419,""t"":1872},{""x"":836,""y"":404,""t"":1958},{""x"":747,""y"":391,""t"":1974},{""x"":644,""y"":399,""t"":2064},{""x"":586,""y"":377,""t"":2080},{""x"":544,""y"":369,""t"":2167},{""x"":562,""y"":339,""t"":2181},{""x"":587,""y"":357,""t"":2253},{""x"":723,""y"":373,""t"":2342},{""x"":862,""y"":397,""t"":2359},{""x"":961,""y"":435,""t"":2444},{""x"":1042,""y"":468,""t"":2460},{""x"":1119,""y"":485,""t"":2552},{""x"":1142,""y"":524,""t"":2610},{""x"":1166,""y"":548,""t"":2631},{""x"":1184,""y"":566,""t"":2742},{""x"":1179,""y"":572,""t"":2758},{""x"":1166,""y"":569,""t"":2845},{""x"":1148,""y"":583,""t"":2861},{""x"":1014,""y"":613,""t"":2951},{""x"":900,""y"":625,""t"":2967},{""x"":786,""y"":634,""t"":3058},{""x"":709,""y"":634,""t"":3074},{""x"":626,""y"":648,""t"":3166},{""x"":560,""y"":692,""t"":3244},{""x"":488,""y"":736,""t"":3264},{""x"":601,""y"":750,""t"":3350},{""x"":702,""y"":747,""t"":3367},{""x"":782,""y"":758,""t"":3453},{""x"":839,""y"":760,""t"":3470},{""x"":921,""y"":770,""t"":3553},{""x"":989,""y"":776,""t"":3570},{""x"":1093,""y"":768,""t"":3655},{""x"":1178,""y"":759,""t"":3673},{""x"":1242,""y"":745,""t"":3778},{""x"":1278,""y"":726,""t"":3838},{""x"":1270,""y"":718,""t"":3854},{""x"":1280,""y"":716,""t"":3940},{""x"":1283,""y"":715,""t"":3956},{""x"":1307,""y"":711,""t"":4042},{""x"":1323,""y"":708,""t"":4056},{""x"":1312,""y"":673,""t"":4141},{""x"":1299,""y"":643,""t"":4183},{""x"":1281,""y"":600,""t"":4291},{""x"":1108,""y"":544,""t"":4352},{""x"":904,""y"":459,""t"":4425},{""x"":751,""y"":425,""t"":4483},{""x"":630,""y"":373,""t"":4498},{""x"":538,""y"":339,""t"":4582},{""x"":452,""y"":308,""t"":4599},{""x"":424,""y"":305,""t"":4690},{""x"":411,""y"":304,""t"":4704},{""x"":562,""y"":332,""t"":4798},{""x"":708,""y"":358,""t"":4829},{""x"":851,""y"":370,""t"":4913},{""x"":943,""y"":381,""t"":4930},{""x"":1058,""y"":387,""t"":5012},{""x"":1151,""y"":387,""t"":5033},{""x"":1120,""y"":410,""t"":5116},{""x"":1089,""y"":429,""t"":5134},{""x"":1011,""y"":452,""t"":5224},{""x"":942,""y"":470,""t"":5239},{""x"":866,""y"":487,""t"":5350},{""x"":801,""y"":501,""t"":5374},{""x"":759,""y"":516,""t"":5465},{""x"":693,""y"":520,""t"":5482},{""x"":756,""y"":560,""t"":5567},{""x"":804,""y"":605,""t"":5584},{""x"":789,""y"":663,""t"":5668},{""x"":796,""y"":716,""t"":5688},{""x"":729,""y"":746,""t"":5772},{""x"":695,""y"":712,""t"":5790},{""x"":663,""y"":712,""t"":5873},{""x"":612,""y"":682,""t"":5926},{""x"":582,""y"":654,""t"":6011},{""x"":584,""y"":615,""t"":6026},{""x"":572,""y"":605,""t"":6112},{""x"":556,""y"":582,""t"":6126},{""x"":544,""y"":561,""t"":6214},{""x"":536,""y"":543,""t"":6231}]",1,0.004227736093865463,0.9957722639061346,wa_dn,0
105-attributes,0,50,exp_25,1.0,696.5349999954924,0.3,0.17,2.0,3.0,higher_p,higher_m,0,1,attributes,1.0,True,0.6,0.51,0.0899999999999999,0.3499494233597794,0.5,0.5,0.6,0.4,0.0,1.0,higher_p,higher_m,False,"{""durations"":[1500,1000,1500,1000],""alternatives"":[""all"",""all"",""all"",""all""],""attributes"":[""p"",""m"",""p"",""m""]}","[{""x"":704,""y"":573,""t"":-69},{""x"":717,""y"":570,""t"":0},{""x"":715,""y"":577,""t"":96},{""x"":725,""y"":592,""t"":122},{""x"":736,""y"":592,""t"":197},{""x"":682,""y"":600,""t"":256},{""x"":659,""y"":593,""t"":307},{""x"":571,""y"":578,""t"":408},{""x"":564,""y"":608,""t"":469},{""x"":545,""y"":599,""t"":486},{""x"":714,""y"":599,""t"":590},{""x"":819,""y"":596,""t"":612},{""x"":909,""y"":600,""t"":701},{""x"":1049,""y"":599,""t"":718},{""x"":988,""y"":633,""t"":805},{""x"":931,""y"":662,""t"":826},{""x"":840,""y"":678,""t"":916},{""x"":772,""y"":679,""t"":931},{""x"":645,""y"":655,""t"":1016},{""x"":566,""y"":658,""t"":1031},{""x"":507,""y"":669,""t"":1111},{""x"":484,""y"":650,""t"":1162},{""x"":471,""y"":588,""t"":1251},{""x"":464,""y"":536,""t"":1266},{""x"":451,""y"":501,""t"":1355},{""x"":431,""y"":469,""t"":1370},{""x"":440,""y"":449,""t"":1460},{""x"":450,""y"":434,""t"":1475},{""x"":448,""y"":435,""t"":1558},{""x"":423,""y"":415,""t"":1574},{""x"":410,""y"":393,""t"":1648},{""x"":393,""y"":378,""t"":1710},{""x"":384,""y"":382,""t"":1808},{""x"":470,""y"":368,""t"":1871},{""x"":637,""y"":396,""t"":1930},{""x"":767,""y"":423,""t"":1945},{""x"":958,""y"":437,""t"":2027},{""x"":1103,""y"":443,""t"":2042},{""x"":1175,""y"":454,""t"":2139},{""x"":1232,""y"":463,""t"":2157},{""x"":1271,""y"":498,""t"":2248},{""x"":1299,""y"":537,""t"":2310},{""x"":1290,""y"":574,""t"":2326},{""x"":1284,""y"":631,""t"":2409},{""x"":1284,""y"":672,""t"":2424},{""x"":1327,""y"":695,""t"":2506},{""x"":1316,""y"":721,""t"":2521},{""x"":1312,""y"":695,""t"":2606},{""x"":1303,""y"":691,""t"":2647},{""x"":1309,""y"":675,""t"":2701},{""x"":1299,""y"":651,""t"":2752},{""x"":1298,""y"":632,""t"":2803},{""x"":1270,""y"":621,""t"":2854},{""x"":1265,""y"":624,""t"":2905},{""x"":1287,""y"":638,""t"":2955},{""x"":1272,""y"":635,""t"":3009},{""x"":1095,""y"":660,""t"":3057},{""x"":960,""y"":664,""t"":3107},{""x"":789,""y"":627,""t"":3212},{""x"":649,""y"":594,""t"":3230},{""x"":540,""y"":565,""t"":3330},{""x"":488,""y"":554,""t"":3345},{""x"":422,""y"":543,""t"":3428},{""x"":410,""y"":545,""t"":3442},{""x"":356,""y"":549,""t"":3527},{""x"":315,""y"":548,""t"":3543},{""x"":262,""y"":562,""t"":3625},{""x"":224,""y"":574,""t"":3643},{""x"":184,""y"":539,""t"":3750},{""x"":168,""y"":510,""t"":3776},{""x"":153,""y"":490,""t"":3863},{""x"":146,""y"":474,""t"":3908},{""x"":149,""y"":454,""t"":3924},{""x"":155,""y"":447,""t"":4044},{""x"":154,""y"":435,""t"":4059},{""x"":157,""y"":430,""t"":4142},{""x"":153,""y"":431,""t"":4173},{""x"":151,""y"":434,""t"":4230},{""x"":151,""y"":419,""t"":4315},{""x"":153,""y"":413,""t"":4330},{""x"":155,""y"":407,""t"":4423},{""x"":349,""y"":403,""t"":4482},{""x"":539,""y"":413,""t"":4497},{""x"":766,""y"":429,""t"":4580},{""x"":963,""y"":440,""t"":4594},{""x"":1141,""y"":448,""t"":4696},{""x"":1244,""y"":457,""t"":4757},{""x"":1349,""y"":488,""t"":4775},{""x"":1404,""y"":502,""t"":4840},{""x"":1401,""y"":565,""t"":4926},{""x"":1386,""y"":634,""t"":4941},{""x"":1344,""y"":729,""t"":5027},{""x"":1286,""y"":798,""t"":5043},{""x"":1259,""y"":786,""t"":5125},{""x"":1265,""y"":786,""t"":5141},{""x"":1270,""y"":745,""t"":5255},{""x"":1273,""y"":708,""t"":5272},{""x"":1261,""y"":682,""t"":5361},{""x"":1258,""y"":663,""t"":5376},{""x"":1245,""y"":645,""t"":5463},{""x"":1228,""y"":625,""t"":5479},{""x"":1126,""y"":609,""t"":5564},{""x"":1062,""y"":588,""t"":5579},{""x"":959,""y"":571,""t"":5664},{""x"":914,""y"":541,""t"":5681},{""x"":852,""y"":541,""t"":5781},{""x"":821,""y"":565,""t"":5843},{""x"":800,""y"":586,""t"":5862},{""x"":806,""y"":584,""t"":5951},{""x"":814,""y"":571,""t"":6009},{""x"":823,""y"":560,""t"":6025},{""x"":884,""y"":567,""t"":6107},{""x"":908,""y"":585,""t"":6122},{""x"":905,""y"":596,""t"":6223},{""x"":901,""y"":587,""t"":6289},{""x"":900,""y"":584,""t"":6304},{""x"":919,""y"":579,""t"":6388},{""x"":966,""y"":578,""t"":6403}]",1,0.7925079220723941,0.20749207792760588,wa_dn,0
105-attributes,0,51,exp_117,0.0,373.955000017304,0.49,0.22,4.2,7.9,higher_p,higher_m,0,1,attributes,1.0,True,2.058,1.738,0.3199999999999998,0.5866799156325714,0.5,0.5,0.4,0.6,1.0,0.0,higher_m,higher_p,True,"{""durations"":[1500,1000,1500,1000],""alternatives"":[""all"",""all"",""all"",""all""],""attributes"":[""m"",""p"",""m"",""p""]}","[{""x"":840,""y"":596,""t"":-55},{""x"":816,""y"":583,""t"":0},{""x"":794,""y"":580,""t"":69},{""x"":762,""y"":583,""t"":188},{""x"":768,""y"":588,""t"":221},{""x"":765,""y"":588,""t"":275},{""x"":648,""y"":568,""t"":363},{""x"":555,""y"":555,""t"":378},{""x"":509,""y"":541,""t"":471},{""x"":475,""y"":529,""t"":487},{""x"":653,""y"":516,""t"":573},{""x"":802,""y"":511,""t"":593},{""x"":935,""y"":495,""t"":678},{""x"":1039,""y"":496,""t"":694},{""x"":1168,""y"":492,""t"":806},{""x"":1254,""y"":490,""t"":822},{""x"":1150,""y"":452,""t"":910},{""x"":1042,""y"":432,""t"":925},{""x"":892,""y"":396,""t"":1015},{""x"":751,""y"":381,""t"":1031},{""x"":629,""y"":359,""t"":1117},{""x"":529,""y"":342,""t"":1132},{""x"":557,""y"":361,""t"":1220},{""x"":636,""y"":368,""t"":1249},{""x"":667,""y"":389,""t"":1305},{""x"":810,""y"":420,""t"":1391},{""x"":905,""y"":460,""t"":1407},{""x"":945,""y"":481,""t"":1493},{""x"":977,""y"":498,""t"":1509},{""x"":1019,""y"":511,""t"":1598},{""x"":1048,""y"":520,""t"":1613},{""x"":1060,""y"":515,""t"":1695},{""x"":1066,""y"":515,""t"":1715},{""x"":1131,""y"":535,""t"":1828},{""x"":1195,""y"":545,""t"":1845},{""x"":1146,""y"":550,""t"":1935},{""x"":1074,""y"":578,""t"":1950},{""x"":907,""y"":601,""t"":2041},{""x"":775,""y"":588,""t"":2101},{""x"":606,""y"":591,""t"":2116},{""x"":529,""y"":632,""t"":2205},{""x"":465,""y"":662,""t"":2220},{""x"":514,""y"":689,""t"":2330},{""x"":566,""y"":693,""t"":2347},{""x"":546,""y"":678,""t"":2432},{""x"":506,""y"":648,""t"":2449},{""x"":528,""y"":597,""t"":2533},{""x"":536,""y"":550,""t"":2550},{""x"":534,""y"":518,""t"":2641},{""x"":523,""y"":498,""t"":2657},{""x"":514,""y"":452,""t"":2741},{""x"":536,""y"":437,""t"":2756},{""x"":523,""y"":410,""t"":2830},{""x"":734,""y"":415,""t"":2915},{""x"":914,""y"":422,""t"":2932},{""x"":1063,""y"":418,""t"":3019},{""x"":1182,""y"":425,""t"":3034},{""x"":1120,""y"":402,""t"":3119},{""x"":1059,""y"":384,""t"":3135},{""x"":941,""y"":337,""t"":3217},{""x"":825,""y"":335,""t"":3232},{""x"":721,""y"":308,""t"":3337},{""x"":562,""y"":316,""t"":3402},{""x"":468,""y"":340,""t"":3459},{""x"":383,""y"":367,""t"":3481},{""x"":310,""y"":372,""t"":3564},{""x"":227,""y"":373,""t"":3580},{""x"":250,""y"":362,""t"":3662},{""x"":216,""y"":376,""t"":3678},{""x"":185,""y"":379,""t"":3761},{""x"":170,""y"":393,""t"":3776},{""x"":169,""y"":406,""t"":3888},{""x"":165,""y"":421,""t"":3911},{""x"":173,""y"":429,""t"":4003},{""x"":223,""y"":416,""t"":4018},{""x"":233,""y"":431,""t"":4105},{""x"":243,""y"":444,""t"":4124},{""x"":232,""y"":453,""t"":4210},{""x"":223,""y"":459,""t"":4224},{""x"":229,""y"":465,""t"":4328},{""x"":288,""y"":445,""t"":4354},{""x"":290,""y"":427,""t"":4443},{""x"":270,""y"":420,""t"":4459},{""x"":297,""y"":413,""t"":4548},{""x"":319,""y"":408,""t"":4563},{""x"":341,""y"":400,""t"":4649},{""x"":343,""y"":400,""t"":4664},{""x"":342,""y"":400,""t"":4747},{""x"":343,""y"":404,""t"":4765},{""x"":326,""y"":410,""t"":4871},{""x"":335,""y"":411,""t"":4930},{""x"":372,""y"":407,""t"":4945},{""x"":354,""y"":419,""t"":5000},{""x"":341,""y"":420,""t"":5086},{""x"":329,""y"":421,""t"":5101},{""x"":326,""y"":420,""t"":5190},{""x"":323,""y"":419,""t"":5205},{""x"":306,""y"":423,""t"":5288},{""x"":333,""y"":405,""t"":5305},{""x"":341,""y"":402,""t"":5419},{""x"":348,""y"":399,""t"":5442},{""x"":439,""y"":407,""t"":5529},{""x"":504,""y"":407,""t"":5545},{""x"":551,""y"":429,""t"":5637},{""x"":605,""y"":432,""t"":5653},{""x"":651,""y"":447,""t"":5737},{""x"":695,""y"":458,""t"":5752},{""x"":739,""y"":524,""t"":5843},{""x"":791,""y"":551,""t"":5869},{""x"":850,""y"":572,""t"":5924}]",0,0.8134392980372493,0.1865607019627507,wa_dn,0
105-attributes,0,52,catch_1,0.0,88.91999998013489,0.29,0.41,4.2,5.9,dominated,dominant,1,1,attributes,1.0,True,1.218,2.419,-1.201,-0.9788291223975012,0.5,0.5,0.5,0.5,,1.0,,dominant,False,"{""durations"":[1250,1250,1250,1250],""attributes"":[""p"",""m"",""p"",""m""],""alternatives"":[""all"",""all"",""all"",""all""]}","[{""x"":796,""y"":579,""t"":-54},{""x"":802,""y"":590,""t"":0},{""x"":792,""y"":603,""t"":94},{""x"":827,""y"":580,""t"":114},{""x"":819,""y"":594,""t"":182},{""x"":779,""y"":597,""t"":255},{""x"":670,""y"":593,""t"":309},{""x"":547,""y"":584,""t"":390},{""x"":597,""y"":565,""t"":461},{""x"":631,""y"":577,""t"":519},{""x"":769,""y"":572,""t"":619},{""x"":874,""y"":574,""t"":680},{""x"":978,""y"":568,""t"":740},{""x"":1078,""y"":551,""t"":754},{""x"":1009,""y"":602,""t"":838},{""x"":945,""y"":646,""t"":852},{""x"":807,""y"":688,""t"":963},{""x"":695,""y"":728,""t"":987},{""x"":588,""y"":753,""t"":1073},{""x"":502,""y"":777,""t"":1089},{""x"":461,""y"":740,""t"":1197},{""x"":440,""y"":669,""t"":1257},{""x"":434,""y"":600,""t"":1271},{""x"":439,""y"":545,""t"":1324},{""x"":418,""y"":500,""t"":1373},{""x"":405,""y"":468,""t"":1479},{""x"":420,""y"":420,""t"":1500},{""x"":414,""y"":390,""t"":1590},{""x"":396,""y"":383,""t"":1605},{""x"":491,""y"":421,""t"":1691},{""x"":588,""y"":445,""t"":1706},{""x"":759,""y"":516,""t"":1792},{""x"":911,""y"":585,""t"":1808},{""x"":1018,""y"":621,""t"":1900},{""x"":1085,""y"":662,""t"":1915},{""x"":1129,""y"":698,""t"":2023},{""x"":1153,""y"":734,""t"":2041},{""x"":1226,""y"":717,""t"":2125},{""x"":1242,""y"":691,""t"":2143},{""x"":1270,""y"":658,""t"":2233},{""x"":1279,""y"":637,""t"":2249},{""x"":1277,""y"":610,""t"":2331},{""x"":1271,""y"":587,""t"":2348},{""x"":1286,""y"":581,""t"":2430},{""x"":1294,""y"":577,""t"":2449},{""x"":1258,""y"":572,""t"":2556},{""x"":1231,""y"":555,""t"":2616},{""x"":1204,""y"":553,""t"":2634},{""x"":1191,""y"":553,""t"":2683},{""x"":1179,""y"":564,""t"":2733},{""x"":1172,""y"":564,""t"":2820},{""x"":1161,""y"":578,""t"":2836},{""x"":1103,""y"":599,""t"":2924},{""x"":1052,""y"":610,""t"":2939},{""x"":917,""y"":633,""t"":3041},{""x"":804,""y"":652,""t"":3061},{""x"":673,""y"":648,""t"":3147},{""x"":581,""y"":660,""t"":3163},{""x"":520,""y"":673,""t"":3247},{""x"":476,""y"":683,""t"":3264},{""x"":443,""y"":716,""t"":3354},{""x"":438,""y"":730,""t"":3370},{""x"":617,""y"":706,""t"":3452},{""x"":764,""y"":694,""t"":3469},{""x"":803,""y"":695,""t"":3586},{""x"":861,""y"":710,""t"":3604},{""x"":857,""y"":685,""t"":3689},{""x"":848,""y"":652,""t"":3707},{""x"":851,""y"":618,""t"":3794},{""x"":867,""y"":591,""t"":3810},{""x"":873,""y"":565,""t"":3896},{""x"":881,""y"":547,""t"":3912},{""x"":932,""y"":506,""t"":4019},{""x"":974,""y"":473,""t"":4047},{""x"":1032,""y"":476,""t"":4134},{""x"":1048,""y"":454,""t"":4153},{""x"":1101,""y"":452,""t"":4238},{""x"":1147,""y"":447,""t"":4257},{""x"":986,""y"":427,""t"":4344},{""x"":846,""y"":411,""t"":4358},{""x"":719,""y"":381,""t"":4442},{""x"":618,""y"":350,""t"":4456},{""x"":551,""y"":333,""t"":4551},{""x"":516,""y"":311,""t"":4568},{""x"":486,""y"":298,""t"":4658},{""x"":523,""y"":282,""t"":4720},{""x"":553,""y"":295,""t"":4735},{""x"":719,""y"":350,""t"":4823},{""x"":877,""y"":389,""t"":4839},{""x"":995,""y"":420,""t"":4923},{""x"":1093,""y"":446,""t"":4939},{""x"":1197,""y"":470,""t"":5041},{""x"":1229,""y"":485,""t"":5066},{""x"":1285,""y"":499,""t"":5157},{""x"":1321,""y"":511,""t"":5173},{""x"":1356,""y"":533,""t"":5261},{""x"":1380,""y"":551,""t"":5277},{""x"":1392,""y"":564,""t"":5363},{""x"":1396,""y"":573,""t"":5378},{""x"":1279,""y"":556,""t"":5463},{""x"":1184,""y"":522,""t"":5478},{""x"":1114,""y"":509,""t"":5576},{""x"":1074,""y"":477,""t"":5592},{""x"":1008,""y"":473,""t"":5641},{""x"":942,""y"":470,""t"":5693}]",1,0.01287107696902194,0.9871289230309781,wa_dn,0
105-attributes,0,54,exp_73,0.0,106.6700000083074,0.8,0.2,4.0,6.799999999999999,higher_p,higher_m,0,1,attributes,1.0,True,3.2,1.36,1.8400000000000003,2.151159690652763,0.5,0.5,0.6,0.4,0.0,1.0,higher_p,higher_m,True,"{""durations"":[1500,1000,1500,1000],""alternatives"":[""all"",""all"",""all"",""all""],""attributes"":[""p"",""m"",""p"",""m""]}","[{""x"":647,""y"":629,""t"":0},{""x"":662,""y"":615,""t"":65},{""x"":667,""y"":605,""t"":98},{""x"":658,""y"":616,""t"":150},{""x"":694,""y"":607,""t"":204},{""x"":676,""y"":606,""t"":295},{""x"":662,""y"":605,""t"":311},{""x"":599,""y"":599,""t"":411},{""x"":595,""y"":614,""t"":472},{""x"":509,""y"":616,""t"":488},{""x"":426,""y"":631,""t"":581},{""x"":374,""y"":647,""t"":640},{""x"":334,""y"":661,""t"":656},{""x"":263,""y"":652,""t"":750},{""x"":325,""y"":681,""t"":806},{""x"":374,""y"":696,""t"":823},{""x"":486,""y"":715,""t"":932},{""x"":604,""y"":679,""t"":954},{""x"":575,""y"":648,""t"":1037},{""x"":576,""y"":643,""t"":1054},{""x"":533,""y"":615,""t"":1140},{""x"":515,""y"":597,""t"":1157},{""x"":477,""y"":575,""t"":1241},{""x"":434,""y"":568,""t"":1260},{""x"":410,""y"":556,""t"":1346},{""x"":391,""y"":547,""t"":1361},{""x"":362,""y"":551,""t"":1477},{""x"":347,""y"":546,""t"":1497},{""x"":332,""y"":545,""t"":1586},{""x"":322,""y"":545,""t"":1602},{""x"":339,""y"":547,""t"":1687},{""x"":364,""y"":536,""t"":1703},{""x"":385,""y"":514,""t"":1788},{""x"":405,""y"":496,""t"":1805},{""x"":381,""y"":449,""t"":1886},{""x"":377,""y"":428,""t"":1905},{""x"":564,""y"":445,""t"":2008},{""x"":730,""y"":448,""t"":2066},{""x"":908,""y"":447,""t"":2083},{""x"":1034,""y"":463,""t"":2168},{""x"":1106,""y"":473,""t"":2185},{""x"":1135,""y"":546,""t"":2273},{""x"":1193,""y"":617,""t"":2288},{""x"":1268,""y"":669,""t"":2371},{""x"":1315,""y"":722,""t"":2386},{""x"":1344,""y"":703,""t"":2496},{""x"":1376,""y"":686,""t"":2517},{""x"":1393,""y"":646,""t"":2606},{""x"":1402,""y"":610,""t"":2622},{""x"":1373,""y"":609,""t"":2715},{""x"":1295,""y"":604,""t"":2732},{""x"":1252,""y"":600,""t"":2821},{""x"":1224,""y"":583,""t"":2836},{""x"":1211,""y"":588,""t"":2919},{""x"":1221,""y"":601,""t"":2934},{""x"":1176,""y"":602,""t"":3034},{""x"":1146,""y"":601,""t"":3061},{""x"":954,""y"":621,""t"":3147},{""x"":766,""y"":636,""t"":3163},{""x"":649,""y"":637,""t"":3260},{""x"":539,""y"":651,""t"":3275},{""x"":441,""y"":662,""t"":3360},{""x"":340,""y"":666,""t"":3375},{""x"":289,""y"":683,""t"":3464},{""x"":378,""y"":695,""t"":3487},{""x"":474,""y"":711,""t"":3549},{""x"":553,""y"":715,""t"":3638},{""x"":545,""y"":703,""t"":3654},{""x"":554,""y"":649,""t"":3706},{""x"":590,""y"":586,""t"":3755},{""x"":599,""y"":509,""t"":3806},{""x"":623,""y"":448,""t"":3858},{""x"":597,""y"":426,""t"":3909},{""x"":604,""y"":371,""t"":3957},{""x"":581,""y"":353,""t"":4067},{""x"":543,""y"":346,""t"":4083},{""x"":530,""y"":344,""t"":4170},{""x"":536,""y"":342,""t"":4187},{""x"":523,""y"":346,""t"":4274},{""x"":512,""y"":350,""t"":4289},{""x"":490,""y"":337,""t"":4384},{""x"":510,""y"":335,""t"":4400},{""x"":529,""y"":330,""t"":4502},{""x"":562,""y"":311,""t"":4543},{""x"":555,""y"":332,""t"":4604},{""x"":556,""y"":356,""t"":4689},{""x"":544,""y"":357,""t"":4706},{""x"":520,""y"":360,""t"":4800},{""x"":520,""y"":383,""t"":4858},{""x"":520,""y"":404,""t"":4874},{""x"":519,""y"":400,""t"":4957},{""x"":527,""y"":381,""t"":4972},{""x"":518,""y"":379,""t"":5069},{""x"":496,""y"":380,""t"":5130},{""x"":478,""y"":382,""t"":5146},{""x"":496,""y"":395,""t"":5233},{""x"":510,""y"":394,""t"":5249},{""x"":499,""y"":393,""t"":5339},{""x"":525,""y"":386,""t"":5398},{""x"":528,""y"":387,""t"":5415},{""x"":530,""y"":382,""t"":5497},{""x"":530,""y"":377,""t"":5512},{""x"":569,""y"":389,""t"":5624},{""x"":618,""y"":416,""t"":5645},{""x"":639,""y"":442,""t"":5730},{""x"":672,""y"":466,""t"":5747},{""x"":699,""y"":484,""t"":5832}]",0,0.9933285617887744,0.00667143821122558,wa_dn,0
105-attributes,0,55,exp_3,0.0,1147.644999990007,0.79,0.49,5.300000000000001,8.3,higher_p,higher_m,0,1,attributes,1.0,True,4.187000000000001,4.067,0.120000000000001,0.3808273136562316,0.5,0.5,0.6,0.4,0.0,0.0,higher_p,higher_p,True,"{""durations"":[1000,1500,1000,1500],""alternatives"":[""all"",""all"",""all"",""all""],""attributes"":[""m"",""p"",""m"",""p""]}","[{""x"":780,""y"":708,""t"":-49},{""x"":756,""y"":709,""t"":0},{""x"":762,""y"":690,""t"":93},{""x"":753,""y"":675,""t"":118},{""x"":767,""y"":665,""t"":264},{""x"":779,""y"":657,""t"":279},{""x"":681,""y"":627,""t"":367},{""x"":593,""y"":596,""t"":382},{""x"":547,""y"":556,""t"":473},{""x"":521,""y"":529,""t"":489},{""x"":658,""y"":492,""t"":574},{""x"":784,""y"":471,""t"":590},{""x"":925,""y"":466,""t"":697},{""x"":1043,""y"":465,""t"":715},{""x"":1136,""y"":458,""t"":802},{""x"":1210,""y"":454,""t"":817},{""x"":1263,""y"":440,""t"":920},{""x"":1307,""y"":432,""t"":980},{""x"":1352,""y"":428,""t"":1024},{""x"":1334,""y"":449,""t"":1123},{""x"":1316,""y"":461,""t"":1205},{""x"":1249,""y"":468,""t"":1225},{""x"":1223,""y"":492,""t"":1310},{""x"":1243,""y"":514,""t"":1330},{""x"":1230,""y"":531,""t"":1421},{""x"":1218,""y"":551,""t"":1436},{""x"":1035,""y"":542,""t"":1520},{""x"":839,""y"":550,""t"":1535},{""x"":699,""y"":559,""t"":1620},{""x"":572,""y"":574,""t"":1636},{""x"":463,""y"":594,""t"":1730},{""x"":478,""y"":664,""t"":1749},{""x"":472,""y"":706,""t"":1807},{""x"":471,""y"":723,""t"":1897},{""x"":497,""y"":719,""t"":1912},{""x"":436,""y"":772,""t"":2001},{""x"":389,""y"":811,""t"":2017},{""x"":388,""y"":785,""t"":2103},{""x"":400,""y"":754,""t"":2119},{""x"":628,""y"":712,""t"":2206},{""x"":790,""y"":665,""t"":2229},{""x"":948,""y"":633,""t"":2288},{""x"":1118,""y"":584,""t"":2374},{""x"":1256,""y"":543,""t"":2391},{""x"":1328,""y"":517,""t"":2476},{""x"":1353,""y"":493,""t"":2495},{""x"":1392,""y"":480,""t"":2581},{""x"":1417,""y"":471,""t"":2597},{""x"":1410,""y"":451,""t"":2685},{""x"":1416,""y"":449,""t"":2704},{""x"":1448,""y"":448,""t"":2768},{""x"":1440,""y"":441,""t"":2822},{""x"":1334,""y"":415,""t"":2918},{""x"":1241,""y"":395,""t"":2934},{""x"":968,""y"":370,""t"":3019},{""x"":736,""y"":350,""t"":3033},{""x"":528,""y"":326,""t"":3118},{""x"":358,""y"":308,""t"":3133},{""x"":248,""y"":305,""t"":3217},{""x"":136,""y"":292,""t"":3232},{""x"":55,""y"":309,""t"":3361},{""x"":-1,""y"":326,""t"":3376},{""x"":-13,""y"":346,""t"":3466},{""x"":0,""y"":361,""t"":3482},{""x"":30,""y"":364,""t"":3564},{""x"":46,""y"":372,""t"":3580},{""x"":60,""y"":377,""t"":3663},{""x"":77,""y"":381,""t"":3680},{""x"":139,""y"":408,""t"":3764},{""x"":229,""y"":421,""t"":3786},{""x"":282,""y"":454,""t"":3846},{""x"":322,""y"":501,""t"":3934},{""x"":386,""y"":513,""t"":3951},{""x"":423,""y"":530,""t"":4037},{""x"":469,""y"":551,""t"":4053},{""x"":439,""y"":567,""t"":4139},{""x"":413,""y"":571,""t"":4155},{""x"":423,""y"":581,""t"":4239},{""x"":422,""y"":598,""t"":4253},{""x"":572,""y"":673,""t"":4373},{""x"":715,""y"":703,""t"":4388},{""x"":752,""y"":721,""t"":4473},{""x"":767,""y"":729,""t"":4488},{""x"":693,""y"":764,""t"":4575},{""x"":618,""y"":804,""t"":4590},{""x"":572,""y"":741,""t"":4679},{""x"":535,""y"":708,""t"":4695},{""x"":520,""y"":622,""t"":4797},{""x"":471,""y"":527,""t"":4862},{""x"":481,""y"":447,""t"":4877},{""x"":467,""y"":390,""t"":4928},{""x"":451,""y"":355,""t"":4978},{""x"":437,""y"":310,""t"":5031},{""x"":413,""y"":289,""t"":5082},{""x"":364,""y"":285,""t"":5136},{""x"":330,""y"":282,""t"":5226},{""x"":304,""y"":283,""t"":5241},{""x"":287,""y"":285,""t"":5352},{""x"":303,""y"":282,""t"":5373},{""x"":388,""y"":305,""t"":5459},{""x"":451,""y"":323,""t"":5475},{""x"":526,""y"":351,""t"":5560},{""x"":585,""y"":372,""t"":5577},{""x"":606,""y"":405,""t"":5662},{""x"":639,""y"":422,""t"":5679},{""x"":703,""y"":444,""t"":5762},{""x"":745,""y"":466,""t"":5781},{""x"":757,""y"":480,""t"":5886},{""x"":797,""y"":487,""t"":5946},{""x"":819,""y"":490,""t"":5961},{""x"":830,""y"":490,""t"":6048},{""x"":835,""y"":489,""t"":6063},{""x"":827,""y"":513,""t"":6151},{""x"":822,""y"":517,""t"":6167},{""x"":787,""y"":512,""t"":6252},{""x"":770,""y"":511,""t"":6268},{""x"":788,""y"":529,""t"":6375},{""x"":773,""y"":529,""t"":6393},{""x"":763,""y"":527,""t"":6488},{""x"":751,""y"":528,""t"":6505},{""x"":739,""y"":530,""t"":6595},{""x"":726,""y"":568,""t"":6611},{""x"":719,""y"":585,""t"":6663},{""x"":718,""y"":567,""t"":6713},{""x"":732,""y"":562,""t"":6768}]",0,0.6275685302233779,0.3724314697766221,wa_dn,0
105-attributes,0,57,exp_9,1.0,277.7500000083819,0.7,0.29,1.7999999999999998,5.0,higher_p,higher_m,0,1,attributes,1.0,True,1.2599999999999998,1.45,-0.1900000000000001,0.0617557805929019,0.5,0.5,0.6,0.4,0.0,1.0,higher_p,higher_m,False,"{""durations"":[1500,1000,1500,1000],""alternatives"":[""all"",""all"",""all"",""all""],""attributes"":[""p"",""m"",""p"",""m""]}","[{""x"":782,""y"":591,""t"":-16},{""x"":794,""y"":588,""t"":0},{""x"":781,""y"":574,""t"":105},{""x"":772,""y"":568,""t"":167},{""x"":801,""y"":568,""t"":195},{""x"":790,""y"":562,""t"":256},{""x"":766,""y"":565,""t"":325},{""x"":747,""y"":567,""t"":375},{""x"":669,""y"":557,""t"":462},{""x"":617,""y"":572,""t"":478},{""x"":750,""y"":578,""t"":588},{""x"":865,""y"":602,""t"":614},{""x"":988,""y"":615,""t"":704},{""x"":1085,""y"":628,""t"":720},{""x"":1047,""y"":645,""t"":805},{""x"":1009,""y"":659,""t"":822},{""x"":906,""y"":657,""t"":907},{""x"":832,""y"":656,""t"":923},{""x"":771,""y"":662,""t"":1012},{""x"":719,""y"":666,""t"":1026},{""x"":784,""y"":610,""t"":1133},{""x"":842,""y"":561,""t"":1156},{""x"":873,""y"":524,""t"":1241},{""x"":913,""y"":502,""t"":1260},{""x"":929,""y"":491,""t"":1345},{""x"":959,""y"":471,""t"":1362},{""x"":965,""y"":464,""t"":1449},{""x"":968,""y"":460,""t"":1464},{""x"":1011,""y"":451,""t"":1552},{""x"":1047,""y"":444,""t"":1568},{""x"":1069,""y"":451,""t"":1674},{""x"":1117,""y"":458,""t"":1734},{""x"":1156,""y"":466,""t"":1749},{""x"":1160,""y"":456,""t"":1833},{""x"":1129,""y"":427,""t"":1849},{""x"":1114,""y"":418,""t"":1935},{""x"":1099,""y"":412,""t"":1950},{""x"":921,""y"":413,""t"":2042},{""x"":725,""y"":418,""t"":2120},{""x"":567,""y"":415,""t"":2143},{""x"":581,""y"":520,""t"":2240},{""x"":636,""y"":606,""t"":2256},{""x"":602,""y"":657,""t"":2341},{""x"":577,""y"":691,""t"":2358},{""x"":565,""y"":678,""t"":2443},{""x"":580,""y"":646,""t"":2458},{""x"":583,""y"":622,""t"":2545},{""x"":590,""y"":593,""t"":2560},{""x"":598,""y"":556,""t"":2678},{""x"":608,""y"":524,""t"":2695},{""x"":589,""y"":524,""t"":2780},{""x"":577,""y"":532,""t"":2797},{""x"":570,""y"":547,""t"":2886},{""x"":562,""y"":537,""t"":2901},{""x"":522,""y"":544,""t"":2984},{""x"":475,""y"":551,""t"":2999},{""x"":606,""y"":568,""t"":3085},{""x"":709,""y"":587,""t"":3100},{""x"":847,""y"":603,""t"":3203},{""x"":933,""y"":609,""t"":3263},{""x"":1021,""y"":612,""t"":3278},{""x"":1105,""y"":602,""t"":3368},{""x"":1139,""y"":637,""t"":3429},{""x"":1157,""y"":682,""t"":3445},{""x"":1177,""y"":686,""t"":3534},{""x"":1176,""y"":709,""t"":3549},{""x"":1061,""y"":717,""t"":3635},{""x"":981,""y"":660,""t"":3661},{""x"":959,""y"":611,""t"":3716},{""x"":928,""y"":556,""t"":3801},{""x"":904,""y"":508,""t"":3816},{""x"":957,""y"":474,""t"":3901},{""x"":976,""y"":462,""t"":3917},{""x"":1032,""y"":464,""t"":4007},{""x"":1071,""y"":449,""t"":4022},{""x"":1107,""y"":441,""t"":4111},{""x"":1135,""y"":430,""t"":4126},{""x"":1127,""y"":418,""t"":4226},{""x"":1140,""y"":412,""t"":4252},{""x"":1142,""y"":409,""t"":4336},{""x"":1139,""y"":402,""t"":4353},{""x"":1118,""y"":404,""t"":4443},{""x"":1074,""y"":397,""t"":4458},{""x"":919,""y"":391,""t"":4541},{""x"":774,""y"":386,""t"":4557},{""x"":654,""y"":391,""t"":4641},{""x"":515,""y"":403,""t"":4660},{""x"":584,""y"":404,""t"":4760},{""x"":699,""y"":436,""t"":4820},{""x"":802,""y"":463,""t"":4836},{""x"":890,""y"":478,""t"":4922},{""x"":965,""y"":491,""t"":4938},{""x"":906,""y"":490,""t"":5022},{""x"":847,""y"":469,""t"":5039},{""x"":720,""y"":463,""t"":5134},{""x"":612,""y"":457,""t"":5149},{""x"":549,""y"":454,""t"":5250},{""x"":496,""y"":423,""t"":5272},{""x"":444,""y"":416,""t"":5357},{""x"":427,""y"":395,""t"":5373},{""x"":382,""y"":396,""t"":5467},{""x"":372,""y"":378,""t"":5482},{""x"":408,""y"":389,""t"":5577},{""x"":472,""y"":412,""t"":5636},{""x"":529,""y"":432,""t"":5650},{""x"":596,""y"":443,""t"":5753},{""x"":673,""y"":459,""t"":5814},{""x"":741,""y"":458,""t"":5876},{""x"":780,""y"":475,""t"":5891},{""x"":776,""y"":466,""t"":5978},{""x"":786,""y"":468,""t"":5994}]",1,0.4879474268012444,0.5120525731987555,wa_dn,0
105-attributes,0,58,exp_45,1.0,278.1900000118185,0.81,0.48,1.6999999999999995,7.9,higher_p,higher_m,0,1,attributes,1.0,True,1.3769999999999998,3.792,-2.415,-2.2283544163938904,0.5,0.5,0.4,0.6,1.0,0.0,higher_m,higher_p,False,"{""durations"":[1500,1000,1500,1000],""alternatives"":[""all"",""all"",""all"",""all""],""attributes"":[""m"",""p"",""m"",""p""]}","[{""x"":809,""y"":641,""t"":-16},{""x"":882,""y"":664,""t"":0},{""x"":865,""y"":687,""t"":98},{""x"":870,""y"":685,""t"":137},{""x"":870,""y"":693,""t"":217},{""x"":736,""y"":644,""t"":272},{""x"":632,""y"":612,""t"":354},{""x"":608,""y"":580,""t"":443},{""x"":732,""y"":572,""t"":504},{""x"":849,""y"":564,""t"":522},{""x"":956,""y"":515,""t"":609},{""x"":1041,""y"":495,""t"":624},{""x"":1133,""y"":493,""t"":728},{""x"":1231,""y"":484,""t"":748},{""x"":1293,""y"":482,""t"":834},{""x"":1322,""y"":486,""t"":851},{""x"":1331,""y"":479,""t"":944},{""x"":1340,""y"":476,""t"":959},{""x"":1169,""y"":458,""t"":1047},{""x"":1018,""y"":426,""t"":1064},{""x"":790,""y"":429,""t"":1160},{""x"":632,""y"":398,""t"":1237},{""x"":515,""y"":382,""t"":1259},{""x"":437,""y"":353,""t"":1343},{""x"":378,""y"":330,""t"":1361},{""x"":449,""y"":365,""t"":1447},{""x"":515,""y"":402,""t"":1463},{""x"":559,""y"":428,""t"":1548},{""x"":613,""y"":448,""t"":1564},{""x"":715,""y"":464,""t"":1648},{""x"":814,""y"":487,""t"":1667},{""x"":893,""y"":506,""t"":1770},{""x"":945,""y"":507,""t"":1825},{""x"":1016,""y"":505,""t"":1845},{""x"":970,""y"":525,""t"":1932},{""x"":927,""y"":542,""t"":1946},{""x"":837,""y"":555,""t"":2038},{""x"":726,""y"":561,""t"":2056},{""x"":658,""y"":562,""t"":2109},{""x"":686,""y"":583,""t"":2197},{""x"":712,""y"":600,""t"":2213},{""x"":728,""y"":613,""t"":2314},{""x"":756,""y"":613,""t"":2373},{""x"":759,""y"":619,""t"":2391},{""x"":753,""y"":618,""t"":2480},{""x"":747,""y"":617,""t"":2496},{""x"":682,""y"":597,""t"":2583},{""x"":602,""y"":582,""t"":2599},{""x"":596,""y"":652,""t"":2652},{""x"":608,""y"":726,""t"":2710},{""x"":738,""y"":756,""t"":2762},{""x"":846,""y"":769,""t"":2828},{""x"":969,""y"":726,""t"":2926},{""x"":1077,""y"":677,""t"":2984},{""x"":1161,""y"":627,""t"":2999},{""x"":1114,""y"":551,""t"":3083},{""x"":1067,""y"":486,""t"":3098},{""x"":909,""y"":427,""t"":3183},{""x"":771,""y"":380,""t"":3197},{""x"":596,""y"":356,""t"":3305},{""x"":504,""y"":345,""t"":3366},{""x"":411,""y"":336,""t"":3381},{""x"":317,""y"":331,""t"":3468},{""x"":231,""y"":342,""t"":3483},{""x"":234,""y"":360,""t"":3535},{""x"":306,""y"":386,""t"":3586},{""x"":427,""y"":402,""t"":3637},{""x"":532,""y"":412,""t"":3687},{""x"":623,""y"":422,""t"":3740},{""x"":734,""y"":429,""t"":3852},{""x"":827,""y"":435,""t"":3877},{""x"":889,""y"":466,""t"":3969},{""x"":921,""y"":492,""t"":3984},{""x"":829,""y"":475,""t"":4071},{""x"":732,""y"":481,""t"":4086},{""x"":667,""y"":495,""t"":4180},{""x"":613,""y"":483,""t"":4195},{""x"":549,""y"":482,""t"":4279},{""x"":508,""y"":480,""t"":4302},{""x"":487,""y"":476,""t"":4362},{""x"":429,""y"":500,""t"":4447},{""x"":371,""y"":523,""t"":4462},{""x"":535,""y"":530,""t"":4548},{""x"":681,""y"":538,""t"":4563},{""x"":820,""y"":536,""t"":4650},{""x"":971,""y"":529,""t"":4665},{""x"":1068,""y"":541,""t"":4754},{""x"":1174,""y"":550,""t"":4770},{""x"":1262,""y"":549,""t"":4882},{""x"":1329,""y"":547,""t"":4897},{""x"":1331,""y"":554,""t"":4983},{""x"":1343,""y"":550,""t"":4998},{""x"":1341,""y"":546,""t"":5084},{""x"":1333,""y"":543,""t"":5102},{""x"":1317,""y"":544,""t"":5189},{""x"":1303,""y"":538,""t"":5205},{""x"":1292,""y"":542,""t"":5292},{""x"":1294,""y"":542,""t"":5307},{""x"":1260,""y"":537,""t"":5380},{""x"":1211,""y"":549,""t"":5468},{""x"":1172,""y"":557,""t"":5484},{""x"":1075,""y"":560,""t"":5569},{""x"":1022,""y"":526,""t"":5585},{""x"":954,""y"":517,""t"":5670},{""x"":930,""y"":496,""t"":5685},{""x"":873,""y"":488,""t"":5774},{""x"":821,""y"":487,""t"":5789},{""x"":775,""y"":524,""t"":5888},{""x"":790,""y"":593,""t"":5956}]",1,0.013466299221018276,0.9865337007789817,wa_dn,0
105-attributes,0,59,exp_19,1.0,387.9350000061095,0.28,0.17,4.3,8.3,higher_p,higher_m,0,1,attributes,1.0,True,1.204,1.4110000000000005,-0.2070000000000003,0.0442583094249128,0.5,0.5,0.6,0.4,0.0,0.0,higher_p,higher_p,False,"{""durations"":[1000,1500,1000,1500],""alternatives"":[""all"",""all"",""all"",""all""],""attributes"":[""m"",""p"",""m"",""p""]}","[{""x"":795,""y"":600,""t"":-16},{""x"":795,""y"":603,""t"":0},{""x"":791,""y"":606,""t"":110},{""x"":802,""y"":612,""t"":146},{""x"":783,""y"":616,""t"":234},{""x"":789,""y"":611,""t"":253},{""x"":761,""y"":596,""t"":305},{""x"":671,""y"":547,""t"":356},{""x"":645,""y"":483,""t"":437},{""x"":624,""y"":431,""t"":490},{""x"":759,""y"":421,""t"":576},{""x"":876,""y"":416,""t"":591},{""x"":986,""y"":408,""t"":676},{""x"":1080,""y"":414,""t"":691},{""x"":1065,""y"":404,""t"":784},{""x"":987,""y"":380,""t"":843},{""x"":917,""y"":361,""t"":857},{""x"":826,""y"":354,""t"":960},{""x"":744,""y"":348,""t"":1019},{""x"":672,""y"":357,""t"":1036},{""x"":590,""y"":344,""t"":1086},{""x"":509,""y"":348,""t"":1136},{""x"":479,""y"":345,""t"":1222},{""x"":462,""y"":355,""t"":1238},{""x"":517,""y"":392,""t"":1289},{""x"":575,""y"":400,""t"":1338},{""x"":698,""y"":434,""t"":1440},{""x"":784,""y"":456,""t"":1464},{""x"":895,""y"":474,""t"":1549},{""x"":971,""y"":478,""t"":1564},{""x"":1050,""y"":504,""t"":1650},{""x"":1114,""y"":516,""t"":1667},{""x"":972,""y"":539,""t"":1753},{""x"":855,""y"":548,""t"":1771},{""x"":731,""y"":561,""t"":1855},{""x"":660,""y"":555,""t"":1871},{""x"":551,""y"":555,""t"":1980},{""x"":503,""y"":561,""t"":2039},{""x"":430,""y"":572,""t"":2055},{""x"":422,""y"":656,""t"":2105},{""x"":444,""y"":733,""t"":2155},{""x"":590,""y"":778,""t"":2242},{""x"":730,""y"":813,""t"":2257},{""x"":875,""y"":813,""t"":2340},{""x"":989,""y"":825,""t"":2355},{""x"":1078,""y"":778,""t"":2462},{""x"":1149,""y"":735,""t"":2484},{""x"":1207,""y"":706,""t"":2577},{""x"":1257,""y"":671,""t"":2592},{""x"":1321,""y"":619,""t"":2679},{""x"":1349,""y"":580,""t"":2694},{""x"":1371,""y"":543,""t"":2780},{""x"":1379,""y"":513,""t"":2796},{""x"":1370,""y"":473,""t"":2885},{""x"":1342,""y"":440,""t"":2901},{""x"":1072,""y"":387,""t"":3005},{""x"":856,""y"":346,""t"":3027},{""x"":660,""y"":313,""t"":3113},{""x"":499,""y"":289,""t"":3128},{""x"":608,""y"":317,""t"":3215},{""x"":697,""y"":335,""t"":3231},{""x"":821,""y"":347,""t"":3317},{""x"":942,""y"":362,""t"":3333},{""x"":1065,""y"":378,""t"":3418},{""x"":1169,""y"":392,""t"":3435},{""x"":1239,""y"":409,""t"":3539},{""x"":1275,""y"":404,""t"":3601},{""x"":1344,""y"":417,""t"":3617},{""x"":1376,""y"":434,""t"":3675},{""x"":1414,""y"":432,""t"":3767},{""x"":1471,""y"":456,""t"":3782},{""x"":1446,""y"":480,""t"":3865},{""x"":1389,""y"":485,""t"":3915},{""x"":1170,""y"":499,""t"":4034},{""x"":974,""y"":513,""t"":4051},{""x"":851,""y"":541,""t"":4135},{""x"":716,""y"":548,""t"":4151},{""x"":730,""y"":577,""t"":4236},{""x"":750,""y"":584,""t"":4252},{""x"":871,""y"":578,""t"":4337},{""x"":926,""y"":568,""t"":4352},{""x"":1036,""y"":560,""t"":4445},{""x"":1071,""y"":553,""t"":4460},{""x"":1162,""y"":538,""t"":4576},{""x"":1188,""y"":540,""t"":4591},{""x"":1234,""y"":533,""t"":4679},{""x"":1297,""y"":525,""t"":4694},{""x"":1362,""y"":512,""t"":4779},{""x"":1414,""y"":502,""t"":4795},{""x"":1457,""y"":505,""t"":4881},{""x"":1486,""y"":503,""t"":4897},{""x"":1534,""y"":495,""t"":4996},{""x"":1544,""y"":494,""t"":5014},{""x"":1535,""y"":495,""t"":5086},{""x"":1516,""y"":500,""t"":5137},{""x"":1511,""y"":506,""t"":5227},{""x"":1513,""y"":509,""t"":5243},{""x"":1473,""y"":514,""t"":5332},{""x"":1456,""y"":514,""t"":5348},{""x"":1372,""y"":538,""t"":5433},{""x"":1329,""y"":553,""t"":5448},{""x"":1189,""y"":564,""t"":5531},{""x"":1050,""y"":554,""t"":5563},{""x"":964,""y"":564,""t"":5617},{""x"":880,""y"":569,""t"":5706},{""x"":814,""y"":572,""t"":5721},{""x"":740,""y"":557,""t"":5809},{""x"":702,""y"":563,""t"":5826},{""x"":658,""y"":617,""t"":5914},{""x"":648,""y"":647,""t"":5930},{""x"":719,""y"":671,""t"":6015},{""x"":796,""y"":687,""t"":6030}]",0,0.3763403842940381,0.623659615705962,wa_dn,0
105-attributes,0,60,exp_113,1.0,444.9850000091829,0.49,0.22,4.2,7.9,higher_p,higher_m,0,1,attributes,1.0,True,2.058,1.738,0.3199999999999998,0.5866799156325714,0.5,0.5,0.6,0.4,0.0,1.0,higher_p,higher_m,False,"{""durations"":[1500,1000,1500,1000],""alternatives"":[""all"",""all"",""all"",""all""],""attributes"":[""p"",""m"",""p"",""m""]}","[{""x"":809,""y"":627,""t"":-54},{""x"":805,""y"":620,""t"":0},{""x"":794,""y"":629,""t"":104},{""x"":784,""y"":637,""t"":136},{""x"":772,""y"":627,""t"":232},{""x"":767,""y"":615,""t"":247},{""x"":690,""y"":601,""t"":338},{""x"":577,""y"":592,""t"":355},{""x"":633,""y"":617,""t"":456},{""x"":646,""y"":648,""t"":477},{""x"":802,""y"":653,""t"":564},{""x"":907,""y"":652,""t"":580},{""x"":973,""y"":636,""t"":667},{""x"":1041,""y"":612,""t"":682},{""x"":1119,""y"":603,""t"":767},{""x"":1182,""y"":596,""t"":782},{""x"":1240,""y"":602,""t"":874},{""x"":1267,""y"":590,""t"":888},{""x"":1274,""y"":585,""t"":989},{""x"":1282,""y"":589,""t"":1057},{""x"":1292,""y"":600,""t"":1118},{""x"":1284,""y"":604,""t"":1135},{""x"":1264,""y"":608,""t"":1219},{""x"":1264,""y"":623,""t"":1239},{""x"":1241,""y"":634,""t"":1289},{""x"":1221,""y"":642,""t"":1338},{""x"":1238,""y"":661,""t"":1426},{""x"":1248,""y"":670,""t"":1445},{""x"":1254,""y"":655,""t"":1516},{""x"":1258,""y"":641,""t"":1567},{""x"":1081,""y"":679,""t"":1662},{""x"":930,""y"":711,""t"":1677},{""x"":779,""y"":706,""t"":1769},{""x"":670,""y"":717,""t"":1826},{""x"":594,""y"":721,""t"":1841},{""x"":490,""y"":631,""t"":1926},{""x"":394,""y"":554,""t"":1940},{""x"":388,""y"":496,""t"":2041},{""x"":533,""y"":481,""t"":2102},{""x"":673,""y"":468,""t"":2116},{""x"":822,""y"":444,""t"":2211},{""x"":944,""y"":441,""t"":2270},{""x"":1075,""y"":448,""t"":2286},{""x"":1178,""y"":425,""t"":2373},{""x"":1255,""y"":410,""t"":2388},{""x"":1159,""y"":419,""t"":2497},{""x"":1072,""y"":429,""t"":2517},{""x"":973,""y"":450,""t"":2604},{""x"":859,""y"":471,""t"":2620},{""x"":765,""y"":502,""t"":2709},{""x"":686,""y"":529,""t"":2725},{""x"":609,""y"":529,""t"":2820},{""x"":548,""y"":528,""t"":2835},{""x"":474,""y"":528,""t"":2917},{""x"":420,""y"":538,""t"":2933},{""x"":578,""y"":551,""t"":3052},{""x"":718,""y"":547,""t"":3069},{""x"":852,""y"":534,""t"":3154},{""x"":976,""y"":532,""t"":3171},{""x"":1078,""y"":527,""t"":3266},{""x"":1168,""y"":513,""t"":3327},{""x"":1225,""y"":507,""t"":3343},{""x"":1206,""y"":586,""t"":3428},{""x"":1197,""y"":668,""t"":3444},{""x"":1236,""y"":697,""t"":3549},{""x"":1245,""y"":724,""t"":3571},{""x"":1312,""y"":706,""t"":3657},{""x"":1342,""y"":711,""t"":3672},{""x"":1355,""y"":647,""t"":3770},{""x"":1362,""y"":592,""t"":3786},{""x"":1382,""y"":566,""t"":3868},{""x"":1393,""y"":539,""t"":3883},{""x"":1422,""y"":516,""t"":3967},{""x"":1395,""y"":470,""t"":3982},{""x"":1424,""y"":459,""t"":4093},{""x"":1389,""y"":433,""t"":4116},{""x"":1387,""y"":449,""t"":4203},{""x"":1385,""y"":465,""t"":4219},{""x"":1376,""y"":480,""t"":4305},{""x"":1367,""y"":493,""t"":4320},{""x"":1377,""y"":508,""t"":4404},{""x"":1385,""y"":522,""t"":4423},{""x"":1234,""y"":460,""t"":4507},{""x"":1103,""y"":440,""t"":4523},{""x"":885,""y"":424,""t"":4627},{""x"":705,""y"":405,""t"":4688},{""x"":539,""y"":401,""t"":4703},{""x"":440,""y"":385,""t"":4793},{""x"":391,""y"":390,""t"":4809},{""x"":570,""y"":390,""t"":4893},{""x"":703,""y"":394,""t"":4908},{""x"":828,""y"":396,""t"":4990},{""x"":947,""y"":400,""t"":5006},{""x"":833,""y"":395,""t"":5114},{""x"":725,""y"":380,""t"":5134},{""x"":618,""y"":345,""t"":5220},{""x"":528,""y"":315,""t"":5237},{""x"":474,""y"":308,""t"":5323},{""x"":402,""y"":315,""t"":5341},{""x"":378,""y"":294,""t"":5431},{""x"":342,""y"":277,""t"":5447},{""x"":417,""y"":314,""t"":5533},{""x"":489,""y"":356,""t"":5547},{""x"":559,""y"":390,""t"":5649},{""x"":609,""y"":416,""t"":5709},{""x"":664,""y"":443,""t"":5725},{""x"":686,""y"":461,""t"":5810},{""x"":699,""y"":476,""t"":5827},{""x"":728,""y"":474,""t"":5913},{""x"":761,""y"":489,""t"":5928},{""x"":787,""y"":593,""t"":6015},{""x"":759,""y"":658,""t"":6032},{""x"":813,""y"":696,""t"":6136}]",0,0.8134392980372493,0.1865607019627507,wa_dn,0
105-attributes,0,61,exp_37,1.0,275.29999997932464,0.79,0.7,2.0,3.2,higher_p,higher_m,0,1,attributes,1.0,True,1.58,2.24,-0.6599999999999997,-0.4219978340514987,0.5,0.5,0.4,0.6,1.0,0.0,higher_m,higher_p,False,"{""durations"":[1500,1000,1500,1000],""alternatives"":[""all"",""all"",""all"",""all""],""attributes"":[""m"",""p"",""m"",""p""]}","[{""x"":796,""y"":606,""t"":-60},{""x"":786,""y"":602,""t"":0},{""x"":758,""y"":595,""t"":96},{""x"":747,""y"":594,""t"":123},{""x"":743,""y"":589,""t"":184},{""x"":658,""y"":543,""t"":256},{""x"":566,""y"":504,""t"":311},{""x"":501,""y"":474,""t"":412},{""x"":560,""y"":422,""t"":504},{""x"":550,""y"":392,""t"":522},{""x"":694,""y"":415,""t"":618},{""x"":857,""y"":423,""t"":678},{""x"":995,""y"":431,""t"":693},{""x"":1016,""y"":428,""t"":778},{""x"":1002,""y"":408,""t"":793},{""x"":894,""y"":386,""t"":897},{""x"":799,""y"":369,""t"":918},{""x"":701,""y"":351,""t"":1010},{""x"":647,""y"":341,""t"":1025},{""x"":773,""y"":370,""t"":1124},{""x"":874,""y"":400,""t"":1189},{""x"":970,""y"":431,""t"":1203},{""x"":1029,""y"":450,""t"":1296},{""x"":1059,""y"":450,""t"":1353},{""x"":1096,""y"":459,""t"":1370},{""x"":997,""y"":448,""t"":1469},{""x"":878,""y"":426,""t"":1530},{""x"":797,""y"":413,""t"":1546},{""x"":696,""y"":394,""t"":1601},{""x"":633,""y"":387,""t"":1688},{""x"":599,""y"":388,""t"":1703},{""x"":526,""y"":361,""t"":1786},{""x"":467,""y"":339,""t"":1804},{""x"":501,""y"":443,""t"":1892},{""x"":562,""y"":521,""t"":1907},{""x"":598,""y"":571,""t"":1983},{""x"":630,""y"":631,""t"":2047},{""x"":595,""y"":686,""t"":2134},{""x"":593,""y"":712,""t"":2149},{""x"":732,""y"":720,""t"":2231},{""x"":864,""y"":717,""t"":2247},{""x"":977,""y"":721,""t"":2330},{""x"":1070,""y"":722,""t"":2347},{""x"":1129,""y"":716,""t"":2469},{""x"":1174,""y"":709,""t"":2485},{""x"":1215,""y"":704,""t"":2572},{""x"":1249,""y"":699,""t"":2588},{""x"":1259,""y"":689,""t"":2674},{""x"":1246,""y"":684,""t"":2689},{""x"":1279,""y"":656,""t"":2774},{""x"":1267,""y"":651,""t"":2789},{""x"":1294,""y"":649,""t"":2872},{""x"":1292,""y"":637,""t"":2891},{""x"":1310,""y"":599,""t"":3005},{""x"":1318,""y"":570,""t"":3028},{""x"":1237,""y"":628,""t"":3119},{""x"":1156,""y"":687,""t"":3134},{""x"":1129,""y"":705,""t"":3220},{""x"":1094,""y"":723,""t"":3235},{""x"":909,""y"":655,""t"":3318},{""x"":753,""y"":596,""t"":3333},{""x"":622,""y"":541,""t"":3415},{""x"":525,""y"":493,""t"":3436},{""x"":436,""y"":455,""t"":3533},{""x"":396,""y"":430,""t"":3549},{""x"":484,""y"":412,""t"":3634},{""x"":579,""y"":408,""t"":3649},{""x"":676,""y"":407,""t"":3735},{""x"":792,""y"":408,""t"":3750},{""x"":847,""y"":411,""t"":3836},{""x"":941,""y"":421,""t"":3851},{""x"":1007,""y"":421,""t"":3935},{""x"":1038,""y"":434,""t"":3949},{""x"":1081,""y"":452,""t"":4055},{""x"":1102,""y"":474,""t"":4081},{""x"":1112,""y"":486,""t"":4168},{""x"":1147,""y"":500,""t"":4185},{""x"":1141,""y"":514,""t"":4270},{""x"":1148,""y"":526,""t"":4285},{""x"":1139,""y"":545,""t"":4369},{""x"":1128,""y"":560,""t"":4387},{""x"":1141,""y"":564,""t"":4470},{""x"":1158,""y"":575,""t"":4491},{""x"":1151,""y"":575,""t"":4556},{""x"":1166,""y"":583,""t"":4607},{""x"":1174,""y"":584,""t"":4658},{""x"":1199,""y"":617,""t"":4710},{""x"":1203,""y"":625,""t"":4760},{""x"":1195,""y"":622,""t"":4846},{""x"":1199,""y"":615,""t"":4863},{""x"":1213,""y"":607,""t"":4946},{""x"":1224,""y"":599,""t"":4965},{""x"":1224,""y"":599,""t"":5087},{""x"":1244,""y"":583,""t"":5102},{""x"":1248,""y"":599,""t"":5189},{""x"":1257,""y"":603,""t"":5205},{""x"":1256,""y"":599,""t"":5291},{""x"":1280,""y"":586,""t"":5308},{""x"":1264,""y"":586,""t"":5396},{""x"":1250,""y"":586,""t"":5410},{""x"":1137,""y"":581,""t"":5500},{""x"":1058,""y"":567,""t"":5519},{""x"":992,""y"":562,""t"":5596},{""x"":939,""y"":557,""t"":5647},{""x"":873,""y"":564,""t"":5741},{""x"":838,""y"":566,""t"":5756},{""x"":806,""y"":554,""t"":5842},{""x"":787,""y"":530,""t"":5857}]",1,0.12414711673895225,0.8758528832610477,wa_dn,0
105-attributes,0,62,exp_99,0.0,322.9099999880418,0.58,0.38,4.9,6.9,higher_p,higher_m,0,1,attributes,1.0,True,2.842,2.6220000000000003,0.2199999999999997,0.4837536146444008,0.5,0.5,0.6,0.4,0.0,0.0,higher_p,higher_p,True,"{""durations"":[1000,1500,1000,1500],""alternatives"":[""all"",""all"",""all"",""all""],""attributes"":[""m"",""p"",""m"",""p""]}","[{""x"":796,""y"":571,""t"":-55},{""x"":779,""y"":563,""t"":0},{""x"":765,""y"":575,""t"":112},{""x"":757,""y"":578,""t"":143},{""x"":767,""y"":583,""t"":222},{""x"":776,""y"":588,""t"":278},{""x"":819,""y"":567,""t"":369},{""x"":846,""y"":564,""t"":386},{""x"":946,""y"":546,""t"":474},{""x"":1015,""y"":529,""t"":490},{""x"":986,""y"":501,""t"":606},{""x"":986,""y"":475,""t"":622},{""x"":937,""y"":448,""t"":712},{""x"":896,""y"":403,""t"":727},{""x"":759,""y"":387,""t"":813},{""x"":641,""y"":376,""t"":828},{""x"":531,""y"":361,""t"":915},{""x"":663,""y"":378,""t"":931},{""x"":793,""y"":388,""t"":995},{""x"":949,""y"":387,""t"":1086},{""x"":1060,""y"":357,""t"":1103},{""x"":1174,""y"":370,""t"":1167},{""x"":1272,""y"":385,""t"":1254},{""x"":1329,""y"":392,""t"":1270},{""x"":1310,""y"":437,""t"":1355},{""x"":1302,""y"":438,""t"":1370},{""x"":1260,""y"":456,""t"":1458},{""x"":1221,""y"":471,""t"":1473},{""x"":1058,""y"":487,""t"":1557},{""x"":896,""y"":515,""t"":1572},{""x"":760,""y"":585,""t"":1682},{""x"":598,""y"":639,""t"":1701},{""x"":684,""y"":674,""t"":1793},{""x"":742,""y"":707,""t"":1808},{""x"":711,""y"":757,""t"":1901},{""x"":731,""y"":790,""t"":1916},{""x"":782,""y"":788,""t"":2001},{""x"":827,""y"":782,""t"":2016},{""x"":787,""y"":690,""t"":2098},{""x"":750,""y"":626,""t"":2114},{""x"":725,""y"":559,""t"":2220},{""x"":695,""y"":507,""t"":2278},{""x"":657,""y"":449,""t"":2357},{""x"":655,""y"":407,""t"":2381},{""x"":634,""y"":378,""t"":2465},{""x"":627,""y"":356,""t"":2483},{""x"":610,""y"":327,""t"":2566},{""x"":598,""y"":306,""t"":2585},{""x"":709,""y"":337,""t"":2684},{""x"":805,""y"":366,""t"":2699},{""x"":924,""y"":391,""t"":2784},{""x"":985,""y"":429,""t"":2799},{""x"":1067,""y"":454,""t"":2884},{""x"":1110,""y"":481,""t"":2901},{""x"":1154,""y"":495,""t"":2988},{""x"":1149,""y"":507,""t"":3004},{""x"":1201,""y"":510,""t"":3088},{""x"":1224,""y"":521,""t"":3104},{""x"":1219,""y"":539,""t"":3199},{""x"":1239,""y"":534,""t"":3260},{""x"":1224,""y"":536,""t"":3275},{""x"":1217,""y"":547,""t"":3365},{""x"":1223,""y"":562,""t"":3380},{""x"":1210,""y"":567,""t"":3431},{""x"":1195,""y"":571,""t"":3485},{""x"":1202,""y"":569,""t"":3534},{""x"":1206,""y"":546,""t"":3585},{""x"":1211,""y"":526,""t"":3636},{""x"":1197,""y"":501,""t"":3699},{""x"":1192,""y"":503,""t"":3754},{""x"":1168,""y"":489,""t"":3806},{""x"":1143,""y"":486,""t"":3857},{""x"":1103,""y"":506,""t"":3942},{""x"":1104,""y"":505,""t"":3992},{""x"":923,""y"":546,""t"":4076},{""x"":817,""y"":565,""t"":4091},{""x"":678,""y"":576,""t"":4176},{""x"":550,""y"":587,""t"":4196},{""x"":480,""y"":591,""t"":4266},{""x"":429,""y"":594,""t"":4324},{""x"":526,""y"":652,""t"":4409},{""x"":612,""y"":697,""t"":4425},{""x"":715,""y"":695,""t"":4512},{""x"":778,""y"":705,""t"":4526},{""x"":769,""y"":644,""t"":4615},{""x"":772,""y"":577,""t"":4631},{""x"":743,""y"":546,""t"":4747},{""x"":726,""y"":528,""t"":4763},{""x"":839,""y"":493,""t"":4849},{""x"":909,""y"":462,""t"":4864},{""x"":1007,""y"":444,""t"":4952},{""x"":1088,""y"":430,""t"":4968},{""x"":1150,""y"":428,""t"":5054},{""x"":1203,""y"":429,""t"":5069},{""x"":1237,""y"":428,""t"":5154},{""x"":1262,""y"":428,""t"":5170},{""x"":1303,""y"":438,""t"":5281},{""x"":1339,""y"":448,""t"":5306},{""x"":1365,""y"":460,""t"":5390},{""x"":1382,""y"":471,""t"":5408},{""x"":1286,""y"":477,""t"":5493},{""x"":1196,""y"":488,""t"":5509},{""x"":1131,""y"":470,""t"":5600},{""x"":1058,""y"":463,""t"":5614},{""x"":1012,""y"":448,""t"":5703},{""x"":932,""y"":420,""t"":5718},{""x"":859,""y"":456,""t"":5796},{""x"":816,""y"":525,""t"":5846},{""x"":818,""y"":514,""t"":5903},{""x"":841,""y"":496,""t"":5954}]",0,0.6863358293488901,0.31366417065110985,wa_dn,0
105-attributes,0,64,exp_57,1.0,170.12000002432617,0.41,0.21,1.7999999999999998,6.2,higher_p,higher_m,0,1,attributes,1.0,True,0.7379999999999999,1.302,-0.5640000000000002,-0.3231885851028555,0.5,0.5,0.6,0.4,0.0,1.0,higher_p,higher_m,False,"{""durations"":[1500,1000,1500,1000],""alternatives"":[""all"",""all"",""all"",""all""],""attributes"":[""p"",""m"",""p"",""m""]}","[{""x"":893,""y"":588,""t"":-51},{""x"":901,""y"":584,""t"":0},{""x"":845,""y"":585,""t"":119},{""x"":835,""y"":609,""t"":145},{""x"":777,""y"":618,""t"":210},{""x"":712,""y"":590,""t"":288},{""x"":624,""y"":602,""t"":340},{""x"":598,""y"":601,""t"":452},{""x"":610,""y"":611,""t"":513},{""x"":728,""y"":602,""t"":573},{""x"":784,""y"":598,""t"":594},{""x"":917,""y"":591,""t"":645},{""x"":1017,""y"":595,""t"":699},{""x"":1082,""y"":585,""t"":749},{""x"":1154,""y"":583,""t"":835},{""x"":1226,""y"":576,""t"":882},{""x"":1266,""y"":575,""t"":924},{""x"":1303,""y"":584,""t"":1055},{""x"":1313,""y"":591,""t"":1115},{""x"":1312,""y"":595,""t"":1130},{""x"":1316,""y"":612,""t"":1213},{""x"":1303,""y"":604,""t"":1229},{""x"":1272,""y"":608,""t"":1314},{""x"":1244,""y"":605,""t"":1330},{""x"":1132,""y"":623,""t"":1436},{""x"":1012,""y"":634,""t"":1463},{""x"":873,""y"":623,""t"":1548},{""x"":759,""y"":612,""t"":1565},{""x"":657,""y"":606,""t"":1658},{""x"":586,""y"":603,""t"":1673},{""x"":530,""y"":600,""t"":1765},{""x"":499,""y"":599,""t"":1780},{""x"":462,""y"":565,""t"":1872},{""x"":436,""y"":528,""t"":1946},{""x"":412,""y"":504,""t"":2006},{""x"":543,""y"":486,""t"":2067},{""x"":662,""y"":486,""t"":2084},{""x"":792,""y"":485,""t"":2170},{""x"":944,""y"":469,""t"":2185},{""x"":1065,""y"":500,""t"":2280},{""x"":1152,""y"":565,""t"":2337},{""x"":1186,""y"":634,""t"":2353},{""x"":1174,""y"":659,""t"":2435},{""x"":1066,""y"":616,""t"":2462},{""x"":962,""y"":613,""t"":2518},{""x"":875,""y"":594,""t"":2602},{""x"":795,""y"":566,""t"":2619},{""x"":730,""y"":532,""t"":2706},{""x"":711,""y"":472,""t"":2720},{""x"":625,""y"":465,""t"":2808},{""x"":556,""y"":458,""t"":2823},{""x"":480,""y"":457,""t"":2908},{""x"":420,""y"":458,""t"":2925},{""x"":353,""y"":448,""t"":3047},{""x"":301,""y"":440,""t"":3062},{""x"":301,""y"":426,""t"":3155},{""x"":290,""y"":417,""t"":3171},{""x"":287,""y"":413,""t"":3254},{""x"":281,""y"":404,""t"":3271},{""x"":332,""y"":420,""t"":3354},{""x"":379,""y"":430,""t"":3369},{""x"":386,""y"":447,""t"":3475},{""x"":392,""y"":449,""t"":3534},{""x"":404,""y"":461,""t"":3548},{""x"":407,""y"":460,""t"":3634},{""x"":417,""y"":460,""t"":3649},{""x"":448,""y"":469,""t"":3735},{""x"":474,""y"":478,""t"":3750},{""x"":558,""y"":551,""t"":3836},{""x"":641,""y"":621,""t"":3851},{""x"":730,""y"":690,""t"":3936},{""x"":805,""y"":745,""t"":3975},{""x"":838,""y"":786,""t"":3999},{""x"":882,""y"":820,""t"":4084},{""x"":867,""y"":830,""t"":4169},{""x"":844,""y"":821,""t"":4186},{""x"":824,""y"":736,""t"":4272},{""x"":787,""y"":687,""t"":4287},{""x"":738,""y"":627,""t"":4380},{""x"":715,""y"":568,""t"":4396},{""x"":648,""y"":505,""t"":4492},{""x"":573,""y"":454,""t"":4553},{""x"":511,""y"":414,""t"":4567},{""x"":481,""y"":377,""t"":4653},{""x"":491,""y"":350,""t"":4668},{""x"":472,""y"":329,""t"":4756},{""x"":446,""y"":315,""t"":4771},{""x"":425,""y"":330,""t"":4867},{""x"":416,""y"":318,""t"":4926},{""x"":411,""y"":309,""t"":4940},{""x"":380,""y"":344,""t"":5056},{""x"":380,""y"":361,""t"":5071},{""x"":385,""y"":373,""t"":5160},{""x"":367,""y"":389,""t"":5176},{""x"":334,""y"":403,""t"":5272},{""x"":339,""y"":407,""t"":5331},{""x"":315,""y"":429,""t"":5346},{""x"":312,""y"":417,""t"":5434},{""x"":299,""y"":412,""t"":5449},{""x"":357,""y"":413,""t"":5548},{""x"":442,""y"":416,""t"":5607},{""x"":515,""y"":418,""t"":5623},{""x"":555,""y"":399,""t"":5709},{""x"":613,""y"":381,""t"":5724},{""x"":635,""y"":395,""t"":5808},{""x"":657,""y"":402,""t"":5824}]",1,0.09619632077589137,0.9038036792241086,wa_dn,0
105-attributes,0,65,exp_29,1.0,291.70499998144805,0.3,0.17,2.0,3.0,higher_p,higher_m,0,1,attributes,1.0,True,0.6,0.51,0.0899999999999999,0.3499494233597794,0.5,0.5,0.4,0.6,1.0,0.0,higher_m,higher_p,False,"{""durations"":[1500,1000,1500,1000],""alternatives"":[""all"",""all"",""all"",""all""],""attributes"":[""m"",""p"",""m"",""p""]}","[{""x"":846,""y"":438,""t"":-16},{""x"":853,""y"":447,""t"":0},{""x"":882,""y"":449,""t"":132},{""x"":880,""y"":472,""t"":165},{""x"":922,""y"":462,""t"":219},{""x"":901,""y"":490,""t"":272},{""x"":738,""y"":490,""t"":367},{""x"":625,""y"":484,""t"":383},{""x"":545,""y"":480,""t"":468},{""x"":492,""y"":484,""t"":484},{""x"":609,""y"":595,""t"":569},{""x"":783,""y"":643,""t"":584},{""x"":897,""y"":644,""t"":672},{""x"":1008,""y"":664,""t"":722},{""x"":1101,""y"":642,""t"":812},{""x"":1178,""y"":628,""t"":829},{""x"":1170,""y"":594,""t"":918},{""x"":1097,""y"":565,""t"":934},{""x"":982,""y"":533,""t"":984},{""x"":880,""y"":524,""t"":1034},{""x"":775,""y"":506,""t"":1137},{""x"":687,""y"":491,""t"":1156},{""x"":605,""y"":473,""t"":1249},{""x"":557,""y"":452,""t"":1266},{""x"":615,""y"":447,""t"":1352},{""x"":670,""y"":444,""t"":1367},{""x"":716,""y"":459,""t"":1454},{""x"":766,""y"":445,""t"":1469},{""x"":808,""y"":465,""t"":1554},{""x"":879,""y"":462,""t"":1570},{""x"":905,""y"":474,""t"":1686},{""x"":938,""y"":482,""t"":1701},{""x"":954,""y"":491,""t"":1796},{""x"":965,""y"":498,""t"":1811},{""x"":1057,""y"":516,""t"":1899},{""x"":1114,""y"":540,""t"":1915},{""x"":1152,""y"":559,""t"":2002},{""x"":1158,""y"":563,""t"":2018},{""x"":1038,""y"":574,""t"":2105},{""x"":905,""y"":585,""t"":2120},{""x"":810,""y"":582,""t"":2190},{""x"":686,""y"":553,""t"":2243},{""x"":616,""y"":543,""t"":2292},{""x"":563,""y"":558,""t"":2377},{""x"":485,""y"":548,""t"":2392},{""x"":580,""y"":564,""t"":2484},{""x"":679,""y"":556,""t"":2544},{""x"":764,""y"":538,""t"":2558},{""x"":828,""y"":506,""t"":2641},{""x"":792,""y"":471,""t"":2678},{""x"":743,""y"":445,""t"":2736},{""x"":722,""y"":425,""t"":2789},{""x"":708,""y"":371,""t"":2873},{""x"":639,""y"":352,""t"":2890},{""x"":534,""y"":343,""t"":2976},{""x"":447,""y"":337,""t"":2992},{""x"":563,""y"":349,""t"":3077},{""x"":678,""y"":365,""t"":3095},{""x"":801,""y"":391,""t"":3193},{""x"":906,""y"":414,""t"":3209},{""x"":977,""y"":410,""t"":3303},{""x"":1068,""y"":423,""t"":3362},{""x"":1129,""y"":430,""t"":3377},{""x"":1189,""y"":467,""t"":3462},{""x"":1235,""y"":498,""t"":3477},{""x"":1283,""y"":573,""t"":3563},{""x"":1302,""y"":645,""t"":3580},{""x"":1304,""y"":697,""t"":3668},{""x"":1324,""y"":747,""t"":3683},{""x"":1328,""y"":778,""t"":3751},{""x"":1339,""y"":763,""t"":3840},{""x"":1348,""y"":736,""t"":3856},{""x"":1348,""y"":716,""t"":3942},{""x"":1354,""y"":698,""t"":3957},{""x"":1345,""y"":687,""t"":4043},{""x"":1348,""y"":672,""t"":4058},{""x"":1335,""y"":654,""t"":4146},{""x"":1313,""y"":643,""t"":4163},{""x"":1288,""y"":631,""t"":4243},{""x"":1279,""y"":635,""t"":4297},{""x"":1288,""y"":609,""t"":4384},{""x"":1268,""y"":622,""t"":4400},{""x"":1241,""y"":625,""t"":4481},{""x"":1226,""y"":627,""t"":4535},{""x"":1242,""y"":640,""t"":4620},{""x"":1263,""y"":644,""t"":4635},{""x"":1086,""y"":626,""t"":4743},{""x"":933,""y"":621,""t"":4762},{""x"":774,""y"":624,""t"":4848},{""x"":644,""y"":627,""t"":4863},{""x"":555,""y"":634,""t"":4956},{""x"":500,""y"":637,""t"":4972},{""x"":430,""y"":636,""t"":5055},{""x"":371,""y"":628,""t"":5072},{""x"":507,""y"":600,""t"":5172},{""x"":647,""y"":592,""t"":5251},{""x"":785,""y"":584,""t"":5272},{""x"":907,""y"":581,""t"":5370},{""x"":1016,""y"":576,""t"":5386},{""x"":991,""y"":579,""t"":5479},{""x"":991,""y"":553,""t"":5541},{""x"":972,""y"":560,""t"":5555},{""x"":1007,""y"":537,""t"":5636},{""x"":1034,""y"":519,""t"":5653},{""x"":1000,""y"":534,""t"":5755},{""x"":1005,""y"":505,""t"":5819},{""x"":1024,""y"":494,""t"":5877},{""x"":1014,""y"":490,""t"":5892}]",0,0.7925079220723941,0.20749207792760588,wa_dn,0
105-attributes,0,69,exp_89,0.0,107.25000000093132,0.5,0.38,3.0,4.0,higher_p,higher_m,0,1,attributes,1.0,True,1.5,1.52,-0.02,0.2367304922727919,0.5,0.5,0.6,0.4,0.0,1.0,higher_p,higher_m,True,"{""durations"":[1500,1000,1500,1000],""alternatives"":[""all"",""all"",""all"",""all""],""attributes"":[""p"",""m"",""p"",""m""]}","[{""x"":911,""y"":619,""t"":-50},{""x"":911,""y"":600,""t"":0},{""x"":872,""y"":581,""t"":104},{""x"":829,""y"":590,""t"":146},{""x"":805,""y"":593,""t"":208},{""x"":780,""y"":588,""t"":297},{""x"":739,""y"":595,""t"":313},{""x"":653,""y"":597,""t"":399},{""x"":586,""y"":609,""t"":418},{""x"":552,""y"":622,""t"":492},{""x"":694,""y"":627,""t"":544},{""x"":789,""y"":621,""t"":595},{""x"":871,""y"":616,""t"":648},{""x"":951,""y"":614,""t"":735},{""x"":1017,""y"":612,""t"":750},{""x"":1076,""y"":590,""t"":839},{""x"":1138,""y"":599,""t"":855},{""x"":1025,""y"":612,""t"":961},{""x"":922,""y"":630,""t"":987},{""x"":814,""y"":637,""t"":1073},{""x"":703,""y"":646,""t"":1095},{""x"":704,""y"":619,""t"":1181},{""x"":717,""y"":598,""t"":1196},{""x"":778,""y"":538,""t"":1283},{""x"":831,""y"":474,""t"":1304},{""x"":872,""y"":443,""t"":1389},{""x"":898,""y"":406,""t"":1404},{""x"":922,""y"":408,""t"":1510},{""x"":980,""y"":431,""t"":1531},{""x"":1040,""y"":429,""t"":1620},{""x"":1088,""y"":430,""t"":1637},{""x"":1119,""y"":446,""t"":1722},{""x"":1125,""y"":443,""t"":1740},{""x"":1134,""y"":435,""t"":1827},{""x"":1138,""y"":430,""t"":1842},{""x"":969,""y"":409,""t"":1928},{""x"":808,""y"":409,""t"":1945},{""x"":611,""y"":400,""t"":2057},{""x"":494,""y"":395,""t"":2075},{""x"":513,""y"":389,""t"":2164},{""x"":563,""y"":376,""t"":2178},{""x"":652,""y"":370,""t"":2265},{""x"":723,""y"":370,""t"":2280},{""x"":788,""y"":374,""t"":2371},{""x"":849,""y"":392,""t"":2386},{""x"":921,""y"":489,""t"":2483},{""x"":978,""y"":549,""t"":2562},{""x"":1022,""y"":625,""t"":2584},{""x"":1030,""y"":619,""t"":2674},{""x"":1010,""y"":623,""t"":2689},{""x"":889,""y"":619,""t"":2776},{""x"":775,""y"":614,""t"":2792},{""x"":682,""y"":630,""t"":2878},{""x"":598,""y"":641,""t"":2893},{""x"":506,""y"":640,""t"":2978},{""x"":462,""y"":647,""t"":2993},{""x"":560,""y"":653,""t"":3097},{""x"":682,""y"":625,""t"":3158},{""x"":785,""y"":595,""t"":3173},{""x"":882,""y"":601,""t"":3257},{""x"":962,""y"":606,""t"":3272},{""x"":995,""y"":586,""t"":3363},{""x"":1035,""y"":556,""t"":3378},{""x"":1065,""y"":531,""t"":3435},{""x"":1077,""y"":505,""t"":3520},{""x"":1116,""y"":486,""t"":3545},{""x"":1176,""y"":468,""t"":3612},{""x"":1191,""y"":449,""t"":3701},{""x"":1214,""y"":437,""t"":3718},{""x"":1214,""y"":426,""t"":3771},{""x"":1219,""y"":414,""t"":3824},{""x"":1221,""y"":406,""t"":3877},{""x"":1156,""y"":412,""t"":3962},{""x"":1121,""y"":379,""t"":3978},{""x"":976,""y"":336,""t"":4089},{""x"":853,""y"":300,""t"":4116},{""x"":722,""y"":304,""t"":4203},{""x"":591,""y"":302,""t"":4218},{""x"":538,""y"":291,""t"":4304},{""x"":507,""y"":293,""t"":4320},{""x"":437,""y"":300,""t"":4417},{""x"":380,""y"":320,""t"":4432},{""x"":318,""y"":318,""t"":4488},{""x"":342,""y"":332,""t"":4606},{""x"":377,""y"":308,""t"":4626},{""x"":562,""y"":345,""t"":4710},{""x"":703,""y"":380,""t"":4727},{""x"":820,""y"":412,""t"":4812},{""x"":918,""y"":428,""t"":4830},{""x"":982,""y"":443,""t"":4913},{""x"":1030,""y"":453,""t"":4931},{""x"":1065,""y"":467,""t"":5022},{""x"":1091,""y"":465,""t"":5039},{""x"":1030,""y"":471,""t"":5150},{""x"":967,""y"":423,""t"":5169},{""x"":786,""y"":412,""t"":5257},{""x"":666,""y"":386,""t"":5273},{""x"":612,""y"":381,""t"":5359},{""x"":569,""y"":377,""t"":5378},{""x"":625,""y"":406,""t"":5465},{""x"":659,""y"":425,""t"":5481},{""x"":711,""y"":422,""t"":5568},{""x"":744,""y"":444,""t"":5583},{""x"":783,""y"":460,""t"":5700},{""x"":815,""y"":472,""t"":5716}]",0,0.5322840285573827,0.4677159714426173,wa_dn,0
105-attributes,1,70,exp_109,0.0,414.4049999886192,0.78,0.4,2.1,3.0,higher_p,higher_m,0,1,attributes,1.0,True,1.638,1.2000000000000002,0.4379999999999999,0.7081329507986126,0.5,0.5,0.4,0.6,1.0,0.0,higher_m,higher_p,True,"{""durations"":[1500,1000,1500,1000],""alternatives"":[""all"",""all"",""all"",""all""],""attributes"":[""m"",""p"",""m"",""p""]}","[{""x"":844,""y"":649,""t"":0},{""x"":867,""y"":627,""t"":65},{""x"":897,""y"":605,""t"":95},{""x"":910,""y"":584,""t"":147},{""x"":967,""y"":552,""t"":250},{""x"":1006,""y"":558,""t"":274},{""x"":824,""y"":469,""t"":363},{""x"":715,""y"":420,""t"":379},{""x"":646,""y"":371,""t"":466},{""x"":563,""y"":308,""t"":481},{""x"":642,""y"":295,""t"":568},{""x"":720,""y"":285,""t"":584},{""x"":748,""y"":258,""t"":683},{""x"":741,""y"":231,""t"":759},{""x"":792,""y"":216,""t"":784},{""x"":693,""y"":199,""t"":869},{""x"":624,""y"":195,""t"":885},{""x"":505,""y"":163,""t"":972},{""x"":415,""y"":148,""t"":987},{""x"":341,""y"":144,""t"":1072},{""x"":279,""y"":140,""t"":1089},{""x"":224,""y"":144,""t"":1177},{""x"":191,""y"":152,""t"":1191},{""x"":186,""y"":151,""t"":1268},{""x"":239,""y"":184,""t"":1357},{""x"":235,""y"":203,""t"":1373},{""x"":347,""y"":274,""t"":1459},{""x"":371,""y"":285,""t"":1474},{""x"":470,""y"":353,""t"":1561},{""x"":560,""y"":400,""t"":1577},{""x"":652,""y"":461,""t"":1631},{""x"":709,""y"":502,""t"":1682},{""x"":734,""y"":523,""t"":1759},{""x"":725,""y"":553,""t"":1811},{""x"":881,""y"":574,""t"":1898},{""x"":1011,""y"":588,""t"":1914},{""x"":1109,""y"":599,""t"":1999},{""x"":1160,""y"":605,""t"":2015},{""x"":1286,""y"":610,""t"":2109},{""x"":1400,""y"":591,""t"":2168},{""x"":1452,""y"":585,""t"":2185},{""x"":1448,""y"":632,""t"":2287},{""x"":1416,""y"":661,""t"":2347},{""x"":1322,""y"":702,""t"":2409},{""x"":1247,""y"":734,""t"":2424},{""x"":1218,""y"":755,""t"":2509},{""x"":1234,""y"":769,""t"":2527},{""x"":1242,""y"":726,""t"":2610},{""x"":1203,""y"":685,""t"":2626},{""x"":1168,""y"":651,""t"":2722},{""x"":1215,""y"":604,""t"":2797},{""x"":1256,""y"":565,""t"":2823},{""x"":1261,""y"":493,""t"":2909},{""x"":1207,""y"":424,""t"":2924},{""x"":978,""y"":347,""t"":3009},{""x"":792,""y"":288,""t"":3030},{""x"":585,""y"":219,""t"":3126},{""x"":416,""y"":164,""t"":3141},{""x"":290,""y"":137,""t"":3225},{""x"":238,""y"":122,""t"":3239},{""x"":184,""y"":104,""t"":3319},{""x"":166,""y"":96,""t"":3370},{""x"":247,""y"":103,""t"":3461},{""x"":331,""y"":106,""t"":3481},{""x"":466,""y"":112,""t"":3570},{""x"":566,""y"":138,""t"":3585},{""x"":687,""y"":170,""t"":3636},{""x"":761,""y"":217,""t"":3688},{""x"":761,""y"":301,""t"":3738},{""x"":744,""y"":311,""t"":3808},{""x"":676,""y"":302,""t"":3860},{""x"":603,""y"":299,""t"":3915},{""x"":553,""y"":311,""t"":4002},{""x"":511,""y"":320,""t"":4017},{""x"":478,""y"":334,""t"":4105},{""x"":491,""y"":368,""t"":4124},{""x"":527,""y"":403,""t"":4209},{""x"":560,""y"":431,""t"":4227},{""x"":555,""y"":460,""t"":4326},{""x"":543,""y"":474,""t"":4386},{""x"":683,""y"":527,""t"":4450},{""x"":782,""y"":569,""t"":4465},{""x"":954,""y"":575,""t"":4551},{""x"":1096,""y"":577,""t"":4566},{""x"":1226,""y"":576,""t"":4653},{""x"":1329,""y"":573,""t"":4672},{""x"":1262,""y"":628,""t"":4755},{""x"":1309,""y"":666,""t"":4776},{""x"":1287,""y"":703,""t"":4837},{""x"":1231,""y"":718,""t"":4927},{""x"":1163,""y"":741,""t"":4943},{""x"":1103,""y"":792,""t"":5031},{""x"":1050,""y"":833,""t"":5047},{""x"":868,""y"":849,""t"":5135},{""x"":725,""y"":824,""t"":5197},{""x"":610,""y"":801,""t"":5213},{""x"":698,""y"":756,""t"":5303},{""x"":748,""y"":717,""t"":5318},{""x"":808,""y"":637,""t"":5390},{""x"":840,""y"":622,""t"":5441},{""x"":897,""y"":588,""t"":5534},{""x"":975,""y"":557,""t"":5551},{""x"":999,""y"":512,""t"":5639},{""x"":1005,""y"":483,""t"":5655},{""x"":1007,""y"":482,""t"":5740},{""x"":1016,""y"":478,""t"":5756},{""x"":1060,""y"":473,""t"":5848},{""x"":1073,""y"":445,""t"":5883},{""x"":1080,""y"":450,""t"":5976},{""x"":1090,""y"":446,""t"":5991}]",0,0.9035454125775353,0.0964545874224647,wa_dn,0
105-attributes,1,72,exp_61,1.0,316.22999999672174,0.41,0.21,1.7999999999999998,6.2,higher_p,higher_m,0,1,attributes,1.0,True,0.7379999999999999,1.302,-0.5640000000000002,-0.3231885851028555,0.5,0.5,0.4,0.6,1.0,0.0,higher_m,higher_p,False,"{""durations"":[1500,1000,1500,1000],""alternatives"":[""all"",""all"",""all"",""all""],""attributes"":[""m"",""p"",""m"",""p""]}","[{""x"":977,""y"":535,""t"":-17},{""x"":966,""y"":505,""t"":0},{""x"":974,""y"":492,""t"":86},{""x"":1007,""y"":488,""t"":120},{""x"":1040,""y"":491,""t"":180},{""x"":1060,""y"":478,""t"":261},{""x"":1076,""y"":486,""t"":313},{""x"":901,""y"":426,""t"":406},{""x"":802,""y"":373,""t"":422},{""x"":869,""y"":329,""t"":533},{""x"":896,""y"":288,""t"":550},{""x"":885,""y"":273,""t"":638},{""x"":887,""y"":258,""t"":660},{""x"":924,""y"":238,""t"":750},{""x"":795,""y"":216,""t"":814},{""x"":661,""y"":199,""t"":830},{""x"":530,""y"":167,""t"":883},{""x"":410,""y"":151,""t"":931},{""x"":400,""y"":124,""t"":1042},{""x"":405,""y"":145,""t"":1059},{""x"":545,""y"":194,""t"":1147},{""x"":648,""y"":220,""t"":1162},{""x"":689,""y"":231,""t"":1248},{""x"":723,""y"":240,""t"":1263},{""x"":831,""y"":270,""t"":1352},{""x"":875,""y"":284,""t"":1368},{""x"":947,""y"":323,""t"":1451},{""x"":991,""y"":358,""t"":1466},{""x"":1082,""y"":396,""t"":1567},{""x"":1146,""y"":442,""t"":1628},{""x"":1222,""y"":479,""t"":1650},{""x"":1245,""y"":491,""t"":1713},{""x"":1269,""y"":514,""t"":1798},{""x"":1285,""y"":522,""t"":1813},{""x"":1228,""y"":566,""t"":1896},{""x"":1175,""y"":601,""t"":1911},{""x"":1000,""y"":603,""t"":1997},{""x"":852,""y"":611,""t"":2012},{""x"":854,""y"":659,""t"":2119},{""x"":818,""y"":701,""t"":2143},{""x"":823,""y"":727,""t"":2228},{""x"":860,""y"":760,""t"":2245},{""x"":946,""y"":744,""t"":2330},{""x"":1023,""y"":728,""t"":2348},{""x"":1060,""y"":681,""t"":2438},{""x"":1064,""y"":658,""t"":2458},{""x"":968,""y"":660,""t"":2544},{""x"":842,""y"":637,""t"":2580},{""x"":720,""y"":581,""t"":2638},{""x"":642,""y"":579,""t"":2690},{""x"":592,""y"":581,""t"":2776},{""x"":537,""y"":560,""t"":2792},{""x"":485,""y"":444,""t"":2897},{""x"":378,""y"":344,""t"":2955},{""x"":293,""y"":262,""t"":2970},{""x"":271,""y"":189,""t"":3053},{""x"":240,""y"":130,""t"":3067},{""x"":397,""y"":84,""t"":3172},{""x"":575,""y"":67,""t"":3198},{""x"":691,""y"":54,""t"":3285},{""x"":788,""y"":48,""t"":3300},{""x"":847,""y"":43,""t"":3389},{""x"":954,""y"":15,""t"":3404},{""x"":1054,""y"":26,""t"":3488},{""x"":1099,""y"":44,""t"":3504},{""x"":1090,""y"":49,""t"":3614},{""x"":1065,""y"":71,""t"":3673},{""x"":1071,""y"":96,""t"":3732},{""x"":1061,""y"":112,""t"":3748},{""x"":1059,""y"":128,""t"":3835},{""x"":1130,""y"":145,""t"":3850},{""x"":1106,""y"":149,""t"":3936},{""x"":1087,""y"":157,""t"":3951},{""x"":1086,""y"":199,""t"":4040},{""x"":1083,""y"":235,""t"":4055},{""x"":1087,""y"":254,""t"":4160},{""x"":1107,""y"":275,""t"":4183},{""x"":1127,""y"":301,""t"":4268},{""x"":1130,""y"":323,""t"":4285},{""x"":1109,""y"":346,""t"":4372},{""x"":1081,""y"":355,""t"":4394},{""x"":963,""y"":416,""t"":4488},{""x"":823,""y"":491,""t"":4502},{""x"":680,""y"":476,""t"":4581},{""x"":642,""y"":525,""t"":4649},{""x"":671,""y"":560,""t"":4703},{""x"":693,""y"":609,""t"":4790},{""x"":741,""y"":643,""t"":4805},{""x"":876,""y"":643,""t"":4894},{""x"":955,""y"":600,""t"":4909},{""x"":1025,""y"":573,""t"":4998},{""x"":1093,""y"":558,""t"":5060},{""x"":1137,""y"":543,""t"":5076},{""x"":1195,""y"":520,""t"":5174},{""x"":1304,""y"":507,""t"":5237},{""x"":1365,""y"":511,""t"":5298},{""x"":1417,""y"":497,""t"":5313},{""x"":1456,""y"":511,""t"":5399},{""x"":1484,""y"":509,""t"":5416},{""x"":1403,""y"":488,""t"":5507},{""x"":1312,""y"":489,""t"":5522},{""x"":1235,""y"":542,""t"":5610},{""x"":1126,""y"":605,""t"":5694},{""x"":1010,""y"":639,""t"":5715},{""x"":978,""y"":646,""t"":5801},{""x"":949,""y"":637,""t"":5818},{""x"":961,""y"":625,""t"":5903},{""x"":987,""y"":607,""t"":5918}]",1,0.09619632077589137,0.9038036792241086,wa_dn,0
105-attributes,1,73,exp_65,0.0,68.87999997707084,0.72,0.51,4.2,5.2,higher_p,higher_m,0,1,attributes,1.0,True,3.024,2.652,0.3719999999999999,0.64020159214642,0.5,0.5,0.6,0.4,0.0,1.0,higher_p,higher_m,True,"{""durations"":[1500,1000,1500,1000],""alternatives"":[""all"",""all"",""all"",""all""],""attributes"":[""p"",""m"",""p"",""m""]}","[{""x"":1072,""y"":458,""t"":-18},{""x"":1096,""y"":437,""t"":0},{""x"":1086,""y"":460,""t"":134},{""x"":1088,""y"":455,""t"":157},{""x"":1067,""y"":462,""t"":273},{""x"":897,""y"":505,""t"":338},{""x"":814,""y"":531,""t"":355},{""x"":694,""y"":531,""t"":442},{""x"":687,""y"":554,""t"":457},{""x"":829,""y"":572,""t"":508},{""x"":923,""y"":587,""t"":559},{""x"":1061,""y"":582,""t"":673},{""x"":1179,""y"":576,""t"":689},{""x"":1239,""y"":573,""t"":775},{""x"":1283,""y"":578,""t"":791},{""x"":1229,""y"":590,""t"":887},{""x"":1052,""y"":602,""t"":947},{""x"":899,""y"":612,""t"":961},{""x"":736,""y"":619,""t"":1053},{""x"":645,""y"":617,""t"":1068},{""x"":701,""y"":619,""t"":1171},{""x"":740,""y"":626,""t"":1191},{""x"":916,""y"":599,""t"":1278},{""x"":1068,""y"":576,""t"":1293},{""x"":1147,""y"":581,""t"":1384},{""x"":1226,""y"":554,""t"":1401},{""x"":1199,""y"":580,""t"":1487},{""x"":1154,""y"":560,""t"":1503},{""x"":1136,""y"":576,""t"":1590},{""x"":1105,""y"":578,""t"":1606},{""x"":960,""y"":526,""t"":1719},{""x"":813,""y"":481,""t"":1735},{""x"":618,""y"":364,""t"":1822},{""x"":484,""y"":288,""t"":1839},{""x"":468,""y"":246,""t"":1925},{""x"":447,""y"":204,""t"":1940},{""x"":509,""y"":153,""t"":2026},{""x"":590,""y"":117,""t"":2041},{""x"":695,""y"":93,""t"":2130},{""x"":786,""y"":76,""t"":2145},{""x"":827,""y"":75,""t"":2255},{""x"":766,""y"":73,""t"":2320},{""x"":697,""y"":78,""t"":2381},{""x"":629,""y"":62,""t"":2443},{""x"":572,""y"":60,""t"":2459},{""x"":459,""y"":178,""t"":2553},{""x"":541,""y"":323,""t"":2613},{""x"":539,""y"":452,""t"":2633},{""x"":554,""y"":535,""t"":2685},{""x"":591,""y"":586,""t"":2754},{""x"":702,""y"":634,""t"":2839},{""x"":771,""y"":688,""t"":2856},{""x"":840,""y"":714,""t"":2942},{""x"":886,""y"":734,""t"":2960},{""x"":965,""y"":745,""t"":3048},{""x"":1065,""y"":748,""t"":3065},{""x"":1142,""y"":745,""t"":3151},{""x"":1227,""y"":739,""t"":3167},{""x"":1101,""y"":748,""t"":3269},{""x"":913,""y"":732,""t"":3330},{""x"":750,""y"":716,""t"":3346},{""x"":603,""y"":691,""t"":3432},{""x"":480,""y"":669,""t"":3448},{""x"":404,""y"":649,""t"":3539},{""x"":350,""y"":630,""t"":3597},{""x"":333,""y"":609,""t"":3611},{""x"":354,""y"":605,""t"":3695},{""x"":334,""y"":610,""t"":3712},{""x"":321,""y"":614,""t"":3783},{""x"":314,""y"":612,""t"":3872},{""x"":300,""y"":613,""t"":3887},{""x"":301,""y"":616,""t"":3973},{""x"":305,""y"":619,""t"":3989},{""x"":285,""y"":615,""t"":4076},{""x"":279,""y"":615,""t"":4093},{""x"":317,""y"":631,""t"":4177},{""x"":327,""y"":637,""t"":4193},{""x"":340,""y"":645,""t"":4303},{""x"":352,""y"":651,""t"":4319},{""x"":383,""y"":659,""t"":4406},{""x"":368,""y"":653,""t"":4421},{""x"":401,""y"":645,""t"":4507},{""x"":363,""y"":630,""t"":4524},{""x"":529,""y"":692,""t"":4609},{""x"":643,""y"":737,""t"":4627},{""x"":681,""y"":766,""t"":4721},{""x"":753,""y"":786,""t"":4736},{""x"":863,""y"":811,""t"":4814},{""x"":928,""y"":808,""t"":4863},{""x"":858,""y"":748,""t"":4949},{""x"":739,""y"":707,""t"":4964},{""x"":647,""y"":550,""t"":5051},{""x"":552,""y"":455,""t"":5066},{""x"":461,""y"":366,""t"":5155},{""x"":386,""y"":295,""t"":5171},{""x"":344,""y"":255,""t"":5282},{""x"":309,""y"":197,""t"":5305},{""x"":340,""y"":144,""t"":5389},{""x"":411,""y"":144,""t"":5407},{""x"":543,""y"":241,""t"":5496},{""x"":592,""y"":230,""t"":5511},{""x"":607,""y"":201,""t"":5602},{""x"":626,""y"":203,""t"":5616},{""x"":629,""y"":201,""t"":5701}]",0,0.7373309867236337,0.2626690132763664,wa_dn,0
105-attributes,1,74,exp_71,0.0,51.96000001160428,0.72,0.51,4.2,5.2,higher_p,higher_m,0,1,attributes,1.0,True,3.024,2.652,0.3719999999999999,0.64020159214642,0.5,0.5,0.4,0.6,1.0,1.0,higher_m,higher_m,True,"{""durations"":[1000,1500,1000,1500],""alternatives"":[""all"",""all"",""all"",""all""],""attributes"":[""p"",""m"",""p"",""m""]}","[{""x"":807,""y"":318,""t"":-27},{""x"":801,""y"":328,""t"":0},{""x"":857,""y"":368,""t"":107},{""x"":917,""y"":413,""t"":140},{""x"":964,""y"":417,""t"":222},{""x"":989,""y"":442,""t"":278},{""x"":960,""y"":491,""t"":373},{""x"":872,""y"":536,""t"":389},{""x"":798,""y"":571,""t"":443},{""x"":789,""y"":592,""t"":531},{""x"":936,""y"":600,""t"":566},{""x"":1013,""y"":601,""t"":623},{""x"":1095,""y"":594,""t"":680},{""x"":1166,""y"":591,""t"":785},{""x"":1210,""y"":585,""t"":851},{""x"":1209,""y"":587,""t"":912},{""x"":1157,""y"":654,""t"":933},{""x"":1063,""y"":697,""t"":989},{""x"":1024,""y"":689,""t"":1083},{""x"":971,""y"":736,""t"":1114},{""x"":800,""y"":775,""t"":1214},{""x"":653,""y"":800,""t"":1272},{""x"":528,""y"":718,""t"":1366},{""x"":437,""y"":599,""t"":1429},{""x"":335,""y"":490,""t"":1490},{""x"":255,""y"":398,""t"":1505},{""x"":302,""y"":311,""t"":1594},{""x"":350,""y"":241,""t"":1609},{""x"":428,""y"":185,""t"":1715},{""x"":486,""y"":132,""t"":1760},{""x"":542,""y"":100,""t"":1809},{""x"":492,""y"":76,""t"":1896},{""x"":407,""y"":57,""t"":1911},{""x"":371,""y"":36,""t"":1999},{""x"":342,""y"":22,""t"":2015},{""x"":313,""y"":23,""t"":2102},{""x"":290,""y"":27,""t"":2118},{""x"":246,""y"":27,""t"":2174},{""x"":222,""y"":36,""t"":2255},{""x"":356,""y"":169,""t"":2340},{""x"":505,""y"":263,""t"":2356},{""x"":636,""y"":355,""t"":2442},{""x"":751,""y"":428,""t"":2457},{""x"":846,""y"":494,""t"":2545},{""x"":912,""y"":535,""t"":2561},{""x"":956,""y"":586,""t"":2648},{""x"":945,""y"":605,""t"":2663},{""x"":895,""y"":637,""t"":2777},{""x"":847,""y"":659,""t"":2793},{""x"":787,""y"":679,""t"":2881},{""x"":719,""y"":691,""t"":2897},{""x"":787,""y"":686,""t"":2985},{""x"":831,""y"":693,""t"":3003},{""x"":969,""y"":681,""t"":3087},{""x"":1055,""y"":660,""t"":3105},{""x"":1108,""y"":660,""t"":3196},{""x"":1205,""y"":687,""t"":3211},{""x"":1188,""y"":702,""t"":3285},{""x"":1127,""y"":731,""t"":3337},{""x"":987,""y"":746,""t"":3422},{""x"":866,""y"":746,""t"":3438},{""x"":696,""y"":650,""t"":3524},{""x"":578,""y"":571,""t"":3539},{""x"":507,""y"":500,""t"":3627},{""x"":424,""y"":420,""t"":3642},{""x"":332,""y"":345,""t"":3734},{""x"":274,""y"":278,""t"":3758},{""x"":210,""y"":220,""t"":3816},{""x"":320,""y"":212,""t"":3902},{""x"":365,""y"":198,""t"":3917},{""x"":485,""y"":181,""t"":4002},{""x"":599,""y"":163,""t"":4018},{""x"":723,""y"":150,""t"":4102},{""x"":828,""y"":138,""t"":4119},{""x"":763,""y"":129,""t"":4204},{""x"":702,""y"":124,""t"":4221},{""x"":666,""y"":108,""t"":4322},{""x"":578,""y"":108,""t"":4381},{""x"":532,""y"":113,""t"":4396},{""x"":527,""y"":118,""t"":4482},{""x"":553,""y"":120,""t"":4497},{""x"":632,""y"":141,""t"":4586},{""x"":662,""y"":141,""t"":4601},{""x"":688,""y"":147,""t"":4687},{""x"":709,""y"":153,""t"":4704},{""x"":790,""y"":161,""t"":4790},{""x"":853,""y"":168,""t"":4810},{""x"":877,""y"":174,""t"":4867},{""x"":914,""y"":193,""t"":4959},{""x"":942,""y"":209,""t"":4974},{""x"":940,""y"":227,""t"":5060},{""x"":933,""y"":236,""t"":5076},{""x"":1003,""y"":257,""t"":5164},{""x"":1031,""y"":275,""t"":5180},{""x"":1016,""y"":281,""t"":5267},{""x"":975,""y"":281,""t"":5282},{""x"":939,""y"":279,""t"":5348},{""x"":901,""y"":272,""t"":5436},{""x"":869,""y"":266,""t"":5451},{""x"":868,""y"":285,""t"":5539},{""x"":880,""y"":284,""t"":5554},{""x"":876,""y"":276,""t"":5642},{""x"":889,""y"":271,""t"":5659}]",1,0.7373309867236337,0.2626690132763664,wa_dn,0
105-attributes,1,84,exp_13,0.0,517.5200000230689,0.7,0.29,1.7999999999999998,5.0,higher_p,higher_m,0,1,attributes,1.0,True,1.2599999999999998,1.45,-0.1900000000000001,0.0617557805929019,0.5,0.5,0.4,0.6,1.0,0.0,higher_m,higher_p,True,"{""durations"":[1500,1000,1500,1000],""alternatives"":[""all"",""all"",""all"",""all""],""attributes"":[""m"",""p"",""m"",""p""]}","[{""x"":967,""y"":677,""t"":-17},{""x"":958,""y"":707,""t"":0},{""x"":940,""y"":701,""t"":101},{""x"":952,""y"":691,""t"":126},{""x"":957,""y"":648,""t"":184},{""x"":946,""y"":638,""t"":274},{""x"":792,""y"":583,""t"":364},{""x"":656,""y"":538,""t"":381},{""x"":544,""y"":463,""t"":469},{""x"":468,""y"":407,""t"":485},{""x"":530,""y"":350,""t"":573},{""x"":612,""y"":277,""t"":590},{""x"":684,""y"":245,""t"":674},{""x"":760,""y"":222,""t"":689},{""x"":822,""y"":202,""t"":791},{""x"":887,""y"":165,""t"":849},{""x"":916,""y"":140,""t"":864},{""x"":980,""y"":137,""t"":957},{""x"":1027,""y"":151,""t"":1018},{""x"":1064,""y"":166,""t"":1033},{""x"":1080,""y"":182,""t"":1116},{""x"":1091,""y"":198,""t"":1131},{""x"":1088,""y"":200,""t"":1213},{""x"":1082,""y"":203,""t"":1228},{""x"":1068,""y"":209,""t"":1326},{""x"":1054,""y"":220,""t"":1342},{""x"":1041,""y"":230,""t"":1395},{""x"":866,""y"":236,""t"":1487},{""x"":717,""y"":241,""t"":1505},{""x"":618,""y"":233,""t"":1593},{""x"":533,""y"":214,""t"":1607},{""x"":448,""y"":215,""t"":1689},{""x"":381,""y"":215,""t"":1705},{""x"":573,""y"":277,""t"":1802},{""x"":706,""y"":324,""t"":1862},{""x"":799,""y"":353,""t"":1878},{""x"":870,""y"":366,""t"":1969},{""x"":928,""y"":375,""t"":1984},{""x"":858,""y"":406,""t"":2077},{""x"":770,""y"":434,""t"":2134},{""x"":686,""y"":461,""t"":2150},{""x"":724,""y"":538,""t"":2241},{""x"":736,""y"":610,""t"":2256},{""x"":645,""y"":624,""t"":2361},{""x"":548,""y"":654,""t"":2382},{""x"":475,""y"":602,""t"":2471},{""x"":408,""y"":564,""t"":2487},{""x"":362,""y"":479,""t"":2574},{""x"":318,""y"":407,""t"":2592},{""x"":283,""y"":335,""t"":2683},{""x"":259,""y"":276,""t"":2697},{""x"":220,""y"":227,""t"":2781},{""x"":192,""y"":188,""t"":2796},{""x"":335,""y"":180,""t"":2901},{""x"":462,""y"":176,""t"":2925},{""x"":642,""y"":178,""t"":3012},{""x"":754,""y"":184,""t"":3031},{""x"":827,""y"":185,""t"":3118},{""x"":887,""y"":184,""t"":3134},{""x"":936,""y"":193,""t"":3224},{""x"":971,""y"":202,""t"":3240},{""x"":965,""y"":205,""t"":3326},{""x"":809,""y"":199,""t"":3349},{""x"":705,""y"":205,""t"":3406},{""x"":574,""y"":207,""t"":3496},{""x"":570,""y"":229,""t"":3513},{""x"":718,""y"":284,""t"":3592},{""x"":784,""y"":292,""t"":3643},{""x"":832,""y"":308,""t"":3735},{""x"":872,""y"":321,""t"":3750},{""x"":869,""y"":323,""t"":3833},{""x"":896,""y"":328,""t"":3849},{""x"":916,""y"":334,""t"":3911},{""x"":905,""y"":352,""t"":3999},{""x"":893,""y"":367,""t"":4014},{""x"":990,""y"":418,""t"":4103},{""x"":1073,""y"":452,""t"":4123},{""x"":1140,""y"":480,""t"":4190},{""x"":1193,""y"":500,""t"":4273},{""x"":1234,""y"":514,""t"":4288},{""x"":1253,""y"":522,""t"":4372},{""x"":1190,""y"":542,""t"":4387},{""x"":1152,""y"":571,""t"":4464},{""x"":1051,""y"":576,""t"":4556},{""x"":901,""y"":578,""t"":4616},{""x"":778,""y"":580,""t"":4633},{""x"":785,""y"":622,""t"":4717},{""x"":798,""y"":633,""t"":4732},{""x"":907,""y"":616,""t"":4817},{""x"":1004,""y"":599,""t"":4832},{""x"":1063,""y"":597,""t"":4931},{""x"":1161,""y"":575,""t"":4993},{""x"":1236,""y"":552,""t"":5008},{""x"":1270,""y"":549,""t"":5094},{""x"":1295,""y"":546,""t"":5110},{""x"":1279,""y"":610,""t"":5196},{""x"":1248,""y"":665,""t"":5212},{""x"":1182,""y"":697,""t"":5297},{""x"":1149,""y"":718,""t"":5313},{""x"":1203,""y"":710,""t"":5397},{""x"":1284,""y"":662,""t"":5417},{""x"":1311,""y"":643,""t"":5478},{""x"":1259,""y"":604,""t"":5567},{""x"":1189,""y"":567,""t"":5584},{""x"":1142,""y"":532,""t"":5678},{""x"":1088,""y"":520,""t"":5693},{""x"":1056,""y"":484,""t"":5745},{""x"":1017,""y"":470,""t"":5794},{""x"":1006,""y"":449,""t"":5846},{""x"":982,""y"":427,""t"":5898},{""x"":966,""y"":432,""t"":6002},{""x"":963,""y"":427,""t"":6020},{""x"":938,""y"":433,""t"":6111},{""x"":941,""y"":447,""t"":6128}]",0,0.4879474268012444,0.5120525731987555,wa_dn,0
105-attributes,1,85,exp_79,0.0,280.70000000298023,0.8,0.2,4.0,6.799999999999999,higher_p,higher_m,0,1,attributes,1.0,True,3.2,1.36,1.8400000000000003,2.151159690652763,0.5,0.5,0.4,0.6,1.0,1.0,higher_m,higher_m,True,"{""durations"":[1000,1500,1000,1500],""alternatives"":[""all"",""all"",""all"",""all""],""attributes"":[""p"",""m"",""p"",""m""]}","[{""x"":915,""y"":464,""t"":-18},{""x"":955,""y"":461,""t"":0},{""x"":984,""y"":486,""t"":88},{""x"":957,""y"":463,""t"":106},{""x"":913,""y"":462,""t"":203},{""x"":807,""y"":462,""t"":288},{""x"":740,""y"":495,""t"":342},{""x"":652,""y"":503,""t"":429},{""x"":580,""y"":509,""t"":444},{""x"":500,""y"":522,""t"":540},{""x"":438,""y"":532,""t"":556},{""x"":392,""y"":530,""t"":647},{""x"":403,""y"":566,""t"":711},{""x"":520,""y"":629,""t"":736},{""x"":672,""y"":677,""t"":793},{""x"":816,""y"":706,""t"":886},{""x"":979,""y"":716,""t"":944},{""x"":1081,""y"":723,""t"":962},{""x"":1079,""y"":722,""t"":1044},{""x"":1097,""y"":708,""t"":1060},{""x"":1075,""y"":709,""t"":1143},{""x"":1060,""y"":715,""t"":1160},{""x"":888,""y"":639,""t"":1268},{""x"":753,""y"":589,""t"":1294},{""x"":601,""y"":472,""t"":1379},{""x"":474,""y"":370,""t"":1395},{""x"":350,""y"":269,""t"":1481},{""x"":251,""y"":187,""t"":1497},{""x"":349,""y"":147,""t"":1585},{""x"":442,""y"":127,""t"":1600},{""x"":497,""y"":90,""t"":1688},{""x"":547,""y"":65,""t"":1704},{""x"":737,""y"":206,""t"":1803},{""x"":868,""y"":337,""t"":1865},{""x"":958,""y"":432,""t"":1880},{""x"":1069,""y"":505,""t"":1977},{""x"":1226,""y"":527,""t"":2037},{""x"":1367,""y"":535,""t"":2052},{""x"":1467,""y"":536,""t"":2135},{""x"":1542,""y"":522,""t"":2154},{""x"":1558,""y"":547,""t"":2237},{""x"":1514,""y"":547,""t"":2257},{""x"":1485,""y"":541,""t"":2319},{""x"":1421,""y"":549,""t"":2404},{""x"":1381,""y"":548,""t"":2419},{""x"":1324,""y"":561,""t"":2506},{""x"":1289,""y"":575,""t"":2525},{""x"":1281,""y"":596,""t"":2613},{""x"":1274,""y"":613,""t"":2630},{""x"":1282,""y"":617,""t"":2715},{""x"":1290,""y"":620,""t"":2733},{""x"":1257,""y"":611,""t"":2840},{""x"":1230,""y"":603,""t"":2858},{""x"":1057,""y"":636,""t"":2943},{""x"":941,""y"":669,""t"":2960},{""x"":748,""y"":660,""t"":3045},{""x"":627,""y"":661,""t"":3061},{""x"":500,""y"":656,""t"":3145},{""x"":390,""y"":639,""t"":3166},{""x"":289,""y"":623,""t"":3249},{""x"":247,""y"":609,""t"":3287},{""x"":225,""y"":603,""t"":3344},{""x"":219,""y"":611,""t"":3434},{""x"":352,""y"":614,""t"":3454},{""x"":464,""y"":614,""t"":3503},{""x"":701,""y"":612,""t"":3587},{""x"":902,""y"":595,""t"":3606},{""x"":1062,""y"":590,""t"":3693},{""x"":1171,""y"":571,""t"":3711},{""x"":1266,""y"":575,""t"":3807},{""x"":1293,""y"":607,""t"":3825},{""x"":1340,""y"":603,""t"":3875},{""x"":1345,""y"":564,""t"":3925},{""x"":1323,""y"":510,""t"":3976},{""x"":1255,""y"":419,""t"":4026},{""x"":1103,""y"":348,""t"":4078},{""x"":880,""y"":271,""t"":4131},{""x"":710,""y"":207,""t"":4194},{""x"":522,""y"":149,""t"":4280},{""x"":557,""y"":95,""t"":4295},{""x"":573,""y"":55,""t"":4375},{""x"":593,""y"":26,""t"":4427},{""x"":688,""y"":25,""t"":4512},{""x"":746,""y"":28,""t"":4527},{""x"":669,""y"":29,""t"":4612},{""x"":585,""y"":30,""t"":4628},{""x"":497,""y"":23,""t"":4712},{""x"":396,""y"":23,""t"":4728},{""x"":331,""y"":27,""t"":4833},{""x"":293,""y"":26,""t"":4893},{""x"":269,""y"":37,""t"":4908},{""x"":218,""y"":49,""t"":4993},{""x"":179,""y"":59,""t"":5009},{""x"":173,""y"":72,""t"":5097},{""x"":184,""y"":97,""t"":5113},{""x"":193,""y"":107,""t"":5198},{""x"":246,""y"":102,""t"":5213},{""x"":286,""y"":108,""t"":5301},{""x"":333,""y"":107,""t"":5338},{""x"":367,""y"":108,""t"":5427},{""x"":399,""y"":114,""t"":5443},{""x"":500,""y"":165,""t"":5530},{""x"":613,""y"":197,""t"":5546},{""x"":703,""y"":221,""t"":5632},{""x"":771,""y"":255,""t"":5649},{""x"":825,""y"":279,""t"":5736},{""x"":871,""y"":311,""t"":5752},{""x"":890,""y"":426,""t"":5868},{""x"":885,""y"":517,""t"":5884},{""x"":848,""y"":618,""t"":5972}]",0,0.9933285617887744,0.00667143821122558,wa_dn,0
105-attributes,1,88,exp_39,1.0,729.3600000266451,0.79,0.7,2.0,3.2,higher_p,higher_m,0,1,attributes,1.0,True,1.58,2.24,-0.6599999999999997,-0.4219978340514987,0.5,0.5,0.4,0.6,1.0,1.0,higher_m,higher_m,False,"{""durations"":[1000,1500,1000,1500],""alternatives"":[""all"",""all"",""all"",""all""],""attributes"":[""p"",""m"",""p"",""m""]}","[{""x"":832,""y"":316,""t"":-17},{""x"":865,""y"":362,""t"":0},{""x"":871,""y"":385,""t"":104},{""x"":894,""y"":399,""t"":182},{""x"":872,""y"":399,""t"":205},{""x"":865,""y"":411,""t"":290},{""x"":750,""y"":469,""t"":310},{""x"":658,""y"":503,""t"":373},{""x"":579,""y"":513,""t"":432},{""x"":515,""y"":520,""t"":482},{""x"":569,""y"":588,""t"":567},{""x"":638,""y"":628,""t"":582},{""x"":762,""y"":637,""t"":674},{""x"":868,""y"":642,""t"":690},{""x"":962,""y"":655,""t"":771},{""x"":1052,""y"":644,""t"":787},{""x"":1075,""y"":637,""t"":884},{""x"":995,""y"":656,""t"":945},{""x"":923,""y"":670,""t"":960},{""x"":816,""y"":652,""t"":1047},{""x"":725,""y"":635,""t"":1064},{""x"":627,""y"":624,""t"":1149},{""x"":560,""y"":621,""t"":1164},{""x"":526,""y"":624,""t"":1250},{""x"":500,""y"":627,""t"":1265},{""x"":374,""y"":673,""t"":1372},{""x"":449,""y"":738,""t"":1395},{""x"":498,""y"":750,""t"":1485},{""x"":543,""y"":759,""t"":1500},{""x"":498,""y"":627,""t"":1589},{""x"":472,""y"":586,""t"":1605},{""x"":419,""y"":486,""t"":1687},{""x"":400,""y"":415,""t"":1702},{""x"":600,""y"":365,""t"":1788},{""x"":781,""y"":311,""t"":1803},{""x"":852,""y"":269,""t"":1901},{""x"":940,""y"":227,""t"":1917},{""x"":1069,""y"":197,""t"":2004},{""x"":1137,""y"":180,""t"":2019},{""x"":1152,""y"":167,""t"":2107},{""x"":1302,""y"":154,""t"":2122},{""x"":1333,""y"":143,""t"":2175},{""x"":1266,""y"":150,""t"":2227},{""x"":1222,""y"":162,""t"":2278},{""x"":1255,""y"":175,""t"":2330},{""x"":1229,""y"":177,""t"":2392},{""x"":1180,""y"":195,""t"":2483},{""x"":1143,""y"":206,""t"":2544},{""x"":1110,""y"":217,""t"":2561},{""x"":1068,""y"":227,""t"":2648},{""x"":1035,""y"":229,""t"":2663},{""x"":1008,""y"":226,""t"":2720},{""x"":987,""y"":230,""t"":2769},{""x"":1001,""y"":288,""t"":2819},{""x"":1047,""y"":360,""t"":2869},{""x"":1073,""y"":422,""t"":2931},{""x"":1113,""y"":474,""t"":3016},{""x"":1146,""y"":515,""t"":3033},{""x"":1193,""y"":538,""t"":3121},{""x"":1232,""y"":554,""t"":3135},{""x"":1130,""y"":590,""t"":3220},{""x"":1041,""y"":617,""t"":3235},{""x"":863,""y"":619,""t"":3319},{""x"":747,""y"":619,""t"":3334},{""x"":723,""y"":677,""t"":3432},{""x"":650,""y"":691,""t"":3451},{""x"":604,""y"":709,""t"":3502},{""x"":484,""y"":722,""t"":3591},{""x"":408,""y"":731,""t"":3607},{""x"":350,""y"":708,""t"":3694},{""x"":276,""y"":687,""t"":3709},{""x"":216,""y"":668,""t"":3794},{""x"":159,""y"":648,""t"":3812},{""x"":108,""y"":545,""t"":3901},{""x"":100,""y"":479,""t"":3941},{""x"":91,""y"":407,""t"":3959},{""x"":103,""y"":337,""t"":4079},{""x"":119,""y"":280,""t"":4094},{""x"":320,""y"":226,""t"":4179},{""x"":464,""y"":180,""t"":4196},{""x"":605,""y"":142,""t"":4280},{""x"":761,""y"":131,""t"":4295},{""x"":844,""y"":124,""t"":4388},{""x"":946,""y"":116,""t"":4473},{""x"":1058,""y"":119,""t"":4489},{""x"":1092,""y"":134,""t"":4576},{""x"":1062,""y"":142,""t"":4594},{""x"":1029,""y"":147,""t"":4685},{""x"":1018,""y"":166,""t"":4701},{""x"":974,""y"":174,""t"":4783},{""x"":941,""y"":182,""t"":4798},{""x"":904,""y"":188,""t"":4882},{""x"":858,""y"":189,""t"":4897},{""x"":851,""y"":201,""t"":5000},{""x"":871,""y"":209,""t"":5061},{""x"":911,""y"":228,""t"":5076},{""x"":926,""y"":237,""t"":5162},{""x"":935,""y"":239,""t"":5178},{""x"":925,""y"":237,""t"":5263},{""x"":946,""y"":250,""t"":5279},{""x"":922,""y"":257,""t"":5370},{""x"":901,""y"":262,""t"":5385},{""x"":888,""y"":267,""t"":5488},{""x"":866,""y"":282,""t"":5509},{""x"":817,""y"":330,""t"":5593},{""x"":749,""y"":391,""t"":5610},{""x"":780,""y"":492,""t"":5708},{""x"":832,""y"":582,""t"":5726},{""x"":866,""y"":643,""t"":5808},{""x"":891,""y"":695,""t"":5824},{""x"":903,""y"":708,""t"":5908},{""x"":899,""y"":727,""t"":5928},{""x"":930,""y"":733,""t"":6038},{""x"":955,""y"":734,""t"":6055},{""x"":985,""y"":713,""t"":6141},{""x"":991,""y"":682,""t"":6156},{""x"":1004,""y"":666,""t"":6245},{""x"":1023,""y"":643,""t"":6260},{""x"":1078,""y"":616,""t"":6345},{""x"":1128,""y"":599,""t"":6359}]",0,0.12414711673895225,0.8758528832610477,wa_dn,0
105-attributes,1,90,exp_55,0.0,241.99500001850535,0.49,0.32,6.9,8.2,higher_p,higher_m,0,1,attributes,1.0,True,3.381,2.624,0.7570000000000006,1.0364678509508771,0.5,0.5,0.4,0.6,1.0,1.0,higher_m,higher_m,True,"{""durations"":[1000,1500,1000,1500],""alternatives"":[""all"",""all"",""all"",""all""],""attributes"":[""p"",""m"",""p"",""m""]}","[{""x"":976,""y"":382,""t"":-16},{""x"":967,""y"":351,""t"":0},{""x"":940,""y"":373,""t"":99},{""x"":917,""y"":388,""t"":130},{""x"":910,""y"":413,""t"":189},{""x"":801,""y"":469,""t"":270},{""x"":711,""y"":499,""t"":344},{""x"":641,""y"":530,""t"":436},{""x"":567,""y"":537,""t"":456},{""x"":640,""y"":566,""t"":544},{""x"":788,""y"":582,""t"":605},{""x"":912,""y"":591,""t"":619},{""x"":1031,""y"":584,""t"":706},{""x"":1130,""y"":577,""t"":722},{""x"":1216,""y"":576,""t"":806},{""x"":1279,""y"":586,""t"":821},{""x"":1327,""y"":593,""t"":920},{""x"":1211,""y"":627,""t"":980},{""x"":1107,""y"":656,""t"":996},{""x"":960,""y"":642,""t"":1086},{""x"":805,""y"":629,""t"":1105},{""x"":705,""y"":632,""t"":1178},{""x"":624,""y"":634,""t"":1233},{""x"":518,""y"":598,""t"":1321},{""x"":440,""y"":561,""t"":1338},{""x"":333,""y"":454,""t"":1449},{""x"":280,""y"":359,""t"":1466},{""x"":411,""y"":419,""t"":1559},{""x"":539,""y"":482,""t"":1575},{""x"":817,""y"":501,""t"":1664},{""x"":1045,""y"":517,""t"":1679},{""x"":1190,""y"":478,""t"":1766},{""x"":1306,""y"":444,""t"":1781},{""x"":1350,""y"":373,""t"":1865},{""x"":1360,""y"":329,""t"":1881},{""x"":1282,""y"":287,""t"":1981},{""x"":1191,""y"":253,""t"":2041},{""x"":1029,""y"":214,""t"":2102},{""x"":885,""y"":194,""t"":2118},{""x"":741,""y"":173,""t"":2202},{""x"":605,""y"":157,""t"":2217},{""x"":689,""y"":209,""t"":2304},{""x"":770,""y"":263,""t"":2321},{""x"":823,""y"":317,""t"":2404},{""x"":872,""y"":357,""t"":2422},{""x"":895,""y"":362,""t"":2497},{""x"":988,""y"":413,""t"":2549},{""x"":1074,""y"":477,""t"":2608},{""x"":1113,""y"":500,""t"":2662},{""x"":1184,""y"":538,""t"":2752},{""x"":1240,""y"":553,""t"":2767},{""x"":1213,""y"":591,""t"":2847},{""x"":1236,""y"":606,""t"":2897},{""x"":1089,""y"":611,""t"":3004},{""x"":1000,""y"":617,""t"":3028},{""x"":913,""y"":626,""t"":3120},{""x"":840,""y"":632,""t"":3135},{""x"":802,""y"":667,""t"":3223},{""x"":796,""y"":696,""t"":3237},{""x"":753,""y"":711,""t"":3323},{""x"":736,""y"":721,""t"":3338},{""x"":604,""y"":620,""t"":3427},{""x"":545,""y"":563,""t"":3443},{""x"":463,""y"":447,""t"":3555},{""x"":422,""y"":376,""t"":3571},{""x"":398,""y"":315,""t"":3658},{""x"":360,""y"":262,""t"":3674},{""x"":334,""y"":221,""t"":3761},{""x"":322,""y"":191,""t"":3776},{""x"":341,""y"":200,""t"":3860},{""x"":365,""y"":176,""t"":3877},{""x"":406,""y"":148,""t"":3959},{""x"":399,""y"":122,""t"":3991},{""x"":386,""y"":130,""t"":4044},{""x"":438,""y"":176,""t"":4095},{""x"":617,""y"":240,""t"":4147},{""x"":710,""y"":207,""t"":4212},{""x"":797,""y"":225,""t"":4263},{""x"":908,""y"":297,""t"":4347},{""x"":909,""y"":261,""t"":4361},{""x"":885,""y"":244,""t"":4443},{""x"":907,""y"":231,""t"":4458},{""x"":911,""y"":226,""t"":4563},{""x"":855,""y"":173,""t"":4623},{""x"":863,""y"":161,""t"":4638},{""x"":859,""y"":135,""t"":4724},{""x"":842,""y"":122,""t"":4739},{""x"":813,""y"":106,""t"":4825},{""x"":800,""y"":120,""t"":4840},{""x"":737,""y"":97,""t"":4927},{""x"":695,""y"":80,""t"":4943},{""x"":663,""y"":69,""t"":5056},{""x"":710,""y"":103,""t"":5072},{""x"":721,""y"":148,""t"":5162},{""x"":746,""y"":173,""t"":5178},{""x"":809,""y"":249,""t"":5265},{""x"":850,""y"":263,""t"":5281},{""x"":868,""y"":257,""t"":5368},{""x"":866,""y"":277,""t"":5383},{""x"":856,""y"":289,""t"":5472},{""x"":913,""y"":350,""t"":5492},{""x"":946,""y"":356,""t"":5560},{""x"":913,""y"":354,""t"":5611},{""x"":906,""y"":344,""t"":5699},{""x"":898,""y"":335,""t"":5716},{""x"":948,""y"":373,""t"":5805},{""x"":965,""y"":368,""t"":5821},{""x"":943,""y"":363,""t"":5912}]",0,0.8587888471271443,0.14121115287285563,wa_dn,0
105-attributes,1,91,exp_119,0.0,221.7149999924004,0.49,0.22,4.2,7.9,higher_p,higher_m,0,1,attributes,1.0,True,2.058,1.738,0.3199999999999998,0.5866799156325714,0.5,0.5,0.4,0.6,1.0,1.0,higher_m,higher_m,True,"{""durations"":[1000,1500,1000,1500],""alternatives"":[""all"",""all"",""all"",""all""],""attributes"":[""p"",""m"",""p"",""m""]}","[{""x"":966,""y"":489,""t"":-16},{""x"":989,""y"":472,""t"":0},{""x"":979,""y"":440,""t"":104},{""x"":944,""y"":435,""t"":178},{""x"":918,""y"":401,""t"":204},{""x"":845,""y"":375,""t"":316},{""x"":831,""y"":382,""t"":342},{""x"":740,""y"":420,""t"":429},{""x"":645,""y"":438,""t"":444},{""x"":691,""y"":470,""t"":529},{""x"":725,""y"":496,""t"":545},{""x"":856,""y"":572,""t"":649},{""x"":968,""y"":634,""t"":712},{""x"":1058,""y"":688,""t"":727},{""x"":1055,""y"":716,""t"":781},{""x"":1028,""y"":764,""t"":832},{""x"":1069,""y"":800,""t"":883},{""x"":1122,""y"":807,""t"":934},{""x"":1184,""y"":806,""t"":995},{""x"":1218,""y"":790,""t"":1084},{""x"":1235,""y"":775,""t"":1099},{""x"":1274,""y"":748,""t"":1170},{""x"":1314,""y"":722,""t"":1221},{""x"":1338,""y"":700,""t"":1277},{""x"":1353,""y"":686,""t"":1328},{""x"":1187,""y"":617,""t"":1413},{""x"":1054,""y"":590,""t"":1429},{""x"":806,""y"":484,""t"":1516},{""x"":598,""y"":395,""t"":1532},{""x"":443,""y"":316,""t"":1636},{""x"":490,""y"":259,""t"":1701},{""x"":557,""y"":222,""t"":1763},{""x"":658,""y"":195,""t"":1779},{""x"":769,""y"":176,""t"":1868},{""x"":834,""y"":155,""t"":1883},{""x"":857,""y"":151,""t"":1975},{""x"":923,""y"":144,""t"":2034},{""x"":978,""y"":141,""t"":2050},{""x"":1005,""y"":142,""t"":2136},{""x"":1055,""y"":152,""t"":2156},{""x"":1079,""y"":149,""t"":2221},{""x"":1061,""y"":224,""t"":2312},{""x"":961,""y"":299,""t"":2385},{""x"":908,""y"":380,""t"":2443},{""x"":848,""y"":443,""t"":2459},{""x"":742,""y"":511,""t"":2547},{""x"":654,""y"":566,""t"":2564},{""x"":544,""y"":592,""t"":2648},{""x"":425,""y"":595,""t"":2663},{""x"":362,""y"":610,""t"":2726},{""x"":283,""y"":607,""t"":2825},{""x"":268,""y"":604,""t"":2889},{""x"":251,""y"":596,""t"":2903},{""x"":420,""y"":623,""t"":2987},{""x"":566,""y"":623,""t"":3003},{""x"":754,""y"":596,""t"":3092},{""x"":911,""y"":590,""t"":3107},{""x"":1006,""y"":590,""t"":3161},{""x"":1052,""y"":605,""t"":3227},{""x"":1058,""y"":633,""t"":3283},{""x"":1032,""y"":621,""t"":3338},{""x"":916,""y"":597,""t"":3430},{""x"":842,""y"":573,""t"":3446},{""x"":747,""y"":548,""t"":3537},{""x"":623,""y"":466,""t"":3601},{""x"":485,""y"":379,""t"":3618},{""x"":362,""y"":293,""t"":3672},{""x"":265,""y"":234,""t"":3720},{""x"":227,""y"":212,""t"":3796},{""x"":195,""y"":191,""t"":3847},{""x"":288,""y"":183,""t"":3937},{""x"":371,""y"":157,""t"":3952},{""x"":481,""y"":134,""t"":4039},{""x"":594,""y"":116,""t"":4055},{""x"":744,""y"":119,""t"":4144},{""x"":834,""y"":125,""t"":4161},{""x"":925,""y"":120,""t"":4269},{""x"":969,""y"":123,""t"":4288},{""x"":1051,""y"":173,""t"":4373},{""x"":1111,""y"":221,""t"":4388},{""x"":1120,""y"":354,""t"":4475},{""x"":1149,""y"":475,""t"":4491},{""x"":1150,""y"":565,""t"":4588},{""x"":1161,""y"":577,""t"":4604},{""x"":1186,""y"":581,""t"":4657},{""x"":1000,""y"":534,""t"":4708},{""x"":864,""y"":476,""t"":4757},{""x"":798,""y"":420,""t"":4828},{""x"":705,""y"":368,""t"":4878},{""x"":629,""y"":316,""t"":4929},{""x"":561,""y"":271,""t"":4983},{""x"":490,""y"":235,""t"":5034},{""x"":465,""y"":214,""t"":5123},{""x"":415,""y"":199,""t"":5138},{""x"":390,""y"":176,""t"":5222},{""x"":357,""y"":175,""t"":5238},{""x"":378,""y"":166,""t"":5342},{""x"":460,""y"":214,""t"":5400},{""x"":552,""y"":272,""t"":5416},{""x"":627,""y"":282,""t"":5505},{""x"":713,""y"":319,""t"":5521},{""x"":734,""y"":333,""t"":5577},{""x"":769,""y"":354,""t"":5674},{""x"":855,""y"":389,""t"":5689},{""x"":913,""y"":399,""t"":5772},{""x"":877,""y"":366,""t"":5786}]",0,0.8134392980372493,0.1865607019627507,wa_dn,0
105-attributes,1,92,exp_49,0.0,197.56499998038635,0.49,0.32,6.9,8.2,higher_p,higher_m,0,1,attributes,1.0,True,3.381,2.624,0.7570000000000006,1.0364678509508771,0.5,0.5,0.6,0.4,0.0,1.0,higher_p,higher_m,True,"{""durations"":[1500,1000,1500,1000],""alternatives"":[""all"",""all"",""all"",""all""],""attributes"":[""p"",""m"",""p"",""m""]}","[{""x"":941,""y"":411,""t"":-16},{""x"":941,""y"":420,""t"":0},{""x"":930,""y"":432,""t"":99},{""x"":895,""y"":416,""t"":126},{""x"":885,""y"":408,""t"":239},{""x"":790,""y"":427,""t"":301},{""x"":757,""y"":439,""t"":318},{""x"":670,""y"":430,""t"":420},{""x"":582,""y"":404,""t"":443},{""x"":664,""y"":454,""t"":535},{""x"":737,""y"":497,""t"":550},{""x"":918,""y"":517,""t"":641},{""x"":1072,""y"":534,""t"":657},{""x"":1163,""y"":528,""t"":746},{""x"":1235,""y"":522,""t"":761},{""x"":1231,""y"":551,""t"":848},{""x"":1222,""y"":574,""t"":863},{""x"":1089,""y"":575,""t"":972},{""x"":974,""y"":578,""t"":987},{""x"":859,""y"":580,""t"":1073},{""x"":767,""y"":567,""t"":1093},{""x"":703,""y"":555,""t"":1184},{""x"":658,""y"":547,""t"":1198},{""x"":716,""y"":518,""t"":1288},{""x"":732,""y"":478,""t"":1303},{""x"":745,""y"":415,""t"":1392},{""x"":750,""y"":370,""t"":1410},{""x"":741,""y"":335,""t"":1479},{""x"":697,""y"":288,""t"":1532},{""x"":653,""y"":223,""t"":1619},{""x"":597,""y"":192,""t"":1635},{""x"":566,""y"":136,""t"":1721},{""x"":537,""y"":120,""t"":1737},{""x"":555,""y"":104,""t"":1822},{""x"":581,""y"":97,""t"":1839},{""x"":665,""y"":91,""t"":1955},{""x"":763,""y"":97,""t"":1972},{""x"":855,""y"":160,""t"":2060},{""x"":976,""y"":221,""t"":2075},{""x"":993,""y"":353,""t"":2171},{""x"":963,""y"":451,""t"":2187},{""x"":879,""y"":486,""t"":2271},{""x"":724,""y"":517,""t"":2286},{""x"":720,""y"":503,""t"":2369},{""x"":685,""y"":479,""t"":2384},{""x"":668,""y"":438,""t"":2483},{""x"":639,""y"":379,""t"":2547},{""x"":619,""y"":316,""t"":2564},{""x"":590,""y"":285,""t"":2618},{""x"":682,""y"":328,""t"":2668},{""x"":809,""y"":373,""t"":2720},{""x"":877,""y"":427,""t"":2770},{""x"":967,""y"":460,""t"":2817},{""x"":1029,""y"":482,""t"":2866},{""x"":931,""y"":519,""t"":2975},{""x"":843,""y"":549,""t"":2993},{""x"":753,""y"":567,""t"":3084},{""x"":676,""y"":580,""t"":3098},{""x"":582,""y"":597,""t"":3184},{""x"":505,""y"":609,""t"":3199},{""x"":427,""y"":613,""t"":3287},{""x"":388,""y"":626,""t"":3302},{""x"":420,""y"":662,""t"":3389},{""x"":406,""y"":696,""t"":3406},{""x"":500,""y"":731,""t"":3521},{""x"":532,""y"":731,""t"":3537},{""x"":590,""y"":745,""t"":3623},{""x"":609,""y"":745,""t"":3639},{""x"":712,""y"":678,""t"":3726},{""x"":761,""y"":679,""t"":3742},{""x"":742,""y"":665,""t"":3829},{""x"":792,""y"":627,""t"":3850},{""x"":839,""y"":561,""t"":3939},{""x"":888,""y"":534,""t"":3954},{""x"":937,""y"":516,""t"":4056},{""x"":989,""y"":487,""t"":4116},{""x"":919,""y"":412,""t"":4177},{""x"":872,""y"":415,""t"":4193},{""x"":840,""y"":411,""t"":4287},{""x"":779,""y"":406,""t"":4349},{""x"":691,""y"":361,""t"":4365},{""x"":694,""y"":298,""t"":4447},{""x"":832,""y"":257,""t"":4462},{""x"":966,""y"":275,""t"":4540},{""x"":1071,""y"":206,""t"":4593},{""x"":1056,""y"":170,""t"":4683},{""x"":1008,""y"":124,""t"":4699},{""x"":868,""y"":110,""t"":4786},{""x"":795,""y"":98,""t"":4801},{""x"":734,""y"":71,""t"":4888},{""x"":630,""y"":63,""t"":4903},{""x"":490,""y"":54,""t"":4989},{""x"":392,""y"":53,""t"":5009},{""x"":309,""y"":44,""t"":5067},{""x"":326,""y"":31,""t"":5168},{""x"":377,""y"":39,""t"":5187},{""x"":300,""y"":61,""t"":5240},{""x"":485,""y"":179,""t"":5330},{""x"":520,""y"":178,""t"":5350},{""x"":582,""y"":207,""t"":5434},{""x"":635,""y"":231,""t"":5449},{""x"":697,""y"":259,""t"":5548},{""x"":753,""y"":287,""t"":5607},{""x"":788,""y"":296,""t"":5623},{""x"":784,""y"":298,""t"":5709},{""x"":756,""y"":274,""t"":5724},{""x"":773,""y"":283,""t"":5810}]",0,0.8587888471271443,0.14121115287285563,wa_dn,0
105-attributes,1,93,exp_41,1.0,100.77499999897556,0.81,0.48,1.6999999999999995,7.9,higher_p,higher_m,0,1,attributes,1.0,True,1.3769999999999998,3.792,-2.415,-2.2283544163938904,0.5,0.5,0.6,0.4,0.0,1.0,higher_p,higher_m,False,"{""durations"":[1500,1000,1500,1000],""alternatives"":[""all"",""all"",""all"",""all""],""attributes"":[""p"",""m"",""p"",""m""]}","[{""x"":823,""y"":309,""t"":-16},{""x"":821,""y"":319,""t"":0},{""x"":806,""y"":290,""t"":101},{""x"":793,""y"":295,""t"":126},{""x"":787,""y"":388,""t"":214},{""x"":705,""y"":432,""t"":286},{""x"":652,""y"":467,""t"":340},{""x"":710,""y"":542,""t"":431},{""x"":774,""y"":611,""t"":446},{""x"":843,""y"":692,""t"":533},{""x"":902,""y"":758,""t"":548},{""x"":989,""y"":791,""t"":635},{""x"":1061,""y"":814,""t"":651},{""x"":1142,""y"":797,""t"":770},{""x"":1225,""y"":780,""t"":787},{""x"":1177,""y"":779,""t"":875},{""x"":1121,""y"":765,""t"":891},{""x"":1073,""y"":752,""t"":979},{""x"":933,""y"":743,""t"":994},{""x"":860,""y"":733,""t"":1081},{""x"":828,""y"":720,""t"":1096},{""x"":739,""y"":706,""t"":1182},{""x"":691,""y"":689,""t"":1197},{""x"":720,""y"":677,""t"":1273},{""x"":701,""y"":675,""t"":1329},{""x"":633,""y"":674,""t"":1418},{""x"":578,""y"":674,""t"":1434},{""x"":700,""y"":644,""t"":1523},{""x"":802,""y"":614,""t"":1544},{""x"":896,""y"":601,""t"":1633},{""x"":991,""y"":595,""t"":1697},{""x"":1090,""y"":574,""t"":1711},{""x"":1154,""y"":552,""t"":1843},{""x"":1162,""y"":496,""t"":1911},{""x"":1200,""y"":444,""t"":1972},{""x"":1066,""y"":387,""t"":1988},{""x"":927,""y"":320,""t"":2046},{""x"":751,""y"":243,""t"":2131},{""x"":587,""y"":188,""t"":2147},{""x"":502,""y"":126,""t"":2236},{""x"":372,""y"":100,""t"":2253},{""x"":278,""y"":76,""t"":2370},{""x"":206,""y"":59,""t"":2384},{""x"":141,""y"":50,""t"":2470},{""x"":84,""y"":37,""t"":2486},{""x"":285,""y"":195,""t"":2573},{""x"":445,""y"":359,""t"":2590},{""x"":454,""y"":443,""t"":2678},{""x"":441,""y"":532,""t"":2693},{""x"":439,""y"":484,""t"":2775},{""x"":448,""y"":473,""t"":2791},{""x"":405,""y"":425,""t"":2890},{""x"":443,""y"":458,""t"":2906},{""x"":394,""y"":474,""t"":2958},{""x"":381,""y"":495,""t"":3009},{""x"":414,""y"":518,""t"":3064},{""x"":432,""y"":532,""t"":3159},{""x"":456,""y"":549,""t"":3174},{""x"":630,""y"":578,""t"":3272},{""x"":874,""y"":604,""t"":3350},{""x"":1009,""y"":613,""t"":3367},{""x"":1161,""y"":622,""t"":3453},{""x"":1277,""y"":627,""t"":3470},{""x"":1349,""y"":653,""t"":3556},{""x"":1334,""y"":652,""t"":3601},{""x"":1343,""y"":648,""t"":3616},{""x"":1235,""y"":667,""t"":3740},{""x"":1154,""y"":675,""t"":3810},{""x"":1139,""y"":661,""t"":3896},{""x"":1065,""y"":666,""t"":3912},{""x"":1044,""y"":650,""t"":4003},{""x"":1015,""y"":627,""t"":4019},{""x"":974,""y"":586,""t"":4113},{""x"":934,""y"":585,""t"":4130},{""x"":907,""y"":600,""t"":4184},{""x"":893,""y"":592,""t"":4274},{""x"":892,""y"":586,""t"":4290},{""x"":913,""y"":583,""t"":4377},{""x"":937,""y"":582,""t"":4411},{""x"":911,""y"":592,""t"":4467},{""x"":924,""y"":590,""t"":4557},{""x"":982,""y"":579,""t"":4613},{""x"":966,""y"":593,""t"":4628},{""x"":978,""y"":590,""t"":4715},{""x"":1016,""y"":595,""t"":4731},{""x"":1010,""y"":589,""t"":4816},{""x"":992,""y"":599,""t"":4831},{""x"":977,""y"":607,""t"":4934},{""x"":1008,""y"":591,""t"":4995},{""x"":993,""y"":578,""t"":5010},{""x"":1023,""y"":593,""t"":5101},{""x"":1076,""y"":571,""t"":5160},{""x"":1028,""y"":589,""t"":5176},{""x"":1053,""y"":578,""t"":5261},{""x"":1069,""y"":576,""t"":5278},{""x"":1008,""y"":608,""t"":5363},{""x"":1005,""y"":591,""t"":5378},{""x"":1023,""y"":603,""t"":5475},{""x"":1021,""y"":605,""t"":5535},{""x"":1009,""y"":590,""t"":5550},{""x"":991,""y"":590,""t"":5634},{""x"":1012,""y"":567,""t"":5650},{""x"":1021,""y"":572,""t"":5741}]",1,0.013466299221018276,0.9865337007789817,wa_dn,0
105-attributes,1,97,exp_5,0.0,65.70000000647269,0.79,0.49,5.300000000000001,8.3,higher_p,higher_m,0,1,attributes,1.0,True,4.187000000000001,4.067,0.120000000000001,0.3808273136562316,0.5,0.5,0.4,0.6,1.0,0.0,higher_m,higher_p,True,"{""durations"":[1500,1000,1500,1000],""alternatives"":[""all"",""all"",""all"",""all""],""attributes"":[""m"",""p"",""m"",""p""]}","[{""x"":901,""y"":389,""t"":-19},{""x"":887,""y"":398,""t"":0},{""x"":883,""y"":383,""t"":137},{""x"":886,""y"":388,""t"":184},{""x"":924,""y"":429,""t"":240},{""x"":885,""y"":412,""t"":327},{""x"":882,""y"":422,""t"":344},{""x"":788,""y"":373,""t"":429},{""x"":687,""y"":331,""t"":446},{""x"":768,""y"":313,""t"":531},{""x"":864,""y"":287,""t"":547},{""x"":878,""y"":257,""t"":660},{""x"":855,""y"":225,""t"":680},{""x"":744,""y"":176,""t"":769},{""x"":591,""y"":143,""t"":787},{""x"":494,""y"":126,""t"":878},{""x"":386,""y"":110,""t"":893},{""x"":414,""y"":112,""t"":981},{""x"":436,""y"":110,""t"":996},{""x"":489,""y"":138,""t"":1081},{""x"":537,""y"":165,""t"":1096},{""x"":654,""y"":202,""t"":1201},{""x"":732,""y"":230,""t"":1226},{""x"":822,""y"":262,""t"":1312},{""x"":900,""y"":277,""t"":1327},{""x"":961,""y"":292,""t"":1413},{""x"":995,""y"":294,""t"":1428},{""x"":1068,""y"":315,""t"":1519},{""x"":1123,""y"":336,""t"":1539},{""x"":1163,""y"":363,""t"":1628},{""x"":1165,""y"":361,""t"":1644},{""x"":1151,""y"":414,""t"":1715},{""x"":1201,""y"":441,""t"":1778},{""x"":1150,""y"":493,""t"":1866},{""x"":984,""y"":509,""t"":1881},{""x"":835,""y"":508,""t"":1935},{""x"":825,""y"":559,""t"":1992},{""x"":750,""y"":561,""t"":2042},{""x"":767,""y"":631,""t"":2129},{""x"":738,""y"":678,""t"":2145},{""x"":682,""y"":709,""t"":2253},{""x"":596,""y"":762,""t"":2315},{""x"":503,""y"":750,""t"":2376},{""x"":391,""y"":755,""t"":2391},{""x"":329,""y"":638,""t"":2494},{""x"":305,""y"":540,""t"":2517},{""x"":246,""y"":424,""t"":2602},{""x"":244,""y"":328,""t"":2619},{""x"":238,""y"":255,""t"":2710},{""x"":217,""y"":198,""t"":2745},{""x"":206,""y"":148,""t"":2798},{""x"":211,""y"":97,""t"":2885},{""x"":201,""y"":68,""t"":2901},{""x"":243,""y"":60,""t"":2992},{""x"":466,""y"":57,""t"":3051},{""x"":638,""y"":55,""t"":3067},{""x"":752,""y"":49,""t"":3159},{""x"":882,""y"":45,""t"":3174},{""x"":982,""y"":49,""t"":3290},{""x"":1040,""y"":58,""t"":3305},{""x"":1148,""y"":47,""t"":3404},{""x"":1121,""y"":57,""t"":3465},{""x"":1195,""y"":37,""t"":3479},{""x"":1215,""y"":55,""t"":3564},{""x"":1224,""y"":70,""t"":3578},{""x"":1202,""y"":68,""t"":3664},{""x"":1177,""y"":66,""t"":3679},{""x"":1136,""y"":125,""t"":3779},{""x"":1116,""y"":172,""t"":3841},{""x"":1071,""y"":213,""t"":3857},{""x"":1007,""y"":243,""t"":3907},{""x"":995,""y"":267,""t"":3961},{""x"":1012,""y"":289,""t"":4013},{""x"":1057,""y"":328,""t"":4100},{""x"":1062,""y"":344,""t"":4117},{""x"":1057,""y"":351,""t"":4209},{""x"":1053,""y"":355,""t"":4224},{""x"":1088,""y"":389,""t"":4336},{""x"":1117,""y"":416,""t"":4354},{""x"":1094,""y"":470,""t"":4440},{""x"":1073,""y"":514,""t"":4455},{""x"":905,""y"":518,""t"":4558},{""x"":778,""y"":529,""t"":4620},{""x"":674,""y"":536,""t"":4636},{""x"":551,""y"":538,""t"":4720},{""x"":463,""y"":534,""t"":4735},{""x"":487,""y"":590,""t"":4836},{""x"":552,""y"":657,""t"":4897},{""x"":438,""y"":681,""t"":4957},{""x"":353,""y"":707,""t"":4973},{""x"":263,""y"":685,""t"":5063},{""x"":226,""y"":659,""t"":5083},{""x"":241,""y"":656,""t"":5134},{""x"":278,""y"":634,""t"":5182},{""x"":306,""y"":593,""t"":5233},{""x"":301,""y"":578,""t"":5285},{""x"":352,""y"":526,""t"":5385},{""x"":379,""y"":451,""t"":5407},{""x"":504,""y"":433,""t"":5492},{""x"":620,""y"":444,""t"":5508},{""x"":698,""y"":417,""t"":5596},{""x"":780,""y"":413,""t"":5614},{""x"":836,""y"":404,""t"":5700},{""x"":878,""y"":398,""t"":5714}]",0,0.6275685302233779,0.3724314697766221,wa_dn,0
105-attributes,1,99,exp_21,1.0,193.58500000089407,0.28,0.17,4.3,8.3,higher_p,higher_m,0,1,attributes,1.0,True,1.204,1.4110000000000005,-0.2070000000000003,0.0442583094249128,0.5,0.5,0.4,0.6,1.0,0.0,higher_m,higher_p,False,"{""durations"":[1500,1000,1500,1000],""alternatives"":[""all"",""all"",""all"",""all""],""attributes"":[""m"",""p"",""m"",""p""]}","[{""x"":978,""y"":696,""t"":-60},{""x"":967,""y"":677,""t"":0},{""x"":939,""y"":658,""t"":106},{""x"":1008,""y"":612,""t"":148},{""x"":1022,""y"":592,""t"":235},{""x"":1042,""y"":579,""t"":250},{""x"":1075,""y"":579,""t"":336},{""x"":1106,""y"":579,""t"":351},{""x"":899,""y"":453,""t"":464},{""x"":755,""y"":374,""t"":480},{""x"":763,""y"":316,""t"":568},{""x"":713,""y"":252,""t"":583},{""x"":699,""y"":196,""t"":677},{""x"":700,""y"":153,""t"":696},{""x"":678,""y"":117,""t"":748},{""x"":587,""y"":98,""t"":811},{""x"":508,""y"":75,""t"":865},{""x"":402,""y"":57,""t"":969},{""x"":325,""y"":61,""t"":987},{""x"":272,""y"":43,""t"":1076},{""x"":202,""y"":34,""t"":1092},{""x"":249,""y"":76,""t"":1176},{""x"":226,""y"":110,""t"":1193},{""x"":239,""y"":158,""t"":1277},{""x"":254,""y"":200,""t"":1293},{""x"":271,""y"":231,""t"":1381},{""x"":279,""y"":257,""t"":1398},{""x"":332,""y"":273,""t"":1501},{""x"":420,""y"":331,""t"":1563},{""x"":429,""y"":345,""t"":1579},{""x"":520,""y"":402,""t"":1666},{""x"":535,""y"":466,""t"":1683},{""x"":579,""y"":499,""t"":1733},{""x"":734,""y"":532,""t"":1784},{""x"":979,""y"":551,""t"":1835},{""x"":1121,""y"":566,""t"":1887},{""x"":1265,""y"":567,""t"":1940},{""x"":1356,""y"":600,""t"":2043},{""x"":1340,""y"":651,""t"":2103},{""x"":1325,""y"":715,""t"":2117},{""x"":1342,""y"":766,""t"":2204},{""x"":1358,""y"":797,""t"":2219},{""x"":1397,""y"":789,""t"":2304},{""x"":1412,""y"":779,""t"":2319},{""x"":1451,""y"":752,""t"":2401},{""x"":1481,""y"":723,""t"":2417},{""x"":1423,""y"":622,""t"":2521},{""x"":1366,""y"":513,""t"":2593},{""x"":1232,""y"":418,""t"":2658},{""x"":1198,""y"":341,""t"":2717},{""x"":1159,""y"":283,""t"":2732},{""x"":1121,""y"":230,""t"":2817},{""x"":1092,""y"":189,""t"":2831},{""x"":879,""y"":149,""t"":2920},{""x"":709,""y"":120,""t"":2936},{""x"":527,""y"":91,""t"":3029},{""x"":369,""y"":82,""t"":3090},{""x"":263,""y"":77,""t"":3106},{""x"":189,""y"":74,""t"":3191},{""x"":154,""y"":74,""t"":3206},{""x"":111,""y"":70,""t"":3291},{""x"":73,""y"":71,""t"":3307},{""x"":68,""y"":79,""t"":3392},{""x"":71,""y"":87,""t"":3406},{""x"":194,""y"":135,""t"":3513},{""x"":271,""y"":154,""t"":3537},{""x"":396,""y"":203,""t"":3622},{""x"":498,""y"":241,""t"":3638},{""x"":609,""y"":288,""t"":3725},{""x"":701,""y"":326,""t"":3741},{""x"":713,""y"":349,""t"":3828},{""x"":717,""y"":365,""t"":3844},{""x"":674,""y"":378,""t"":3930},{""x"":596,""y"":368,""t"":3946},{""x"":651,""y"":387,""t"":4045},{""x"":709,""y"":440,""t"":4063},{""x"":666,""y"":444,""t"":4120},{""x"":806,""y"":476,""t"":4207},{""x"":919,""y"":504,""t"":4222},{""x"":1051,""y"":532,""t"":4302},{""x"":1135,""y"":534,""t"":4355},{""x"":1173,""y"":529,""t"":4440},{""x"":1199,""y"":522,""t"":4455},{""x"":1076,""y"":513,""t"":4557},{""x"":913,""y"":465,""t"":4617},{""x"":800,""y"":475,""t"":4633},{""x"":673,""y"":443,""t"":4718},{""x"":658,""y"":448,""t"":4734},{""x"":642,""y"":447,""t"":4821},{""x"":610,""y"":463,""t"":4837},{""x"":593,""y"":483,""t"":4922},{""x"":529,""y"":475,""t"":4937},{""x"":601,""y"":554,""t"":5042},{""x"":712,""y"":619,""t"":5066},{""x"":804,""y"":682,""t"":5155},{""x"":882,""y"":734,""t"":5170},{""x"":902,""y"":769,""t"":5256},{""x"":908,""y"":785,""t"":5271},{""x"":1036,""y"":803,""t"":5357},{""x"":1136,""y"":812,""t"":5373},{""x"":1216,""y"":797,""t"":5460},{""x"":1259,""y"":786,""t"":5475},{""x"":1245,""y"":715,""t"":5599},{""x"":1234,""y"":677,""t"":5615},{""x"":1215,""y"":650,""t"":5701},{""x"":1147,""y"":599,""t"":5717}]",1,0.3763403842940381,0.623659615705962,wa_dn,0
105-attributes,1,105,exp_11,1.0,292.62500000186265,0.7,0.29,1.7999999999999998,5.0,higher_p,higher_m,0,1,attributes,1.0,True,1.2599999999999998,1.45,-0.1900000000000001,0.0617557805929019,0.5,0.5,0.6,0.4,0.0,0.0,higher_p,higher_p,False,"{""durations"":[1000,1500,1000,1500],""alternatives"":[""all"",""all"",""all"",""all""],""attributes"":[""m"",""p"",""m"",""p""]}","[{""x"":872,""y"":652,""t"":-16},{""x"":868,""y"":637,""t"":0},{""x"":873,""y"":627,""t"":110},{""x"":887,""y"":609,""t"":136},{""x"":931,""y"":591,""t"":277},{""x"":786,""y"":539,""t"":338},{""x"":647,""y"":498,""t"":355},{""x"":527,""y"":409,""t"":448},{""x"":435,""y"":339,""t"":510},{""x"":359,""y"":283,""t"":524},{""x"":282,""y"":236,""t"":609},{""x"":217,""y"":194,""t"":625},{""x"":186,""y"":160,""t"":722},{""x"":160,""y"":140,""t"":782},{""x"":264,""y"":123,""t"":797},{""x"":462,""y"":131,""t"":848},{""x"":632,""y"":142,""t"":899},{""x"":800,""y"":146,""t"":951},{""x"":931,""y"":158,""t"":1002},{""x"":1037,""y"":171,""t"":1054},{""x"":1137,""y"":185,""t"":1144},{""x"":1215,""y"":199,""t"":1159},{""x"":1142,""y"":213,""t"":1260},{""x"":1013,""y"":231,""t"":1320},{""x"":929,""y"":239,""t"":1336},{""x"":798,""y"":294,""t"":1438},{""x"":638,""y"":303,""t"":1501},{""x"":730,""y"":376,""t"":1561},{""x"":819,""y"":443,""t"":1575},{""x"":955,""y"":495,""t"":1662},{""x"":1025,""y"":519,""t"":1678},{""x"":1094,""y"":546,""t"":1775},{""x"":1187,""y"":571,""t"":1804},{""x"":1171,""y"":634,""t"":1894},{""x"":1140,""y"":681,""t"":1913},{""x"":1169,""y"":708,""t"":1996},{""x"":1190,""y"":727,""t"":2010},{""x"":1290,""y"":698,""t"":2102},{""x"":1327,""y"":681,""t"":2117},{""x"":1337,""y"":623,""t"":2200},{""x"":1392,""y"":559,""t"":2237},{""x"":1407,""y"":499,""t"":2292},{""x"":1359,""y"":441,""t"":2353},{""x"":1373,""y"":419,""t"":2440},{""x"":1421,""y"":413,""t"":2455},{""x"":1458,""y"":392,""t"":2538},{""x"":1486,""y"":376,""t"":2553},{""x"":1441,""y"":359,""t"":2642},{""x"":1418,""y"":360,""t"":2657},{""x"":1251,""y"":321,""t"":2760},{""x"":1038,""y"":269,""t"":2823},{""x"":837,""y"":229,""t"":2883},{""x"":672,""y"":198,""t"":2899},{""x"":737,""y"":218,""t"":2984},{""x"":757,""y"":220,""t"":3003},{""x"":833,""y"":234,""t"":3088},{""x"":912,""y"":246,""t"":3103},{""x"":870,""y"":238,""t"":3186},{""x"":851,""y"":228,""t"":3203},{""x"":731,""y"":210,""t"":3310},{""x"":633,""y"":195,""t"":3333},{""x"":562,""y"":182,""t"":3429},{""x"":518,""y"":179,""t"":3444},{""x"":494,""y"":183,""t"":3532},{""x"":503,""y"":197,""t"":3548},{""x"":497,""y"":206,""t"":3633},{""x"":502,""y"":215,""t"":3648},{""x"":558,""y"":270,""t"":3736},{""x"":520,""y"":292,""t"":3751},{""x"":578,""y"":336,""t"":3821},{""x"":582,""y"":357,""t"":3914},{""x"":637,""y"":398,""t"":3981},{""x"":817,""y"":434,""t"":4040},{""x"":985,""y"":483,""t"":4056},{""x"":1045,""y"":499,""t"":4139},{""x"":1091,""y"":510,""t"":4154},{""x"":1133,""y"":546,""t"":4240},{""x"":1191,""y"":564,""t"":4256},{""x"":1180,""y"":587,""t"":4360},{""x"":1134,""y"":623,""t"":4421},{""x"":1031,""y"":631,""t"":4480},{""x"":953,""y"":643,""t"":4495},{""x"":944,""y"":646,""t"":4577},{""x"":936,""y"":636,""t"":4591},{""x"":846,""y"":648,""t"":4675},{""x"":802,""y"":671,""t"":4693},{""x"":746,""y"":709,""t"":4803},{""x"":596,""y"":739,""t"":4866},{""x"":521,""y"":750,""t"":4927},{""x"":469,""y"":753,""t"":4942},{""x"":429,""y"":749,""t"":5051},{""x"":445,""y"":729,""t"":5077},{""x"":421,""y"":722,""t"":5148},{""x"":398,""y"":716,""t"":5202},{""x"":406,""y"":705,""t"":5309},{""x"":406,""y"":692,""t"":5339},{""x"":434,""y"":693,""t"":5428},{""x"":459,""y"":695,""t"":5443},{""x"":575,""y"":637,""t"":5535},{""x"":633,""y"":605,""t"":5552},{""x"":749,""y"":585,""t"":5648},{""x"":813,""y"":554,""t"":5708},{""x"":851,""y"":509,""t"":5723},{""x"":914,""y"":503,""t"":5828},{""x"":928,""y"":509,""t"":5850},{""x"":965,""y"":486,""t"":5942},{""x"":950,""y"":468,""t"":5958}]",1,0.4879474268012444,0.5120525731987555,wa_dn,0
105-attributes,1,106,exp_85,1.0,546.0199999797624,0.61,0.29,2.2,8.1,higher_p,higher_m,0,1,attributes,1.0,True,1.342,2.349,-1.0069999999999997,-0.7791520984804502,0.5,0.5,0.4,0.6,1.0,0.0,higher_m,higher_p,False,"{""durations"":[1500,1000,1500,1000],""alternatives"":[""all"",""all"",""all"",""all""],""attributes"":[""m"",""p"",""m"",""p""]}","[{""x"":1019,""y"":524,""t"":-17},{""x"":1002,""y"":514,""t"":0},{""x"":1003,""y"":521,""t"":98},{""x"":847,""y"":439,""t"":114},{""x"":704,""y"":366,""t"":182},{""x"":578,""y"":301,""t"":264},{""x"":448,""y"":255,""t"":330},{""x"":352,""y"":215,""t"":381},{""x"":443,""y"":199,""t"":471},{""x"":590,""y"":196,""t"":487},{""x"":715,""y"":149,""t"":575},{""x"":814,""y"":117,""t"":591},{""x"":871,""y"":106,""t"":677},{""x"":905,""y"":85,""t"":693},{""x"":912,""y"":81,""t"":800},{""x"":945,""y"":75,""t"":818},{""x"":946,""y"":83,""t"":905},{""x"":970,""y"":77,""t"":921},{""x"":962,""y"":77,""t"":1016},{""x"":1032,""y"":108,""t"":1030},{""x"":1004,""y"":100,""t"":1086},{""x"":953,""y"":99,""t"":1135},{""x"":944,""y"":122,""t"":1192},{""x"":920,""y"":129,""t"":1276},{""x"":864,""y"":127,""t"":1337},{""x"":760,""y"":116,""t"":1434},{""x"":650,""y"":110,""t"":1493},{""x"":555,""y"":120,""t"":1509},{""x"":475,""y"":119,""t"":1598},{""x"":408,""y"":120,""t"":1658},{""x"":369,""y"":120,""t"":1674},{""x"":421,""y"":141,""t"":1759},{""x"":502,""y"":196,""t"":1775},{""x"":619,""y"":224,""t"":1882},{""x"":731,""y"":256,""t"":1906},{""x"":889,""y"":303,""t"":1992},{""x"":960,""y"":307,""t"":2007},{""x"":1011,""y"":323,""t"":2097},{""x"":1135,""y"":339,""t"":2111},{""x"":1158,""y"":380,""t"":2197},{""x"":1164,""y"":435,""t"":2212},{""x"":1084,""y"":502,""t"":2299},{""x"":1023,""y"":558,""t"":2319},{""x"":855,""y"":672,""t"":2412},{""x"":727,""y"":763,""t"":2428},{""x"":653,""y"":778,""t"":2526},{""x"":597,""y"":796,""t"":2550},{""x"":569,""y"":802,""t"":2636},{""x"":544,""y"":802,""t"":2657},{""x"":542,""y"":794,""t"":2744},{""x"":545,""y"":784,""t"":2759},{""x"":453,""y"":669,""t"":2846},{""x"":374,""y"":542,""t"":2876},{""x"":321,""y"":435,""t"":2932},{""x"":376,""y"":338,""t"":3018},{""x"":454,""y"":277,""t"":3034},{""x"":529,""y"":210,""t"":3127},{""x"":620,""y"":143,""t"":3146},{""x"":695,""y"":106,""t"":3204},{""x"":720,""y"":81,""t"":3293},{""x"":748,""y"":61,""t"":3309},{""x"":698,""y"":35,""t"":3428},{""x"":628,""y"":28,""t"":3442},{""x"":576,""y"":18,""t"":3529},{""x"":507,""y"":14,""t"":3546},{""x"":540,""y"":26,""t"":3633},{""x"":569,""y"":40,""t"":3648},{""x"":518,""y"":59,""t"":3734},{""x"":462,""y"":73,""t"":3749},{""x"":457,""y"":78,""t"":3834},{""x"":440,""y"":90,""t"":3848},{""x"":428,""y"":106,""t"":3967},{""x"":419,""y"":120,""t"":3983},{""x"":466,""y"":133,""t"":4070},{""x"":469,""y"":122,""t"":4087},{""x"":441,""y"":126,""t"":4173},{""x"":465,""y"":124,""t"":4189},{""x"":487,""y"":135,""t"":4276},{""x"":541,""y"":125,""t"":4296},{""x"":512,""y"":127,""t"":4381},{""x"":538,""y"":105,""t"":4396},{""x"":603,""y"":132,""t"":4477},{""x"":582,""y"":136,""t"":4534},{""x"":576,""y"":148,""t"":4621},{""x"":576,""y"":166,""t"":4637},{""x"":641,""y"":204,""t"":4723},{""x"":723,""y"":249,""t"":4738},{""x"":779,""y"":265,""t"":4825},{""x"":821,""y"":287,""t"":4840},{""x"":815,""y"":288,""t"":4931},{""x"":848,""y"":295,""t"":4999},{""x"":888,""y"":303,""t"":5061},{""x"":934,""y"":318,""t"":5077},{""x"":964,""y"":315,""t"":5174},{""x"":1017,""y"":328,""t"":5232},{""x"":1050,""y"":349,""t"":5247},{""x"":1063,""y"":438,""t"":5329},{""x"":1097,""y"":520,""t"":5344},{""x"":1045,""y"":592,""t"":5457},{""x"":989,""y"":645,""t"":5476},{""x"":996,""y"":641,""t"":5561},{""x"":1015,""y"":635,""t"":5578},{""x"":1021,""y"":611,""t"":5664},{""x"":1006,""y"":591,""t"":5684},{""x"":1017,""y"":562,""t"":5773},{""x"":1029,""y"":550,""t"":5789},{""x"":1040,""y"":524,""t"":5876},{""x"":1016,""y"":504,""t"":5892},{""x"":1010,""y"":489,""t"":5990},{""x"":996,""y"":474,""t"":6049},{""x"":956,""y"":444,""t"":6064},{""x"":956,""y"":433,""t"":6154}]",1,0.11223462137452488,0.8877653786254751,wa_dn,0
105-attributes,1,108,catch_17,1.0,438.02500001038425,0.4,0.68,2.2,3.0,dominated,dominant,1,1,attributes,1.0,True,0.8800000000000001,2.04,-1.16,-0.9366293389923512,0.5,0.5,0.5,0.5,,1.0,,dominant,True,"{""durations"":[1250,1250,1250,1250],""attributes"":[""p"",""m"",""p"",""m""],""alternatives"":[""all"",""all"",""all"",""all""]}","[{""x"":983,""y"":481,""t"":0},{""x"":1006,""y"":484,""t"":61},{""x"":1000,""y"":491,""t"":77},{""x"":996,""y"":474,""t"":150},{""x"":992,""y"":485,""t"":214},{""x"":972,""y"":512,""t"":321},{""x"":886,""y"":536,""t"":373},{""x"":760,""y"":524,""t"":425},{""x"":654,""y"":512,""t"":477},{""x"":750,""y"":550,""t"":569},{""x"":828,""y"":591,""t"":589},{""x"":924,""y"":639,""t"":686},{""x"":967,""y"":649,""t"":748},{""x"":1066,""y"":667,""t"":762},{""x"":1159,""y"":683,""t"":881},{""x"":1190,""y"":679,""t"":899},{""x"":1209,""y"":675,""t"":950},{""x"":1225,""y"":687,""t"":1001},{""x"":1247,""y"":681,""t"":1056},{""x"":1233,""y"":665,""t"":1145},{""x"":1217,""y"":650,""t"":1160},{""x"":1267,""y"":661,""t"":1248},{""x"":1295,""y"":655,""t"":1266},{""x"":1317,""y"":649,""t"":1366},{""x"":1285,""y"":647,""t"":1434},{""x"":1279,""y"":645,""t"":1495},{""x"":1245,""y"":638,""t"":1510},{""x"":1272,""y"":561,""t"":1596},{""x"":1315,""y"":492,""t"":1611},{""x"":1247,""y"":414,""t"":1708},{""x"":1025,""y"":298,""t"":1766},{""x"":881,""y"":233,""t"":1781},{""x"":651,""y"":163,""t"":1893},{""x"":541,""y"":107,""t"":1913},{""x"":392,""y"":59,""t"":1999},{""x"":254,""y"":22,""t"":2015},{""x"":293,""y"":0,""t"":2103},{""x"":336,""y"":-14,""t"":2120},{""x"":397,""y"":-12,""t"":2206},{""x"":493,""y"":-17,""t"":2222},{""x"":556,""y"":5,""t"":2308},{""x"":613,""y"":26,""t"":2325},{""x"":591,""y"":73,""t"":2434},{""x"":573,""y"":102,""t"":2450},{""x"":570,""y"":112,""t"":2540},{""x"":476,""y"":110,""t"":2556},{""x"":451,""y"":112,""t"":2643},{""x"":354,""y"":105,""t"":2658},{""x"":409,""y"":114,""t"":2755},{""x"":377,""y"":149,""t"":2815},{""x"":346,""y"":164,""t"":2830},{""x"":323,""y"":188,""t"":2942},{""x"":387,""y"":220,""t"":2959},{""x"":484,""y"":351,""t"":3049},{""x"":613,""y"":472,""t"":3064},{""x"":708,""y"":578,""t"":3154},{""x"":837,""y"":671,""t"":3169},{""x"":1006,""y"":738,""t"":3255},{""x"":1122,""y"":782,""t"":3269},{""x"":1214,""y"":783,""t"":3352},{""x"":1252,""y"":781,""t"":3367},{""x"":1307,""y"":774,""t"":3437},{""x"":1368,""y"":753,""t"":3528},{""x"":1412,""y"":731,""t"":3543},{""x"":1447,""y"":712,""t"":3628},{""x"":1478,""y"":684,""t"":3644},{""x"":1489,""y"":665,""t"":3730},{""x"":1492,""y"":649,""t"":3745},{""x"":1486,""y"":631,""t"":3832},{""x"":1477,""y"":615,""t"":3849},{""x"":1373,""y"":617,""t"":3947},{""x"":1250,""y"":632,""t"":4010},{""x"":1144,""y"":646,""t"":4025},{""x"":1014,""y"":635,""t"":4111},{""x"":906,""y"":649,""t"":4126},{""x"":699,""y"":528,""t"":4215},{""x"":535,""y"":425,""t"":4230},{""x"":396,""y"":331,""t"":4313},{""x"":300,""y"":272,""t"":4329},{""x"":412,""y"":237,""t"":4427},{""x"":572,""y"":243,""t"":4455},{""x"":653,""y"":225,""t"":4544},{""x"":728,""y"":212,""t"":4558},{""x"":783,""y"":209,""t"":4646},{""x"":834,""y"":205,""t"":4662},{""x"":806,""y"":197,""t"":4755},{""x"":749,""y"":169,""t"":4769},{""x"":707,""y"":158,""t"":4855},{""x"":652,""y"":154,""t"":4870},{""x"":587,""y"":152,""t"":4972},{""x"":555,""y"":158,""t"":4998},{""x"":479,""y"":156,""t"":5085},{""x"":463,""y"":153,""t"":5103},{""x"":429,""y"":158,""t"":5190},{""x"":395,""y"":162,""t"":5205},{""x"":376,""y"":164,""t"":5293},{""x"":363,""y"":167,""t"":5308},{""x"":452,""y"":195,""t"":5395},{""x"":521,""y"":214,""t"":5410},{""x"":661,""y"":329,""t"":5525},{""x"":758,""y"":436,""t"":5544},{""x"":886,""y"":528,""t"":5635},{""x"":930,""y"":599,""t"":5651},{""x"":941,""y"":665,""t"":5743},{""x"":979,""y"":683,""t"":5758},{""x"":1075,""y"":686,""t"":5813},{""x"":1074,""y"":678,""t"":5867},{""x"":1068,""y"":667,""t"":5917},{""x"":1086,""y"":660,""t"":6018}]",1,0.004706275226405762,0.9952937247735941,wa_dn,0
105-attributes,1,109,exp_93,0.0,364.7550000168849,0.5,0.38,3.0,4.0,higher_p,higher_m,0,1,attributes,1.0,True,1.5,1.52,-0.02,0.2367304922727919,0.5,0.5,0.4,0.6,1.0,0.0,higher_m,higher_p,True,"{""durations"":[1500,1000,1500,1000],""alternatives"":[""all"",""all"",""all"",""all""],""attributes"":[""m"",""p"",""m"",""p""]}","[{""x"":1074,""y"":467,""t"":-56},{""x"":1053,""y"":470,""t"":0},{""x"":1065,""y"":477,""t"":94},{""x"":1041,""y"":465,""t"":125},{""x"":1015,""y"":443,""t"":186},{""x"":996,""y"":438,""t"":263},{""x"":950,""y"":436,""t"":315},{""x"":816,""y"":372,""t"":425},{""x"":703,""y"":318,""t"":443},{""x"":788,""y"":306,""t"":537},{""x"":871,""y"":287,""t"":552},{""x"":889,""y"":267,""t"":638},{""x"":905,""y"":252,""t"":653},{""x"":921,""y"":236,""t"":745},{""x"":937,""y"":219,""t"":760},{""x"":811,""y"":207,""t"":842},{""x"":706,""y"":204,""t"":858},{""x"":569,""y"":185,""t"":978},{""x"":456,""y"":170,""t"":994},{""x"":376,""y"":151,""t"":1082},{""x"":314,""y"":135,""t"":1129},{""x"":238,""y"":120,""t"":1215},{""x"":171,""y"":115,""t"":1232},{""x"":113,""y"":102,""t"":1325},{""x"":87,""y"":103,""t"":1340},{""x"":253,""y"":157,""t"":1447},{""x"":400,""y"":212,""t"":1467},{""x"":582,""y"":294,""t"":1558},{""x"":731,""y"":352,""t"":1576},{""x"":879,""y"":410,""t"":1663},{""x"":992,""y"":452,""t"":1678},{""x"":1082,""y"":495,""t"":1766},{""x"":1148,""y"":535,""t"":1782},{""x"":1197,""y"":547,""t"":1846},{""x"":1273,""y"":562,""t"":1928},{""x"":1317,""y"":565,""t"":1943},{""x"":1326,""y"":579,""t"":2018},{""x"":1204,""y"":583,""t"":2106},{""x"":1092,""y"":601,""t"":2123},{""x"":984,""y"":591,""t"":2175},{""x"":920,""y"":640,""t"":2226},{""x"":899,""y"":678,""t"":2277},{""x"":929,""y"":681,""t"":2328},{""x"":954,""y"":717,""t"":2380},{""x"":1023,""y"":745,""t"":2429},{""x"":1045,""y"":758,""t"":2494},{""x"":1057,""y"":725,""t"":2589},{""x"":919,""y"":591,""t"":2650},{""x"":860,""y"":494,""t"":2665},{""x"":742,""y"":384,""t"":2752},{""x"":653,""y"":294,""t"":2767},{""x"":562,""y"":228,""t"":2851},{""x"":490,""y"":176,""t"":2866},{""x"":402,""y"":139,""t"":2948},{""x"":533,""y"":94,""t"":2963},{""x"":619,""y"":91,""t"":3040},{""x"":698,""y"":66,""t"":3135},{""x"":747,""y"":57,""t"":3194},{""x"":787,""y"":54,""t"":3209},{""x"":801,""y"":57,""t"":3295},{""x"":836,""y"":68,""t"":3310},{""x"":860,""y"":95,""t"":3392},{""x"":844,""y"":121,""t"":3408},{""x"":812,""y"":120,""t"":3510},{""x"":732,""y"":118,""t"":3536},{""x"":721,""y"":120,""t"":3621},{""x"":651,""y"":103,""t"":3638},{""x"":679,""y"":124,""t"":3723},{""x"":658,""y"":141,""t"":3741},{""x"":666,""y"":202,""t"":3825},{""x"":673,""y"":284,""t"":3843},{""x"":687,""y"":352,""t"":3932},{""x"":689,""y"":403,""t"":3947},{""x"":720,""y"":460,""t"":4056},{""x"":747,""y"":506,""t"":4082},{""x"":760,""y"":580,""t"":4177},{""x"":765,""y"":619,""t"":4193},{""x"":893,""y"":616,""t"":4283},{""x"":982,""y"":620,""t"":4303},{""x"":1020,""y"":629,""t"":4353},{""x"":1093,""y"":629,""t"":4437},{""x"":1118,""y"":640,""t"":4456},{""x"":1159,""y"":633,""t"":4561},{""x"":1111,""y"":643,""t"":4627},{""x"":1066,""y"":649,""t"":4686},{""x"":1012,""y"":644,""t"":4701},{""x"":937,""y"":638,""t"":4793},{""x"":873,""y"":631,""t"":4808},{""x"":866,""y"":636,""t"":4891},{""x"":833,""y"":636,""t"":4906},{""x"":867,""y"":650,""t"":4990},{""x"":992,""y"":667,""t"":5011},{""x"":1127,""y"":694,""t"":5076},{""x"":1200,""y"":626,""t"":5162},{""x"":1259,""y"":550,""t"":5179},{""x"":1286,""y"":480,""t"":5235},{""x"":1353,""y"":436,""t"":5287},{""x"":1365,""y"":377,""t"":5338},{""x"":1319,""y"":331,""t"":5433},{""x"":1280,""y"":296,""t"":5448},{""x"":1253,""y"":303,""t"":5564},{""x"":1194,""y"":312,""t"":5585},{""x"":1120,""y"":319,""t"":5672},{""x"":1054,""y"":286,""t"":5687},{""x"":998,""y"":279,""t"":5773},{""x"":951,""y"":274,""t"":5789},{""x"":900,""y"":280,""t"":5873},{""x"":861,""y"":287,""t"":5887},{""x"":873,""y"":312,""t"":5971},{""x"":869,""y"":295,""t"":5985}]",0,0.5322840285573827,0.4677159714426173,wa_dn,0
105-attributes,1,110,exp_105,0.0,101.20999999344347,0.78,0.4,2.1,3.0,higher_p,higher_m,0,1,attributes,1.0,True,1.638,1.2000000000000002,0.4379999999999999,0.7081329507986126,0.5,0.5,0.6,0.4,0.0,1.0,higher_p,higher_m,True,"{""durations"":[1500,1000,1500,1000],""alternatives"":[""all"",""all"",""all"",""all""],""attributes"":[""p"",""m"",""p"",""m""]}","[{""x"":923,""y"":362,""t"":-16},{""x"":944,""y"":389,""t"":0},{""x"":914,""y"":367,""t"":102},{""x"":888,""y"":354,""t"":129},{""x"":904,""y"":396,""t"":190},{""x"":928,""y"":431,""t"":265},{""x"":956,""y"":459,""t"":318},{""x"":936,""y"":488,""t"":405},{""x"":945,""y"":541,""t"":420},{""x"":1020,""y"":578,""t"":491},{""x"":1117,""y"":585,""t"":543},{""x"":1178,""y"":592,""t"":595},{""x"":1217,""y"":586,""t"":648},{""x"":1208,""y"":584,""t"":733},{""x"":1243,""y"":586,""t"":749},{""x"":1255,""y"":588,""t"":836},{""x"":1281,""y"":584,""t"":852},{""x"":1232,""y"":598,""t"":938},{""x"":1175,""y"":631,""t"":953},{""x"":1125,""y"":661,""t"":1032},{""x"":1036,""y"":667,""t"":1117},{""x"":952,""y"":672,""t"":1133},{""x"":894,""y"":672,""t"":1219},{""x"":847,""y"":667,""t"":1234},{""x"":862,""y"":646,""t"":1328},{""x"":868,""y"":615,""t"":1389},{""x"":882,""y"":573,""t"":1405},{""x"":865,""y"":574,""t"":1513},{""x"":885,""y"":562,""t"":1533},{""x"":874,""y"":467,""t"":1619},{""x"":927,""y"":408,""t"":1635},{""x"":934,""y"":345,""t"":1725},{""x"":905,""y"":273,""t"":1740},{""x"":918,""y"":241,""t"":1827},{""x"":860,""y"":207,""t"":1842},{""x"":888,""y"":190,""t"":1928},{""x"":913,""y"":180,""t"":1944},{""x"":753,""y"":145,""t"":2050},{""x"":596,""y"":109,""t"":2075},{""x"":476,""y"":90,""t"":2166},{""x"":378,""y"":77,""t"":2181},{""x"":472,""y"":197,""t"":2267},{""x"":523,""y"":321,""t"":2283},{""x"":602,""y"":438,""t"":2370},{""x"":686,""y"":551,""t"":2385},{""x"":712,""y"":631,""t"":2474},{""x"":733,""y"":695,""t"":2490},{""x"":740,""y"":741,""t"":2603},{""x"":744,""y"":774,""t"":2620},{""x"":740,""y"":795,""t"":2708},{""x"":738,""y"":806,""t"":2723},{""x"":733,""y"":802,""t"":2809},{""x"":780,""y"":811,""t"":2825},{""x"":786,""y"":802,""t"":2915},{""x"":790,""y"":791,""t"":2930},{""x"":861,""y"":745,""t"":3021},{""x"":940,""y"":703,""t"":3051},{""x"":1004,""y"":664,""t"":3105},{""x"":1100,""y"":645,""t"":3194},{""x"":1125,""y"":622,""t"":3210},{""x"":1129,""y"":603,""t"":3297},{""x"":1142,""y"":589,""t"":3313},{""x"":1176,""y"":588,""t"":3364},{""x"":1174,""y"":583,""t"":3415},{""x"":1181,""y"":584,""t"":3471},{""x"":1193,""y"":580,""t"":3580},{""x"":1188,""y"":577,""t"":3605},{""x"":1168,""y"":575,""t"":3696},{""x"":1200,""y"":583,""t"":3712},{""x"":1220,""y"":585,""t"":3800},{""x"":1182,""y"":576,""t"":3816},{""x"":1216,""y"":578,""t"":3919},{""x"":1202,""y"":582,""t"":3979},{""x"":1160,""y"":583,""t"":4039},{""x"":1109,""y"":582,""t"":4054},{""x"":1087,""y"":593,""t"":4174},{""x"":1070,""y"":602,""t"":4191},{""x"":1078,""y"":624,""t"":4276},{""x"":1098,""y"":621,""t"":4292},{""x"":1090,""y"":624,""t"":4381},{""x"":1098,""y"":615,""t"":4397},{""x"":1076,""y"":615,""t"":4484},{""x"":1068,""y"":611,""t"":4528},{""x"":1087,""y"":612,""t"":4630},{""x"":1092,""y"":604,""t"":4692},{""x"":1049,""y"":593,""t"":4752},{""x"":998,""y"":589,""t"":4767},{""x"":870,""y"":458,""t"":4851},{""x"":765,""y"":352,""t"":4866},{""x"":679,""y"":271,""t"":4962},{""x"":683,""y"":235,""t"":4977},{""x"":663,""y"":202,""t"":5034},{""x"":597,""y"":163,""t"":5147},{""x"":546,""y"":134,""t"":5169},{""x"":568,""y"":141,""t"":5261},{""x"":572,""y"":148,""t"":5279},{""x"":587,""y"":142,""t"":5362},{""x"":597,""y"":141,""t"":5378},{""x"":608,""y"":158,""t"":5464},{""x"":620,""y"":174,""t"":5479},{""x"":642,""y"":190,""t"":5574},{""x"":662,""y"":205,""t"":5589},{""x"":668,""y"":217,""t"":5702},{""x"":685,""y"":234,""t"":5717},{""x"":726,""y"":246,""t"":5809},{""x"":732,""y"":251,""t"":5824}]",0,0.9035454125775353,0.0964545874224647,wa_dn,0
105-attributes,1,111,exp_77,0.0,137.58000000962056,0.8,0.2,4.0,6.799999999999999,higher_p,higher_m,0,1,attributes,1.0,True,3.2,1.36,1.8400000000000003,2.151159690652763,0.5,0.5,0.4,0.6,1.0,0.0,higher_m,higher_p,True,"{""durations"":[1500,1000,1500,1000],""alternatives"":[""all"",""all"",""all"",""all""],""attributes"":[""m"",""p"",""m"",""p""]}","[{""x"":987,""y"":454,""t"":-15},{""x"":1013,""y"":483,""t"":0},{""x"":1036,""y"":491,""t"":94},{""x"":1026,""y"":508,""t"":119},{""x"":1028,""y"":519,""t"":189},{""x"":1036,""y"":509,""t"":265},{""x"":937,""y"":449,""t"":317},{""x"":876,""y"":395,""t"":379},{""x"":815,""y"":333,""t"":474},{""x"":744,""y"":289,""t"":489},{""x"":621,""y"":259,""t"":574},{""x"":562,""y"":213,""t"":589},{""x"":472,""y"":172,""t"":673},{""x"":409,""y"":125,""t"":697},{""x"":359,""y"":91,""t"":765},{""x"":333,""y"":85,""t"":816},{""x"":336,""y"":71,""t"":867},{""x"":280,""y"":69,""t"":918},{""x"":253,""y"":61,""t"":981},{""x"":234,""y"":53,""t"":1031},{""x"":278,""y"":65,""t"":1115},{""x"":307,""y"":74,""t"":1131},{""x"":286,""y"":74,""t"":1239},{""x"":345,""y"":70,""t"":1259},{""x"":361,""y"":82,""t"":1345},{""x"":374,""y"":93,""t"":1361},{""x"":403,""y"":98,""t"":1448},{""x"":403,""y"":107,""t"":1463},{""x"":424,""y"":108,""t"":1549},{""x"":462,""y"":105,""t"":1565},{""x"":482,""y"":113,""t"":1650},{""x"":506,""y"":121,""t"":1668},{""x"":600,""y"":143,""t"":1770},{""x"":685,""y"":151,""t"":1832},{""x"":738,""y"":154,""t"":1847},{""x"":927,""y"":287,""t"":1931},{""x"":1030,""y"":386,""t"":1948},{""x"":1074,""y"":521,""t"":2041},{""x"":1135,""y"":626,""t"":2102},{""x"":1205,""y"":715,""t"":2117},{""x"":1261,""y"":745,""t"":2212},{""x"":1310,""y"":748,""t"":2286},{""x"":1362,""y"":746,""t"":2347},{""x"":1426,""y"":733,""t"":2404},{""x"":1476,""y"":718,""t"":2420},{""x"":1436,""y"":704,""t"":2503},{""x"":1395,""y"":688,""t"":2518},{""x"":1369,""y"":672,""t"":2601},{""x"":1342,""y"":656,""t"":2619},{""x"":1309,""y"":620,""t"":2706},{""x"":1279,""y"":588,""t"":2721},{""x"":1273,""y"":509,""t"":2817},{""x"":1229,""y"":436,""t"":2838},{""x"":1183,""y"":370,""t"":2887},{""x"":1144,""y"":316,""t"":2938},{""x"":1043,""y"":276,""t"":3024},{""x"":838,""y"":224,""t"":3043},{""x"":737,""y"":155,""t"":3098},{""x"":622,""y"":115,""t"":3193},{""x"":542,""y"":85,""t"":3208},{""x"":499,""y"":64,""t"":3317},{""x"":422,""y"":48,""t"":3339},{""x"":487,""y"":60,""t"":3425},{""x"":551,""y"":73,""t"":3440},{""x"":644,""y"":96,""t"":3531},{""x"":663,""y"":115,""t"":3546},{""x"":704,""y"":115,""t"":3637},{""x"":778,""y"":129,""t"":3651},{""x"":843,""y"":135,""t"":3734},{""x"":885,""y"":144,""t"":3749},{""x"":935,""y"":150,""t"":3853},{""x"":953,""y"":163,""t"":3878},{""x"":987,""y"":237,""t"":3964},{""x"":1035,""y"":318,""t"":3985},{""x"":1075,""y"":383,""t"":4073},{""x"":1106,""y"":436,""t"":4089},{""x"":1130,""y"":479,""t"":4174},{""x"":1147,""y"":511,""t"":4191},{""x"":1149,""y"":543,""t"":4280},{""x"":1154,""y"":561,""t"":4302},{""x"":1101,""y"":598,""t"":4365},{""x"":1068,""y"":620,""t"":4420},{""x"":987,""y"":645,""t"":4472},{""x"":926,""y"":669,""t"":4522},{""x"":868,""y"":670,""t"":4608},{""x"":821,""y"":667,""t"":4625},{""x"":839,""y"":695,""t"":4708},{""x"":832,""y"":717,""t"":4727},{""x"":895,""y"":738,""t"":4830},{""x"":906,""y"":731,""t"":4892},{""x"":918,""y"":727,""t"":4911},{""x"":949,""y"":700,""t"":4962},{""x"":1038,""y"":666,""t"":5013},{""x"":1033,""y"":639,""t"":5065},{""x"":1026,""y"":637,""t"":5116},{""x"":1033,""y"":620,""t"":5168},{""x"":1043,""y"":613,""t"":5219},{""x"":1070,""y"":592,""t"":5270},{""x"":1056,""y"":604,""t"":5324},{""x"":1047,""y"":590,""t"":5391},{""x"":1015,""y"":565,""t"":5447},{""x"":1024,""y"":560,""t"":5531},{""x"":1026,""y"":541,""t"":5546},{""x"":1004,""y"":533,""t"":5650},{""x"":989,""y"":531,""t"":5711},{""x"":1019,""y"":520,""t"":5727},{""x"":1037,""y"":530,""t"":5819}]",0,0.9933285617887744,0.00667143821122558,wa_dn,0
105-attributes,1,112,exp_111,0.0,376.02500000502914,0.78,0.4,2.1,3.0,higher_p,higher_m,0,1,attributes,1.0,True,1.638,1.2000000000000002,0.4379999999999999,0.7081329507986126,0.5,0.5,0.4,0.6,1.0,1.0,higher_m,higher_m,True,"{""durations"":[1000,1500,1000,1500],""alternatives"":[""all"",""all"",""all"",""all""],""attributes"":[""p"",""m"",""p"",""m""]}","[{""x"":1025,""y"":546,""t"":-26},{""x"":998,""y"":554,""t"":0},{""x"":999,""y"":525,""t"":128},{""x"":993,""y"":504,""t"":152},{""x"":1020,""y"":488,""t"":217},{""x"":1031,""y"":472,""t"":294},{""x"":1040,""y"":464,""t"":347},{""x"":1100,""y"":481,""t"":437},{""x"":1167,""y"":505,""t"":453},{""x"":1162,""y"":505,""t"":572},{""x"":1155,""y"":504,""t"":588},{""x"":1065,""y"":541,""t"":682},{""x"":973,""y"":566,""t"":743},{""x"":866,""y"":575,""t"":758},{""x"":833,""y"":611,""t"":847},{""x"":794,""y"":635,""t"":862},{""x"":838,""y"":609,""t"":953},{""x"":902,""y"":592,""t"":1024},{""x"":966,""y"":571,""t"":1087},{""x"":994,""y"":585,""t"":1102},{""x"":1047,""y"":568,""t"":1188},{""x"":1045,""y"":567,""t"":1204},{""x"":1053,""y"":558,""t"":1296},{""x"":985,""y"":471,""t"":1354},{""x"":939,""y"":420,""t"":1371},{""x"":926,""y"":423,""t"":1456},{""x"":1004,""y"":496,""t"":1506},{""x"":971,""y"":527,""t"":1573},{""x"":1060,""y"":606,""t"":1660},{""x"":1086,""y"":652,""t"":1678},{""x"":1214,""y"":617,""t"":1764},{""x"":1214,""y"":603,""t"":1779},{""x"":1294,""y"":578,""t"":1866},{""x"":1308,""y"":546,""t"":1880},{""x"":1260,""y"":505,""t"":1967},{""x"":1216,""y"":470,""t"":1982},{""x"":1132,""y"":435,""t"":2093},{""x"":1066,""y"":415,""t"":2114},{""x"":999,""y"":439,""t"":2203},{""x"":966,""y"":462,""t"":2222},{""x"":965,""y"":491,""t"":2304},{""x"":966,""y"":517,""t"":2319},{""x"":923,""y"":543,""t"":2401},{""x"":881,""y"":566,""t"":2416},{""x"":830,""y"":602,""t"":2501},{""x"":791,""y"":633,""t"":2516},{""x"":781,""y"":653,""t"":2624},{""x"":743,""y"":665,""t"":2684},{""x"":731,""y"":686,""t"":2699},{""x"":709,""y"":683,""t"":2784},{""x"":726,""y"":690,""t"":2800},{""x"":799,""y"":673,""t"":2890},{""x"":896,""y"":650,""t"":2905},{""x"":981,""y"":631,""t"":2955},{""x"":1097,""y"":602,""t"":3005},{""x"":1129,""y"":584,""t"":3068},{""x"":1228,""y"":615,""t"":3164},{""x"":1181,""y"":641,""t"":3225},{""x"":1177,""y"":683,""t"":3240},{""x"":1252,""y"":680,""t"":3326},{""x"":1305,""y"":683,""t"":3341},{""x"":1384,""y"":631,""t"":3428},{""x"":1450,""y"":591,""t"":3446},{""x"":1497,""y"":541,""t"":3529},{""x"":1534,""y"":507,""t"":3545},{""x"":1510,""y"":465,""t"":3642},{""x"":1461,""y"":405,""t"":3701},{""x"":1411,""y"":357,""t"":3716},{""x"":1418,""y"":338,""t"":3810},{""x"":1393,""y"":318,""t"":3870},{""x"":1390,""y"":313,""t"":3885},{""x"":1104,""y"":261,""t"":3970},{""x"":863,""y"":214,""t"":3984},{""x"":695,""y"":180,""t"":4088},{""x"":556,""y"":154,""t"":4156},{""x"":500,""y"":128,""t"":4216},{""x"":411,""y"":118,""t"":4234},{""x"":379,""y"":116,""t"":4285},{""x"":331,""y"":112,""t"":4367},{""x"":299,""y"":111,""t"":4387},{""x"":286,""y"":121,""t"":4471},{""x"":282,""y"":119,""t"":4489},{""x"":348,""y"":129,""t"":4595},{""x"":326,""y"":129,""t"":4657},{""x"":336,""y"":127,""t"":4672},{""x"":366,""y"":202,""t"":4756},{""x"":424,""y"":299,""t"":4773},{""x"":515,""y"":350,""t"":4838},{""x"":598,""y"":410,""t"":4922},{""x"":600,""y"":458,""t"":4937},{""x"":667,""y"":506,""t"":5019},{""x"":669,""y"":543,""t"":5033},{""x"":694,""y"":546,""t"":5147},{""x"":695,""y"":573,""t"":5169},{""x"":704,""y"":588,""t"":5256},{""x"":756,""y"":603,""t"":5274},{""x"":783,""y"":643,""t"":5363},{""x"":799,""y"":669,""t"":5378},{""x"":837,""y"":673,""t"":5466},{""x"":892,""y"":653,""t"":5483},{""x"":913,""y"":680,""t"":5539},{""x"":934,""y"":681,""t"":5589},{""x"":953,""y"":709,""t"":5658},{""x"":961,""y"":731,""t"":5715},{""x"":931,""y"":725,""t"":5801},{""x"":908,""y"":724,""t"":5816},{""x"":927,""y"":689,""t"":5904},{""x"":943,""y"":662,""t"":5919},{""x"":957,""y"":657,""t"":6010}]",0,0.9035454125775353,0.0964545874224647,wa_dn,0
105-attributes,1,113,exp_31,0.0,230.00499999034216,0.3,0.17,2.0,3.0,higher_p,higher_m,0,1,attributes,1.0,True,0.6,0.51,0.0899999999999999,0.3499494233597794,0.5,0.5,0.4,0.6,1.0,1.0,higher_m,higher_m,True,"{""durations"":[1000,1500,1000,1500],""alternatives"":[""all"",""all"",""all"",""all""],""attributes"":[""p"",""m"",""p"",""m""]}","[{""x"":1012,""y"":536,""t"":-50},{""x"":1039,""y"":509,""t"":0},{""x"":993,""y"":528,""t"":88},{""x"":978,""y"":536,""t"":149},{""x"":996,""y"":529,""t"":235},{""x"":1064,""y"":537,""t"":290},{""x"":1131,""y"":537,""t"":342},{""x"":1172,""y"":526,""t"":428},{""x"":1193,""y"":525,""t"":443},{""x"":1145,""y"":545,""t"":537},{""x"":1067,""y"":577,""t"":552},{""x"":1047,""y"":585,""t"":630},{""x"":1019,""y"":596,""t"":680},{""x"":939,""y"":619,""t"":766},{""x"":865,""y"":627,""t"":784},{""x"":804,""y"":628,""t"":869},{""x"":755,""y"":628,""t"":885},{""x"":705,""y"":625,""t"":971},{""x"":676,""y"":620,""t"":987},{""x"":614,""y"":623,""t"":1072},{""x"":571,""y"":602,""t"":1092},{""x"":501,""y"":600,""t"":1190},{""x"":517,""y"":617,""t"":1204},{""x"":495,""y"":572,""t"":1257},{""x"":441,""y"":478,""t"":1307},{""x"":381,""y"":387,""t"":1358},{""x"":424,""y"":325,""t"":1409},{""x"":500,""y"":267,""t"":1461},{""x"":599,""y"":231,""t"":1522},{""x"":707,""y"":218,""t"":1571},{""x"":798,""y"":208,""t"":1675},{""x"":842,""y"":200,""t"":1701},{""x"":891,""y"":200,""t"":1790},{""x"":939,""y"":201,""t"":1805},{""x"":997,""y"":265,""t"":1899},{""x"":1080,""y"":315,""t"":1914},{""x"":1095,""y"":411,""t"":1998},{""x"":1115,""y"":500,""t"":2014},{""x"":1121,""y"":584,""t"":2096},{""x"":1203,""y"":638,""t"":2113},{""x"":1256,""y"":672,""t"":2190},{""x"":1358,""y"":673,""t"":2277},{""x"":1400,""y"":667,""t"":2293},{""x"":1384,""y"":645,""t"":2343},{""x"":1375,""y"":620,""t"":2393},{""x"":1404,""y"":601,""t"":2480},{""x"":1431,""y"":570,""t"":2496},{""x"":1436,""y"":555,""t"":2581},{""x"":1453,""y"":536,""t"":2598},{""x"":1474,""y"":527,""t"":2711},{""x"":1489,""y"":521,""t"":2726},{""x"":1490,""y"":495,""t"":2812},{""x"":1502,""y"":491,""t"":2828},{""x"":1434,""y"":500,""t"":2919},{""x"":1374,""y"":507,""t"":2935},{""x"":1263,""y"":552,""t"":3022},{""x"":1136,""y"":580,""t"":3037},{""x"":1005,""y"":565,""t"":3123},{""x"":945,""y"":595,""t"":3145},{""x"":826,""y"":607,""t"":3200},{""x"":736,""y"":614,""t"":3289},{""x"":667,""y"":619,""t"":3304},{""x"":665,""y"":645,""t"":3390},{""x"":631,""y"":667,""t"":3405},{""x"":532,""y"":698,""t"":3492},{""x"":447,""y"":729,""t"":3507},{""x"":410,""y"":694,""t"":3590},{""x"":388,""y"":650,""t"":3606},{""x"":363,""y"":565,""t"":3718},{""x"":348,""y"":493,""t"":3742},{""x"":332,""y"":417,""t"":3828},{""x"":331,""y"":353,""t"":3846},{""x"":456,""y"":293,""t"":3932},{""x"":607,""y"":296,""t"":3948},{""x"":774,""y"":260,""t"":4031},{""x"":924,""y"":231,""t"":4048},{""x"":994,""y"":208,""t"":4132},{""x"":1020,""y"":191,""t"":4172},{""x"":1076,""y"":187,""t"":4233},{""x"":1118,""y"":186,""t"":4291},{""x"":1047,""y"":177,""t"":4377},{""x"":976,""y"":178,""t"":4392},{""x"":851,""y"":166,""t"":4480},{""x"":738,""y"":155,""t"":4496},{""x"":635,""y"":160,""t"":4581},{""x"":550,""y"":165,""t"":4596},{""x"":482,""y"":155,""t"":4704},{""x"":428,""y"":147,""t"":4728},{""x"":439,""y"":140,""t"":4815},{""x"":428,""y"":142,""t"":4830},{""x"":411,""y"":156,""t"":4922},{""x"":425,""y"":157,""t"":4967},{""x"":500,""y"":187,""t"":5053},{""x"":524,""y"":196,""t"":5069},{""x"":517,""y"":206,""t"":5158},{""x"":487,""y"":194,""t"":5196},{""x"":530,""y"":291,""t"":5251},{""x"":560,""y"":273,""t"":5303},{""x"":527,""y"":226,""t"":5352},{""x"":571,""y"":224,""t"":5411},{""x"":659,""y"":250,""t"":5502},{""x"":688,""y"":268,""t"":5517},{""x"":660,""y"":266,""t"":5601},{""x"":707,""y"":278,""t"":5618},{""x"":762,""y"":289,""t"":5726},{""x"":766,""y"":293,""t"":5748},{""x"":769,""y"":298,""t"":5833},{""x"":797,""y"":311,""t"":5849}]",0,0.7925079220723941,0.20749207792760588,wa_dn,0
105-attributes,1,114,catch_13,1.0,161.92499999306165,0.21,0.52,1.7999999999999998,2.8,dominated,dominant,1,1,attributes,1.0,True,0.3779999999999999,1.456,-1.078,-0.8522297721820516,0.5,0.5,0.5,0.5,,1.0,,dominant,True,"{""durations"":[1250,1250,1250,1250],""attributes"":[""p"",""m"",""p"",""m""],""alternatives"":[""all"",""all"",""all"",""all""]}","[{""x"":901,""y"":741,""t"":-19},{""x"":917,""y"":714,""t"":0},{""x"":955,""y"":688,""t"":98},{""x"":966,""y"":661,""t"":122},{""x"":964,""y"":634,""t"":183},{""x"":971,""y"":604,""t"":270},{""x"":960,""y"":605,""t"":325},{""x"":959,""y"":604,""t"":379},{""x"":952,""y"":621,""t"":467},{""x"":993,""y"":633,""t"":484},{""x"":946,""y"":646,""t"":569},{""x"":889,""y"":652,""t"":588},{""x"":800,""y"":650,""t"":674},{""x"":725,""y"":648,""t"":689},{""x"":824,""y"":625,""t"":795},{""x"":906,""y"":606,""t"":818},{""x"":1015,""y"":587,""t"":903},{""x"":1106,""y"":574,""t"":919},{""x"":1230,""y"":556,""t"":1006},{""x"":1315,""y"":553,""t"":1023},{""x"":1290,""y"":542,""t"":1110},{""x"":1249,""y"":530,""t"":1125},{""x"":1142,""y"":430,""t"":1211},{""x"":1061,""y"":348,""t"":1226},{""x"":970,""y"":283,""t"":1336},{""x"":894,""y"":237,""t"":1361},{""x"":813,""y"":171,""t"":1457},{""x"":702,""y"":129,""t"":1472},{""x"":594,""y"":111,""t"":1564},{""x"":551,""y"":111,""t"":1624},{""x"":526,""y"":117,""t"":1643},{""x"":671,""y"":127,""t"":1740},{""x"":784,""y"":119,""t"":1807},{""x"":888,""y"":130,""t"":1876},{""x"":953,""y"":143,""t"":1936},{""x"":1006,""y"":155,""t"":1951},{""x"":1094,""y"":183,""t"":2052},{""x"":1142,""y"":202,""t"":2076},{""x"":1124,""y"":214,""t"":2161},{""x"":1105,""y"":224,""t"":2177},{""x"":1156,""y"":231,""t"":2263},{""x"":1196,""y"":237,""t"":2280},{""x"":1197,""y"":249,""t"":2379},{""x"":1191,""y"":255,""t"":2397},{""x"":1191,""y"":274,""t"":2447},{""x"":1216,""y"":261,""t"":2496},{""x"":1219,""y"":274,""t"":2582},{""x"":1194,""y"":278,""t"":2597},{""x"":1179,""y"":285,""t"":2689},{""x"":1210,""y"":276,""t"":2749},{""x"":1202,""y"":273,""t"":2764},{""x"":1164,""y"":273,""t"":2885},{""x"":1194,""y"":261,""t"":2900},{""x"":1157,""y"":344,""t"":2985},{""x"":1126,""y"":401,""t"":3000},{""x"":977,""y"":518,""t"":3086},{""x"":851,""y"":614,""t"":3102},{""x"":778,""y"":670,""t"":3187},{""x"":725,""y"":710,""t"":3203},{""x"":743,""y"":731,""t"":3286},{""x"":752,""y"":749,""t"":3302},{""x"":822,""y"":788,""t"":3410},{""x"":903,""y"":796,""t"":3469},{""x"":901,""y"":779,""t"":3530},{""x"":904,""y"":769,""t"":3545},{""x"":980,""y"":771,""t"":3630},{""x"":1044,""y"":736,""t"":3646},{""x"":1062,""y"":708,""t"":3737},{""x"":1074,""y"":680,""t"":3752},{""x"":1135,""y"":652,""t"":3837},{""x"":1121,""y"":635,""t"":3852},{""x"":1078,""y"":524,""t"":3932},{""x"":1053,""y"":530,""t"":3985},{""x"":1140,""y"":504,""t"":4070},{""x"":1154,""y"":485,""t"":4086},{""x"":1140,""y"":463,""t"":4174},{""x"":1142,""y"":466,""t"":4189},{""x"":1135,""y"":483,""t"":4280},{""x"":1129,""y"":471,""t"":4295},{""x"":1189,""y"":462,""t"":4393},{""x"":1164,""y"":467,""t"":4421},{""x"":1132,""y"":493,""t"":4507},{""x"":1137,""y"":488,""t"":4523},{""x"":1163,""y"":477,""t"":4608},{""x"":1150,""y"":474,""t"":4626},{""x"":1153,""y"":461,""t"":4711},{""x"":1155,""y"":472,""t"":4728},{""x"":1179,""y"":503,""t"":4816},{""x"":1181,""y"":497,""t"":4831},{""x"":1111,""y"":527,""t"":4930},{""x"":1105,""y"":531,""t"":4993},{""x"":1094,""y"":531,""t"":5008},{""x"":1117,""y"":525,""t"":5093},{""x"":1094,""y"":523,""t"":5109},{""x"":1078,""y"":526,""t"":5197},{""x"":1082,""y"":522,""t"":5212},{""x"":1190,""y"":524,""t"":5296},{""x"":1188,""y"":525,""t"":5311},{""x"":1164,""y"":511,""t"":5411},{""x"":1160,""y"":534,""t"":5476},{""x"":1138,""y"":519,""t"":5538},{""x"":1092,""y"":513,""t"":5553},{""x"":1041,""y"":505,""t"":5637},{""x"":975,""y"":489,""t"":5652},{""x"":1013,""y"":508,""t"":5740},{""x"":996,""y"":516,""t"":5756},{""x"":987,""y"":489,""t"":5838},{""x"":972,""y"":500,""t"":5854}]",1,0.00023529810664569916,0.9997647018933542,wa_dn,0
105-attributes,1,115,exp_17,1.0,118.06500001694076,0.28,0.17,4.3,8.3,higher_p,higher_m,0,1,attributes,1.0,True,1.204,1.4110000000000005,-0.2070000000000003,0.0442583094249128,0.5,0.5,0.6,0.4,0.0,1.0,higher_p,higher_m,False,"{""durations"":[1500,1000,1500,1000],""alternatives"":[""all"",""all"",""all"",""all""],""attributes"":[""p"",""m"",""p"",""m""]}","[{""x"":1008,""y"":502,""t"":-16},{""x"":1016,""y"":508,""t"":0},{""x"":988,""y"":479,""t"":105},{""x"":1030,""y"":471,""t"":189},{""x"":1047,""y"":448,""t"":208},{""x"":953,""y"":478,""t"":297},{""x"":873,""y"":505,""t"":315},{""x"":814,""y"":543,""t"":408},{""x"":923,""y"":550,""t"":484},{""x"":955,""y"":561,""t"":512},{""x"":1092,""y"":546,""t"":597},{""x"":1109,""y"":541,""t"":613},{""x"":1192,""y"":539,""t"":699},{""x"":1260,""y"":537,""t"":715},{""x"":1170,""y"":566,""t"":801},{""x"":1132,""y"":584,""t"":817},{""x"":1052,""y"":586,""t"":904},{""x"":984,""y"":588,""t"":920},{""x"":942,""y"":576,""t"":1035},{""x"":909,""y"":565,""t"":1055},{""x"":859,""y"":538,""t"":1155},{""x"":831,""y"":518,""t"":1170},{""x"":777,""y"":443,""t"":1255},{""x"":734,""y"":379,""t"":1270},{""x"":687,""y"":327,""t"":1356},{""x"":687,""y"":296,""t"":1376},{""x"":684,""y"":270,""t"":1428},{""x"":627,""y"":234,""t"":1478},{""x"":535,""y"":203,""t"":1555},{""x"":562,""y"":183,""t"":1614},{""x"":493,""y"":156,""t"":1666},{""x"":433,""y"":131,""t"":1717},{""x"":376,""y"":124,""t"":1773},{""x"":447,""y"":138,""t"":1864},{""x"":512,""y"":154,""t"":1879},{""x"":672,""y"":162,""t"":1961},{""x"":790,""y"":167,""t"":2004},{""x"":922,""y"":292,""t"":2020},{""x"":969,""y"":403,""t"":2121},{""x"":1084,""y"":464,""t"":2207},{""x"":1208,""y"":531,""t"":2224},{""x"":1302,""y"":514,""t"":2310},{""x"":1363,""y"":501,""t"":2325},{""x"":1396,""y"":455,""t"":2412},{""x"":1434,""y"":420,""t"":2428},{""x"":1467,""y"":387,""t"":2510},{""x"":1422,""y"":400,""t"":2526},{""x"":1396,""y"":412,""t"":2591},{""x"":1384,""y"":422,""t"":2679},{""x"":1369,""y"":431,""t"":2695},{""x"":1318,""y"":438,""t"":2780},{""x"":1272,""y"":443,""t"":2795},{""x"":1281,""y"":446,""t"":2884},{""x"":1341,""y"":445,""t"":2899},{""x"":1395,""y"":450,""t"":2964},{""x"":1369,""y"":483,""t"":3048},{""x"":1277,""y"":501,""t"":3073},{""x"":1218,""y"":515,""t"":3130},{""x"":1088,""y"":520,""t"":3217},{""x"":950,""y"":512,""t"":3234},{""x"":835,""y"":513,""t"":3320},{""x"":742,""y"":513,""t"":3337},{""x"":722,""y"":564,""t"":3424},{""x"":683,""y"":598,""t"":3439},{""x"":670,""y"":640,""t"":3523},{""x"":596,""y"":650,""t"":3539},{""x"":559,""y"":627,""t"":3643},{""x"":463,""y"":509,""t"":3705},{""x"":438,""y"":407,""t"":3721},{""x"":427,""y"":316,""t"":3806},{""x"":420,""y"":256,""t"":3821},{""x"":328,""y"":192,""t"":3909},{""x"":254,""y"":142,""t"":3924},{""x"":230,""y"":116,""t"":4016},{""x"":196,""y"":95,""t"":4076},{""x"":233,""y"":63,""t"":4103},{""x"":268,""y"":42,""t"":4158},{""x"":241,""y"":41,""t"":4246},{""x"":221,""y"":42,""t"":4262},{""x"":218,""y"":32,""t"":4351},{""x"":212,""y"":46,""t"":4365},{""x"":206,""y"":48,""t"":4448},{""x"":207,""y"":35,""t"":4464},{""x"":201,""y"":53,""t"":4545},{""x"":205,""y"":65,""t"":4561},{""x"":323,""y"":83,""t"":4665},{""x"":434,""y"":97,""t"":4733},{""x"":570,""y"":111,""t"":4761},{""x"":779,""y"":121,""t"":4845},{""x"":952,""y"":129,""t"":4862},{""x"":1009,""y"":99,""t"":4949},{""x"":1068,""y"":93,""t"":4965},{""x"":1133,""y"":77,""t"":5060},{""x"":1180,""y"":69,""t"":5075},{""x"":1246,""y"":55,""t"":5189},{""x"":1236,""y"":56,""t"":5205},{""x"":1218,""y"":66,""t"":5293},{""x"":1197,""y"":75,""t"":5311},{""x"":1183,""y"":75,""t"":5397},{""x"":1167,""y"":75,""t"":5412},{""x"":1185,""y"":81,""t"":5498},{""x"":1190,""y"":87,""t"":5513},{""x"":1157,""y"":207,""t"":5598},{""x"":1158,""y"":291,""t"":5628},{""x"":1083,""y"":377,""t"":5683},{""x"":1048,""y"":380,""t"":5769},{""x"":1033,""y"":438,""t"":5784},{""x"":1021,""y"":488,""t"":5870},{""x"":1000,""y"":512,""t"":5885}]",0,0.3763403842940381,0.623659615705962,wa_dn,0
105-attributes,1,116,catch_19,1.0,187.51499999780208,0.48,0.59,3.1,4.8,dominated,dominant,1,1,attributes,1.0,True,1.488,2.832,-1.344,-1.1260137328105846,0.5,0.5,0.5,0.5,,1.0,,dominant,True,"{""durations"":[1250,1250,1250,1250],""attributes"":[""p"",""m"",""p"",""m""],""alternatives"":[""all"",""all"",""all"",""all""]}","[{""x"":936,""y"":676,""t"":-15},{""x"":951,""y"":649,""t"":0},{""x"":986,""y"":618,""t"":125},{""x"":971,""y"":615,""t"":151},{""x"":1007,""y"":588,""t"":231},{""x"":1015,""y"":551,""t"":285},{""x"":951,""y"":574,""t"":373},{""x"":923,""y"":599,""t"":391},{""x"":899,""y"":600,""t"":455},{""x"":911,""y"":602,""t"":538},{""x"":916,""y"":599,""t"":554},{""x"":946,""y"":588,""t"":677},{""x"":927,""y"":598,""t"":697},{""x"":908,""y"":616,""t"":753},{""x"":869,""y"":644,""t"":843},{""x"":838,""y"":670,""t"":861},{""x"":834,""y"":687,""t"":947},{""x"":797,""y"":701,""t"":963},{""x"":901,""y"":689,""t"":1053},{""x"":993,""y"":670,""t"":1068},{""x"":1078,""y"":656,""t"":1169},{""x"":1148,""y"":644,""t"":1191},{""x"":1211,""y"":635,""t"":1295},{""x"":1261,""y"":620,""t"":1357},{""x"":1312,""y"":617,""t"":1372},{""x"":1294,""y"":607,""t"":1458},{""x"":1282,""y"":596,""t"":1473},{""x"":1170,""y"":594,""t"":1556},{""x"":1067,""y"":600,""t"":1571},{""x"":881,""y"":487,""t"":1660},{""x"":731,""y"":387,""t"":1677},{""x"":580,""y"":304,""t"":1774},{""x"":585,""y"":248,""t"":1832},{""x"":597,""y"":206,""t"":1848},{""x"":692,""y"":159,""t"":1934},{""x"":819,""y"":147,""t"":1950},{""x"":917,""y"":140,""t"":2036},{""x"":1002,""y"":124,""t"":2051},{""x"":1044,""y"":111,""t"":2137},{""x"":1077,""y"":103,""t"":2152},{""x"":1110,""y"":104,""t"":2253},{""x"":1151,""y"":113,""t"":2316},{""x"":1174,""y"":121,""t"":2380},{""x"":1185,""y"":122,""t"":2394},{""x"":1178,""y"":131,""t"":2445},{""x"":1197,""y"":146,""t"":2505},{""x"":1211,""y"":159,""t"":2553},{""x"":1153,""y"":198,""t"":2637},{""x"":1143,""y"":239,""t"":2653},{""x"":1104,""y"":275,""t"":2758},{""x"":1100,""y"":316,""t"":2819},{""x"":1110,""y"":380,""t"":2834},{""x"":1010,""y"":449,""t"":2923},{""x"":923,""y"":541,""t"":2941},{""x"":858,""y"":598,""t"":2993},{""x"":812,""y"":641,""t"":3081},{""x"":765,""y"":692,""t"":3096},{""x"":753,""y"":741,""t"":3179},{""x"":708,""y"":767,""t"":3197},{""x"":729,""y"":796,""t"":3308},{""x"":654,""y"":812,""t"":3334},{""x"":571,""y"":831,""t"":3425},{""x"":520,""y"":856,""t"":3440},{""x"":503,""y"":850,""t"":3524},{""x"":483,""y"":839,""t"":3541},{""x"":510,""y"":814,""t"":3625},{""x"":517,""y"":804,""t"":3640},{""x"":520,""y"":782,""t"":3727},{""x"":467,""y"":746,""t"":3743},{""x"":500,""y"":726,""t"":3817},{""x"":485,""y"":694,""t"":3903},{""x"":489,""y"":684,""t"":3920},{""x"":494,""y"":672,""t"":4009},{""x"":537,""y"":674,""t"":4025},{""x"":559,""y"":667,""t"":4119},{""x"":553,""y"":665,""t"":4177},{""x"":560,""y"":656,""t"":4191},{""x"":610,""y"":663,""t"":4297},{""x"":617,""y"":656,""t"":4319},{""x"":599,""y"":638,""t"":4405},{""x"":642,""y"":651,""t"":4423},{""x"":664,""y"":665,""t"":4520},{""x"":678,""y"":629,""t"":4537},{""x"":739,""y"":668,""t"":4601},{""x"":674,""y"":628,""t"":4688},{""x"":700,""y"":640,""t"":4783},{""x"":687,""y"":620,""t"":4887},{""x"":646,""y"":649,""t"":4994},{""x"":594,""y"":640,""t"":5065},{""x"":603,""y"":638,""t"":5409},{""x"":605,""y"":608,""t"":5604},{""x"":632,""y"":620,""t"":5724},{""x"":646,""y"":574,""t"":5822},{""x"":695,""y"":619,""t"":5931},{""x"":648,""y"":530,""t"":6000}]",1,0.01844516721930723,0.9815548327806928,wa_dn,0
105-attributes,1,118,exp_63,1.0,225.78000000794415,0.41,0.21,1.7999999999999998,6.2,higher_p,higher_m,0,1,attributes,1.0,True,0.7379999999999999,1.302,-0.5640000000000002,-0.3231885851028555,0.5,0.5,0.4,0.6,1.0,1.0,higher_m,higher_m,False,"{""durations"":[1000,1500,1000,1500],""alternatives"":[""all"",""all"",""all"",""all""],""attributes"":[""p"",""m"",""p"",""m""]}","[{""x"":1037,""y"":470,""t"":-20},{""x"":1039,""y"":478,""t"":0},{""x"":1032,""y"":474,""t"":111},{""x"":1062,""y"":463,""t"":136},{""x"":1051,""y"":451,""t"":245},{""x"":1022,""y"":463,""t"":309},{""x"":932,""y"":499,""t"":369},{""x"":827,""y"":519,""t"":383},{""x"":712,""y"":520,""t"":475},{""x"":841,""y"":529,""t"":506},{""x"":969,""y"":518,""t"":563},{""x"":1079,""y"":508,""t"":617},{""x"":1199,""y"":498,""t"":702},{""x"":1286,""y"":487,""t"":719},{""x"":1364,""y"":487,""t"":804},{""x"":1375,""y"":497,""t"":819},{""x"":1220,""y"":495,""t"":908},{""x"":1107,""y"":516,""t"":924},{""x"":962,""y"":524,""t"":1046},{""x"":831,""y"":525,""t"":1064},{""x"":715,""y"":496,""t"":1165},{""x"":629,""y"":473,""t"":1191},{""x"":591,""y"":383,""t"":1291},{""x"":563,""y"":299,""t"":1311},{""x"":539,""y"":235,""t"":1366},{""x"":523,""y"":187,""t"":1455},{""x"":515,""y"":150,""t"":1471},{""x"":591,""y"":119,""t"":1568},{""x"":661,""y"":98,""t"":1656},{""x"":840,""y"":216,""t"":1679},{""x"":924,""y"":305,""t"":1749},{""x"":1039,""y"":432,""t"":1824},{""x"":1161,""y"":428,""t"":1894},{""x"":1341,""y"":459,""t"":1975},{""x"":1266,""y"":442,""t"":2096},{""x"":1194,""y"":424,""t"":2115},{""x"":1055,""y"":383,""t"":2215},{""x"":999,""y"":356,""t"":2298},{""x"":1092,""y"":342,""t"":2322},{""x"":1103,""y"":336,""t"":2397},{""x"":1137,""y"":362,""t"":2469},{""x"":1215,""y"":368,""t"":2532},{""x"":1266,""y"":370,""t"":2592},{""x"":1355,""y"":378,""t"":2693},{""x"":1411,""y"":392,""t"":2758},{""x"":1450,""y"":405,""t"":2832},{""x"":1456,""y"":413,""t"":2906},{""x"":1476,""y"":428,""t"":2926},{""x"":1334,""y"":486,""t"":3016},{""x"":1209,""y"":535,""t"":3033},{""x"":1093,""y"":549,""t"":3122},{""x"":996,""y"":559,""t"":3137},{""x"":894,""y"":595,""t"":3224},{""x"":829,""y"":600,""t"":3239},{""x"":780,""y"":625,""t"":3326},{""x"":730,""y"":646,""t"":3341},{""x"":647,""y"":682,""t"":3446},{""x"":641,""y"":720,""t"":3468},{""x"":541,""y"":759,""t"":3557},{""x"":461,""y"":792,""t"":3572},{""x"":441,""y"":791,""t"":3664},{""x"":436,""y"":788,""t"":3681},{""x"":542,""y"":725,""t"":3767},{""x"":605,""y"":693,""t"":3783},{""x"":678,""y"":578,""t"":3870},{""x"":735,""y"":480,""t"":3885},{""x"":683,""y"":382,""t"":3996},{""x"":627,""y"":303,""t"":4013},{""x"":536,""y"":234,""t"":4107},{""x"":469,""y"":182,""t"":4122},{""x"":528,""y"":143,""t"":4208},{""x"":593,""y"":108,""t"":4223},{""x"":704,""y"":75,""t"":4310},{""x"":799,""y"":52,""t"":4326},{""x"":909,""y"":31,""t"":4414},{""x"":930,""y"":23,""t"":4431},{""x"":946,""y"":14,""t"":4537},{""x"":974,""y"":16,""t"":4557},{""x"":974,""y"":23,""t"":4645},{""x"":993,""y"":46,""t"":4662},{""x"":1004,""y"":56,""t"":4748},{""x"":981,""y"":57,""t"":4767},{""x"":986,""y"":59,""t"":4856},{""x"":983,""y"":64,""t"":4871},{""x"":986,""y"":76,""t"":4961},{""x"":1017,""y"":81,""t"":4986},{""x"":1033,""y"":87,""t"":5051},{""x"":1036,""y"":101,""t"":5106},{""x"":1117,""y"":135,""t"":5197},{""x"":1184,""y"":164,""t"":5214},{""x"":1254,""y"":193,""t"":5311},{""x"":1301,""y"":214,""t"":5375},{""x"":1352,""y"":259,""t"":5440},{""x"":1276,""y"":277,""t"":5458},{""x"":1207,""y"":291,""t"":5515},{""x"":1131,""y"":304,""t"":5629},{""x"":1052,""y"":306,""t"":5646},{""x"":968,""y"":308,""t"":5737},{""x"":920,""y"":328,""t"":5753},{""x"":851,""y"":318,""t"":5842},{""x"":815,""y"":314,""t"":5859}]",1,0.09619632077589137,0.9038036792241086,wa_dn,0
105-attributes,1,119,catch_15,1.0,117.78500000946224,0.22,0.49,3.0,4.9,dominated,dominant,1,1,attributes,1.0,True,0.66,2.401,-1.741,-1.5346311477336216,0.5,0.5,0.5,0.5,,1.0,,dominant,True,"{""durations"":[1250,1250,1250,1250],""attributes"":[""p"",""m"",""p"",""m""],""alternatives"":[""all"",""all"",""all"",""all""]}","[{""x"":849,""y"":341,""t"":-17},{""x"":843,""y"":347,""t"":0},{""x"":825,""y"":331,""t"":106},{""x"":857,""y"":363,""t"":146},{""x"":829,""y"":378,""t"":220},{""x"":747,""y"":367,""t"":294},{""x"":689,""y"":387,""t"":348},{""x"":710,""y"":469,""t"":438},{""x"":725,""y"":535,""t"":454},{""x"":715,""y"":602,""t"":543},{""x"":650,""y"":697,""t"":560},{""x"":605,""y"":773,""t"":618},{""x"":585,""y"":766,""t"":724},{""x"":589,""y"":776,""t"":749},{""x"":579,""y"":774,""t"":837},{""x"":525,""y"":760,""t"":855},{""x"":619,""y"":724,""t"":941},{""x"":702,""y"":691,""t"":957},{""x"":871,""y"":651,""t"":1043},{""x"":1029,""y"":624,""t"":1058},{""x"":1145,""y"":592,""t"":1146},{""x"":1270,""y"":549,""t"":1167},{""x"":1351,""y"":542,""t"":1230},{""x"":1425,""y"":539,""t"":1321},{""x"":1479,""y"":537,""t"":1337},{""x"":1462,""y"":500,""t"":1423},{""x"":1376,""y"":408,""t"":1442},{""x"":1168,""y"":296,""t"":1494},{""x"":1025,""y"":231,""t"":1545},{""x"":931,""y"":180,""t"":1597},{""x"":754,""y"":129,""t"":1648},{""x"":654,""y"":76,""t"":1721},{""x"":579,""y"":28,""t"":1776},{""x"":571,""y"":33,""t"":1861},{""x"":585,""y"":34,""t"":1877},{""x"":662,""y"":29,""t"":1966},{""x"":682,""y"":30,""t"":1982},{""x"":763,""y"":54,""t"":2065},{""x"":835,""y"":78,""t"":2079},{""x"":778,""y"":82,""t"":2163},{""x"":728,""y"":86,""t"":2178},{""x"":680,""y"":87,""t"":2277},{""x"":693,""y"":129,""t"":2293},{""x"":649,""y"":106,""t"":2351},{""x"":655,""y"":94,""t"":2436},{""x"":631,""y"":98,""t"":2452},{""x"":568,""y"":101,""t"":2539},{""x"":577,""y"":104,""t"":2557},{""x"":586,""y"":101,""t"":2669},{""x"":578,""y"":109,""t"":2687},{""x"":553,""y"":131,""t"":2795},{""x"":575,""y"":127,""t"":2857},{""x"":579,""y"":119,""t"":2916},{""x"":571,""y"":122,""t"":2931},{""x"":606,""y"":136,""t"":3017},{""x"":660,""y"":136,""t"":3033},{""x"":645,""y"":104,""t"":3117},{""x"":620,""y"":118,""t"":3133},{""x"":634,""y"":200,""t"":3218},{""x"":722,""y"":319,""t"":3246},{""x"":728,""y"":366,""t"":3303},{""x"":861,""y"":404,""t"":3389},{""x"":999,""y"":437,""t"":3407},{""x"":1153,""y"":496,""t"":3493},{""x"":1263,""y"":503,""t"":3509},{""x"":1344,""y"":515,""t"":3595},{""x"":1440,""y"":518,""t"":3610},{""x"":1402,""y"":600,""t"":3701},{""x"":1356,""y"":671,""t"":3716},{""x"":1261,""y"":688,""t"":3814},{""x"":1159,""y"":737,""t"":3881},{""x"":1078,""y"":768,""t"":3941},{""x"":981,""y"":798,""t"":3956},{""x"":926,""y"":762,""t"":4045},{""x"":911,""y"":729,""t"":4064},{""x"":871,""y"":713,""t"":4118},{""x"":744,""y"":596,""t"":4207},{""x"":620,""y"":524,""t"":4224},{""x"":614,""y"":493,""t"":4331},{""x"":566,""y"":405,""t"":4353},{""x"":649,""y"":378,""t"":4449},{""x"":703,""y"":331,""t"":4466},{""x"":833,""y"":281,""t"":4554},{""x"":958,""y"":252,""t"":4574},{""x"":1043,""y"":227,""t"":4624},{""x"":1112,""y"":203,""t"":4711},{""x"":1167,""y"":187,""t"":4727},{""x"":1210,""y"":171,""t"":4817},{""x"":1192,""y"":177,""t"":4838},{""x"":1173,""y"":153,""t"":4899},{""x"":1096,""y"":117,""t"":4988},{""x"":1001,""y"":96,""t"":5004},{""x"":926,""y"":91,""t"":5094},{""x"":859,""y"":62,""t"":5112},{""x"":796,""y"":40,""t"":5167},{""x"":784,""y"":41,""t"":5218},{""x"":746,""y"":37,""t"":5268},{""x"":719,""y"":23,""t"":5318},{""x"":689,""y"":23,""t"":5383},{""x"":719,""y"":19,""t"":5451},{""x"":719,""y"":12,""t"":5538},{""x"":741,""y"":12,""t"":5554},{""x"":705,""y"":13,""t"":5644},{""x"":714,""y"":29,""t"":5660},{""x"":738,""y"":32,""t"":5711},{""x"":726,""y"":23,""t"":5761}]",1,0.0003248914215335741,0.9996751085784663,wa_dn,0
105-attributes,1,120,catch_11,1.0,103.84500000509432,0.18,0.58,1.6999999999999995,5.0,dominated,dominant,1,1,attributes,1.0,True,0.3059999999999999,2.9,-2.594,-2.412592495162716,0.5,0.5,0.5,0.5,,1.0,,dominant,True,"{""durations"":[1250,1250,1250,1250],""attributes"":[""p"",""m"",""p"",""m""],""alternatives"":[""all"",""all"",""all"",""all""]}","[{""x"":826,""y"":253,""t"":-31},{""x"":819,""y"":278,""t"":0},{""x"":802,""y"":290,""t"":112},{""x"":796,""y"":305,""t"":137},{""x"":786,""y"":314,""t"":216},{""x"":772,""y"":313,""t"":274},{""x"":703,""y"":319,""t"":362},{""x"":738,""y"":360,""t"":377},{""x"":748,""y"":405,""t"":472},{""x"":752,""y"":439,""t"":487},{""x"":859,""y"":472,""t"":587},{""x"":1023,""y"":498,""t"":647},{""x"":1138,""y"":518,""t"":707},{""x"":1200,""y"":533,""t"":723},{""x"":1256,""y"":547,""t"":807},{""x"":1300,""y"":561,""t"":823},{""x"":1342,""y"":619,""t"":907},{""x"":1329,""y"":666,""t"":922},{""x"":1309,""y"":711,""t"":1007},{""x"":1300,""y"":744,""t"":1025},{""x"":1292,""y"":756,""t"":1103},{""x"":1298,""y"":772,""t"":1162},{""x"":1218,""y"":753,""t"":1256},{""x"":1156,""y"":739,""t"":1272},{""x"":1069,""y"":733,""t"":1366},{""x"":994,""y"":712,""t"":1426},{""x"":932,""y"":692,""t"":1442},{""x"":881,""y"":681,""t"":1529},{""x"":842,""y"":671,""t"":1545},{""x"":711,""y"":551,""t"":1661},{""x"":615,""y"":455,""t"":1679},{""x"":697,""y"":404,""t"":1765},{""x"":793,""y"":361,""t"":1780},{""x"":842,""y"":302,""t"":1865},{""x"":867,""y"":253,""t"":1880},{""x"":885,""y"":213,""t"":1962},{""x"":901,""y"":184,""t"":1977},{""x"":946,""y"":174,""t"":2077},{""x"":980,""y"":168,""t"":2150},{""x"":1008,""y"":167,""t"":2178},{""x"":1036,""y"":201,""t"":2267},{""x"":1059,""y"":233,""t"":2283},{""x"":1164,""y"":296,""t"":2370},{""x"":1213,""y"":338,""t"":2386},{""x"":1232,""y"":376,""t"":2471},{""x"":1255,""y"":408,""t"":2487},{""x"":1310,""y"":437,""t"":2573},{""x"":1366,""y"":460,""t"":2589},{""x"":1384,""y"":482,""t"":2694},{""x"":1361,""y"":517,""t"":2754},{""x"":1365,""y"":541,""t"":2769},{""x"":1365,""y"":558,""t"":2823},{""x"":1351,""y"":570,""t"":2910},{""x"":1336,""y"":577,""t"":2925},{""x"":1224,""y"":598,""t"":3017},{""x"":1121,""y"":613,""t"":3033},{""x"":1065,""y"":618,""t"":3145},{""x"":1004,""y"":615,""t"":3163},{""x"":946,""y"":631,""t"":3259},{""x"":919,""y"":644,""t"":3274},{""x"":865,""y"":679,""t"":3363},{""x"":824,""y"":716,""t"":3381},{""x"":817,""y"":733,""t"":3464},{""x"":848,""y"":751,""t"":3480},{""x"":799,""y"":784,""t"":3567},{""x"":760,""y"":809,""t"":3582},{""x"":773,""y"":775,""t"":3681},{""x"":791,""y"":746,""t"":3730},{""x"":826,""y"":725,""t"":3782},{""x"":832,""y"":700,""t"":3868},{""x"":843,""y"":680,""t"":3885},{""x"":843,""y"":655,""t"":3973},{""x"":840,""y"":640,""t"":3988},{""x"":881,""y"":629,""t"":4077},{""x"":916,""y"":620,""t"":4092},{""x"":924,""y"":623,""t"":4186},{""x"":1012,""y"":607,""t"":4253},{""x"":1016,""y"":580,""t"":4316},{""x"":1018,""y"":561,""t"":4331},{""x"":1051,""y"":527,""t"":4419},{""x"":1063,""y"":502,""t"":4435},{""x"":1086,""y"":469,""t"":4486},{""x"":1103,""y"":439,""t"":4537},{""x"":1106,""y"":414,""t"":4597},{""x"":1132,""y"":409,""t"":4682},{""x"":1117,""y"":380,""t"":4698},{""x"":1111,""y"":365,""t"":4765},{""x"":1125,""y"":386,""t"":4855},{""x"":1132,""y"":406,""t"":4876},{""x"":1129,""y"":407,""t"":4932},{""x"":1117,""y"":429,""t"":5022},{""x"":1112,""y"":450,""t"":5039},{""x"":1061,""y"":487,""t"":5126},{""x"":1076,""y"":495,""t"":5141},{""x"":1076,""y"":463,""t"":5229},{""x"":1110,""y"":467,""t"":5261},{""x"":1069,""y"":512,""t"":5318},{""x"":1089,""y"":498,""t"":5376},{""x"":1083,""y"":513,""t"":5463},{""x"":1084,""y"":530,""t"":5478},{""x"":1075,""y"":536,""t"":5563},{""x"":1059,""y"":531,""t"":5578},{""x"":1038,""y"":531,""t"":5662},{""x"":1029,""y"":526,""t"":5679}]",1,2.1866437847082245e-06,0.9999978133562152,wa_dn,0
105-attributes,1,121,exp_33,1.0,186.9650000007823,0.79,0.7,2.0,3.2,higher_p,higher_m,0,1,attributes,1.0,True,1.58,2.24,-0.6599999999999997,-0.4219978340514987,0.5,0.5,0.6,0.4,0.0,1.0,higher_p,higher_m,False,"{""durations"":[1500,1000,1500,1000],""alternatives"":[""all"",""all"",""all"",""all""],""attributes"":[""p"",""m"",""p"",""m""]}","[{""x"":1009,""y"":470,""t"":-16},{""x"":976,""y"":475,""t"":0},{""x"":944,""y"":437,""t"":103},{""x"":902,""y"":388,""t"":181},{""x"":878,""y"":359,""t"":206},{""x"":900,""y"":385,""t"":297},{""x"":922,""y"":410,""t"":314},{""x"":982,""y"":446,""t"":405},{""x"":1025,""y"":480,""t"":421},{""x"":966,""y"":555,""t"":536},{""x"":889,""y"":615,""t"":552},{""x"":760,""y"":685,""t"":646},{""x"":668,""y"":715,""t"":661},{""x"":626,""y"":755,""t"":715},{""x"":620,""y"":761,""t"":800},{""x"":619,""y"":764,""t"":821},{""x"":749,""y"":724,""t"":916},{""x"":870,""y"":685,""t"":936},{""x"":993,""y"":637,""t"":1013},{""x"":1054,""y"":614,""t"":1068},{""x"":1104,""y"":597,""t"":1153},{""x"":1142,""y"":583,""t"":1168},{""x"":1163,""y"":566,""t"":1256},{""x"":1177,""y"":553,""t"":1270},{""x"":1210,""y"":546,""t"":1361},{""x"":1255,""y"":540,""t"":1427},{""x"":1253,""y"":534,""t"":1445},{""x"":1256,""y"":530,""t"":1498},{""x"":1231,""y"":537,""t"":1583},{""x"":1194,""y"":535,""t"":1640},{""x"":1171,""y"":534,""t"":1729},{""x"":1142,""y"":533,""t"":1745},{""x"":1135,""y"":537,""t"":1838},{""x"":1173,""y"":517,""t"":1901},{""x"":1200,""y"":504,""t"":1917},{""x"":1219,""y"":479,""t"":2002},{""x"":1235,""y"":459,""t"":2017},{""x"":1080,""y"":390,""t"":2126},{""x"":942,""y"":333,""t"":2144},{""x"":747,""y"":275,""t"":2235},{""x"":599,""y"":232,""t"":2251},{""x"":555,""y"":193,""t"":2338},{""x"":609,""y"":183,""t"":2354},{""x"":652,""y"":180,""t"":2413},{""x"":676,""y"":182,""t"":2463},{""x"":731,""y"":194,""t"":2546},{""x"":839,""y"":205,""t"":2560},{""x"":870,""y"":210,""t"":2635},{""x"":934,""y"":222,""t"":2690},{""x"":950,""y"":229,""t"":2778},{""x"":962,""y"":236,""t"":2794},{""x"":973,""y"":231,""t"":2881},{""x"":970,""y"":235,""t"":2896},{""x"":896,""y"":290,""t"":2993},{""x"":790,""y"":334,""t"":3054},{""x"":682,""y"":369,""t"":3069},{""x"":682,""y"":434,""t"":3183},{""x"":596,""y"":468,""t"":3199},{""x"":635,""y"":531,""t"":3286},{""x"":640,""y"":598,""t"":3302},{""x"":788,""y"":675,""t"":3389},{""x"":899,""y"":732,""t"":3405},{""x"":1023,""y"":743,""t"":3499},{""x"":1120,""y"":744,""t"":3514},{""x"":1180,""y"":706,""t"":3601},{""x"":1180,""y"":678,""t"":3618},{""x"":1109,""y"":563,""t"":3732},{""x"":1030,""y"":439,""t"":3748},{""x"":933,""y"":362,""t"":3834},{""x"":884,""y"":294,""t"":3851},{""x"":756,""y"":237,""t"":3936},{""x"":635,""y"":187,""t"":3952},{""x"":589,""y"":159,""t"":4039},{""x"":529,""y"":132,""t"":4054},{""x"":468,""y"":102,""t"":4137},{""x"":418,""y"":77,""t"":4158},{""x"":403,""y"":82,""t"":4227},{""x"":388,""y"":78,""t"":4329},{""x"":380,""y"":78,""t"":4353},{""x"":526,""y"":99,""t"":4443},{""x"":646,""y"":116,""t"":4458},{""x"":772,""y"":116,""t"":4542},{""x"":877,""y"":116,""t"":4556},{""x"":901,""y"":120,""t"":4640},{""x"":927,""y"":129,""t"":4660},{""x"":1020,""y"":141,""t"":4762},{""x"":972,""y"":160,""t"":4869},{""x"":928,""y"":139,""t"":4933},{""x"":821,""y"":135,""t"":4995},{""x"":765,""y"":138,""t"":5011},{""x"":690,""y"":134,""t"":5098},{""x"":628,""y"":131,""t"":5113},{""x"":563,""y"":122,""t"":5201},{""x"":510,""y"":137,""t"":5217},{""x"":497,""y"":140,""t"":5296},{""x"":486,""y"":144,""t"":5351},{""x"":516,""y"":150,""t"":5440},{""x"":618,""y"":230,""t"":5455},{""x"":670,""y"":252,""t"":5507},{""x"":636,""y"":232,""t"":5557},{""x"":614,""y"":238,""t"":5608},{""x"":699,""y"":290,""t"":5660},{""x"":744,""y"":410,""t"":5710},{""x"":729,""y"":361,""t"":5774},{""x"":715,""y"":335,""t"":5828},{""x"":727,""y"":313,""t"":5882}]",1,0.12414711673895225,0.8758528832610477,wa_dn,0
105-attributes,1,122,exp_81,1.0,110.69999999017456,0.61,0.29,2.2,8.1,higher_p,higher_m,0,1,attributes,1.0,True,1.342,2.349,-1.0069999999999997,-0.7791520984804502,0.5,0.5,0.6,0.4,0.0,1.0,higher_p,higher_m,False,"{""durations"":[1500,1000,1500,1000],""alternatives"":[""all"",""all"",""all"",""all""],""attributes"":[""p"",""m"",""p"",""m""]}","[{""x"":960,""y"":371,""t"":0},{""x"":908,""y"":352,""t"":60},{""x"":914,""y"":332,""t"":75},{""x"":904,""y"":317,""t"":146},{""x"":897,""y"":312,""t"":205},{""x"":847,""y"":308,""t"":345},{""x"":832,""y"":354,""t"":409},{""x"":753,""y"":372,""t"":470},{""x"":708,""y"":390,""t"":485},{""x"":781,""y"":437,""t"":573},{""x"":845,""y"":476,""t"":589},{""x"":1020,""y"":486,""t"":676},{""x"":1168,""y"":492,""t"":691},{""x"":1287,""y"":506,""t"":798},{""x"":1259,""y"":484,""t"":818},{""x"":1081,""y"":402,""t"":910},{""x"":974,""y"":337,""t"":975},{""x"":908,""y"":297,""t"":1041},{""x"":824,""y"":245,""t"":1091},{""x"":742,""y"":196,""t"":1177},{""x"":675,""y"":157,""t"":1192},{""x"":634,""y"":139,""t"":1283},{""x"":604,""y"":118,""t"":1303},{""x"":561,""y"":113,""t"":1373},{""x"":498,""y"":107,""t"":1462},{""x"":440,""y"":96,""t"":1522},{""x"":396,""y"":88,""t"":1538},{""x"":378,""y"":96,""t"":1624},{""x"":355,""y"":107,""t"":1639},{""x"":333,""y"":114,""t"":1725},{""x"":326,""y"":123,""t"":1740},{""x"":418,""y"":137,""t"":1840},{""x"":598,""y"":127,""t"":1922},{""x"":753,""y"":118,""t"":1938},{""x"":898,""y"":149,""t"":2022},{""x"":1008,""y"":180,""t"":2042},{""x"":1063,""y"":328,""t"":2131},{""x"":1084,""y"":433,""t"":2148},{""x"":1212,""y"":491,""t"":2235},{""x"":1289,""y"":548,""t"":2251},{""x"":1351,""y"":520,""t"":2338},{""x"":1397,""y"":488,""t"":2375},{""x"":1370,""y"":455,""t"":2435},{""x"":1411,""y"":439,""t"":2487},{""x"":1401,""y"":450,""t"":2574},{""x"":1345,""y"":441,""t"":2590},{""x"":1310,""y"":453,""t"":2677},{""x"":1278,""y"":462,""t"":2692},{""x"":1255,""y"":477,""t"":2779},{""x"":1234,""y"":489,""t"":2794},{""x"":1286,""y"":484,""t"":2911},{""x"":1330,""y"":479,""t"":2926},{""x"":1199,""y"":524,""t"":3015},{""x"":1086,""y"":562,""t"":3031},{""x"":989,""y"":565,""t"":3117},{""x"":876,""y"":587,""t"":3133},{""x"":847,""y"":621,""t"":3218},{""x"":827,""y"":648,""t"":3234},{""x"":793,""y"":636,""t"":3318},{""x"":790,""y"":644,""t"":3335},{""x"":856,""y"":641,""t"":3440},{""x"":977,""y"":613,""t"":3501},{""x"":1056,""y"":589,""t"":3517},{""x"":1150,""y"":561,""t"":3571},{""x"":1229,""y"":535,""t"":3666},{""x"":1298,""y"":511,""t"":3681},{""x"":1365,""y"":508,""t"":3763},{""x"":1391,""y"":512,""t"":3778},{""x"":1409,""y"":514,""t"":3861},{""x"":1437,""y"":510,""t"":3876},{""x"":1421,""y"":524,""t"":3962},{""x"":1439,""y"":518,""t"":4013},{""x"":1447,""y"":507,""t"":4099},{""x"":1450,""y"":498,""t"":4117},{""x"":1440,""y"":480,""t"":4210},{""x"":1455,""y"":481,""t"":4226},{""x"":1435,""y"":486,""t"":4314},{""x"":1417,""y"":492,""t"":4329},{""x"":1439,""y"":487,""t"":4439},{""x"":1460,""y"":485,""t"":4457},{""x"":1367,""y"":380,""t"":4555},{""x"":1316,""y"":293,""t"":4571},{""x"":1256,""y"":222,""t"":4623},{""x"":1151,""y"":184,""t"":4674},{""x"":926,""y"":159,""t"":4725},{""x"":777,""y"":118,""t"":4775},{""x"":618,""y"":99,""t"":4861},{""x"":511,""y"":89,""t"":4876},{""x"":433,""y"":78,""t"":4978},{""x"":323,""y"":63,""t"":4999},{""x"":358,""y"":68,""t"":5084},{""x"":351,""y"":56,""t"":5100},{""x"":412,""y"":81,""t"":5194},{""x"":494,""y"":87,""t"":5211},{""x"":541,""y"":94,""t"":5302},{""x"":569,""y"":76,""t"":5319},{""x"":638,""y"":90,""t"":5378},{""x"":735,""y"":262,""t"":5504},{""x"":827,""y"":432,""t"":5525},{""x"":837,""y"":546,""t"":5606},{""x"":911,""y"":584,""t"":5664},{""x"":927,""y"":643,""t"":5722}]",1,0.11223462137452488,0.8877653786254751,wa_dn,0
105-attributes,1,124,exp_87,1.0,125.14499999815598,0.61,0.29,2.2,8.1,higher_p,higher_m,0,1,attributes,1.0,True,1.342,2.349,-1.0069999999999997,-0.7791520984804502,0.5,0.5,0.4,0.6,1.0,1.0,higher_m,higher_m,False,"{""durations"":[1000,1500,1000,1500],""alternatives"":[""all"",""all"",""all"",""all""],""attributes"":[""p"",""m"",""p"",""m""]}","[{""x"":1077,""y"":660,""t"":-18},{""x"":1092,""y"":634,""t"":0},{""x"":1095,""y"":610,""t"":126},{""x"":1082,""y"":575,""t"":154},{""x"":1102,""y"":544,""t"":232},{""x"":1115,""y"":549,""t"":315},{""x"":1085,""y"":539,""t"":375},{""x"":1117,""y"":537,""t"":502},{""x"":1170,""y"":542,""t"":520},{""x"":1151,""y"":544,""t"":615},{""x"":1071,""y"":582,""t"":682},{""x"":980,""y"":602,""t"":753},{""x"":921,""y"":623,""t"":820},{""x"":965,""y"":604,""t"":891},{""x"":1002,""y"":588,""t"":920},{""x"":1005,""y"":506,""t"":1016},{""x"":985,""y"":426,""t"":1058},{""x"":992,""y"":377,""t"":1171},{""x"":991,""y"":323,""t"":1190},{""x"":996,""y"":298,""t"":1297},{""x"":1045,""y"":274,""t"":1362},{""x"":1061,""y"":251,""t"":1426},{""x"":908,""y"":207,""t"":1444},{""x"":792,""y"":166,""t"":1504},{""x"":648,""y"":123,""t"":1614},{""x"":522,""y"":91,""t"":1636},{""x"":495,""y"":72,""t"":1758},{""x"":462,""y"":66,""t"":1776},{""x"":418,""y"":60,""t"":1881},{""x"":372,""y"":55,""t"":1906},{""x"":319,""y"":52,""t"":2013},{""x"":371,""y"":53,""t"":2082},{""x"":347,""y"":55,""t"":2151},{""x"":436,""y"":68,""t"":2177},{""x"":457,""y"":157,""t"":2278},{""x"":499,""y"":205,""t"":2324},{""x"":548,""y"":273,""t"":2387},{""x"":614,""y"":352,""t"":2490},{""x"":630,""y"":406,""t"":2518},{""x"":687,""y"":466,""t"":2621},{""x"":736,""y"":508,""t"":2692},{""x"":751,""y"":540,""t"":2757},{""x"":751,""y"":560,""t"":2829},{""x"":860,""y"":626,""t"":2894},{""x"":1010,""y"":658,""t"":2942},{""x"":1136,""y"":671,""t"":3000},{""x"":1214,""y"":676,""t"":3067},{""x"":1291,""y"":715,""t"":3183},{""x"":1332,""y"":760,""t"":3203},{""x"":1260,""y"":786,""t"":3302},{""x"":1298,""y"":802,""t"":3373},{""x"":1295,""y"":792,""t"":3442},{""x"":1216,""y"":757,""t"":3511},{""x"":1171,""y"":729,""t"":3551},{""x"":1071,""y"":755,""t"":3617},{""x"":1047,""y"":715,""t"":3690},{""x"":1063,""y"":661,""t"":3758},{""x"":999,""y"":658,""t"":3829},{""x"":954,""y"":679,""t"":3892},{""x"":976,""y"":603,""t"":3953},{""x"":952,""y"":604,""t"":4022},{""x"":994,""y"":585,""t"":4130},{""x"":988,""y"":558,""t"":4151},{""x"":990,""y"":531,""t"":4279},{""x"":984,""y"":544,""t"":4298},{""x"":1019,""y"":530,""t"":4362},{""x"":880,""y"":443,""t"":4468},{""x"":812,""y"":381,""t"":4490},{""x"":673,""y"":306,""t"":4595},{""x"":563,""y"":211,""t"":4665},{""x"":498,""y"":185,""t"":4693},{""x"":435,""y"":148,""t"":4803},{""x"":368,""y"":123,""t"":4910},{""x"":341,""y"":123,""t"":4931},{""x"":353,""y"":122,""t"":5034},{""x"":375,""y"":113,""t"":5106},{""x"":374,""y"":118,""t"":5176},{""x"":364,""y"":123,""t"":5202},{""x"":360,""y"":115,""t"":5321},{""x"":350,""y"":111,""t"":5341},{""x"":456,""y"":149,""t"":5453},{""x"":539,""y"":183,""t"":5496},{""x"":630,""y"":229,""t"":5563},{""x"":732,""y"":288,""t"":5627},{""x"":687,""y"":280,""t"":5689},{""x"":732,""y"":294,""t"":5752}]",1,0.11223462137452488,0.8877653786254751,wa_dn,0
105-attributes,1,125,exp_7,0.0,179.34000000241213,0.79,0.49,5.300000000000001,8.3,higher_p,higher_m,0,1,attributes,1.0,True,4.187000000000001,4.067,0.120000000000001,0.3808273136562316,0.5,0.5,0.4,0.6,1.0,1.0,higher_m,higher_m,True,"{""durations"":[1000,1500,1000,1500],""alternatives"":[""all"",""all"",""all"",""all""],""attributes"":[""p"",""m"",""p"",""m""]}","[{""x"":986,""y"":435,""t"":-71},{""x"":981,""y"":414,""t"":0},{""x"":975,""y"":406,""t"":115},{""x"":982,""y"":439,""t"":138},{""x"":977,""y"":457,""t"":221},{""x"":838,""y"":477,""t"":304},{""x"":749,""y"":490,""t"":427},{""x"":674,""y"":501,""t"":491},{""x"":777,""y"":527,""t"":556},{""x"":813,""y"":549,""t"":621},{""x"":981,""y"":531,""t"":731},{""x"":1080,""y"":530,""t"":752},{""x"":1099,""y"":527,""t"":861},{""x"":1175,""y"":540,""t"":886},{""x"":1029,""y"":562,""t"":1022},{""x"":933,""y"":599,""t"":1055},{""x"":810,""y"":617,""t"":1164},{""x"":768,""y"":636,""t"":1190},{""x"":617,""y"":517,""t"":1300},{""x"":491,""y"":421,""t"":1327},{""x"":384,""y"":319,""t"":1437},{""x"":559,""y"":222,""t"":1463},{""x"":731,""y"":154,""t"":1553},{""x"":868,""y"":106,""t"":1614},{""x"":980,""y"":73,""t"":1716},{""x"":1073,""y"":50,""t"":1780},{""x"":1085,""y"":151,""t"":1880},{""x"":1145,""y"":243,""t"":1905},{""x"":1199,""y"":390,""t"":2009},{""x"":1280,""y"":475,""t"":2075},{""x"":1326,""y"":484,""t"":2151},{""x"":1360,""y"":488,""t"":2177},{""x"":1327,""y"":513,""t"":2306},{""x"":1301,""y"":547,""t"":2331},{""x"":1319,""y"":579,""t"":2394},{""x"":1298,""y"":584,""t"":2458},{""x"":1297,""y"":590,""t"":2567},{""x"":1295,""y"":593,""t"":2589},{""x"":1273,""y"":600,""t"":2697},{""x"":1223,""y"":597,""t"":2722},{""x"":1243,""y"":601,""t"":2846},{""x"":1213,""y"":595,""t"":2864},{""x"":1245,""y"":580,""t"":2974},{""x"":1262,""y"":580,""t"":2993},{""x"":1286,""y"":579,""t"":3093},{""x"":1328,""y"":544,""t"":3111},{""x"":1350,""y"":544,""t"":3179},{""x"":1322,""y"":563,""t"":3240},{""x"":1327,""y"":613,""t"":3309},{""x"":1310,""y"":661,""t"":3414},{""x"":1327,""y"":696,""t"":3435},{""x"":1385,""y"":646,""t"":3540},{""x"":1340,""y"":530,""t"":3586},{""x"":1377,""y"":461,""t"":3664},{""x"":1395,""y"":397,""t"":3722},{""x"":1345,""y"":343,""t"":3785},{""x"":1330,""y"":303,""t"":3848},{""x"":1174,""y"":267,""t"":3952},{""x"":925,""y"":194,""t"":4015},{""x"":694,""y"":155,""t"":4082},{""x"":501,""y"":106,""t"":4154},{""x"":428,""y"":75,""t"":4247},{""x"":392,""y"":36,""t"":4263},{""x"":378,""y"":25,""t"":4321},{""x"":444,""y"":21,""t"":4443},{""x"":480,""y"":18,""t"":4461},{""x"":624,""y"":26,""t"":4559},{""x"":720,""y"":11,""t"":4629},{""x"":789,""y"":18,""t"":4699},{""x"":889,""y"":34,""t"":4727},{""x"":1037,""y"":35,""t"":4838},{""x"":1072,""y"":53,""t"":4866},{""x"":1054,""y"":65,""t"":4963},{""x"":1225,""y"":136,""t"":4981},{""x"":1244,""y"":108,""t"":5040},{""x"":1280,""y"":130,""t"":5139},{""x"":1282,""y"":118,""t"":5169},{""x"":1244,""y"":110,""t"":5273},{""x"":1244,""y"":118,""t"":5340},{""x"":1147,""y"":162,""t"":5410},{""x"":1100,""y"":215,""t"":5505},{""x"":1006,""y"":240,""t"":5525},{""x"":982,""y"":272,""t"":5582},{""x"":940,""y"":293,""t"":5685},{""x"":927,""y"":423,""t"":5753},{""x"":921,""y"":536,""t"":5781}]",0,0.6275685302233779,0.3724314697766221,wa_dn,0
105-attributes,1,127,exp_75,0.0,296.36500001652166,0.8,0.2,4.0,6.799999999999999,higher_p,higher_m,0,1,attributes,1.0,True,3.2,1.36,1.8400000000000003,2.151159690652763,0.5,0.5,0.6,0.4,0.0,0.0,higher_p,higher_p,True,"{""durations"":[1000,1500,1000,1500],""alternatives"":[""all"",""all"",""all"",""all""],""attributes"":[""m"",""p"",""m"",""p""]}","[{""x"":803,""y"":624,""t"":-56},{""x"":838,""y"":617,""t"":0},{""x"":827,""y"":628,""t"":116},{""x"":897,""y"":624,""t"":142},{""x"":885,""y"":637,""t"":285},{""x"":900,""y"":620,""t"":308},{""x"":843,""y"":582,""t"":414},{""x"":865,""y"":566,""t"":480},{""x"":907,""y"":497,""t"":546},{""x"":915,""y"":410,""t"":611},{""x"":890,""y"":325,""t"":626},{""x"":911,""y"":277,""t"":680},{""x"":1025,""y"":292,""t"":733},{""x"":1029,""y"":312,""t"":809},{""x"":912,""y"":279,""t"":868},{""x"":840,""y"":264,""t"":933},{""x"":757,""y"":248,""t"":988},{""x"":652,""y"":231,""t"":1082},{""x"":581,""y"":236,""t"":1100},{""x"":615,""y"":296,""t"":1160},{""x"":612,""y"":388,""t"":1253},{""x"":576,""y"":434,""t"":1271},{""x"":629,""y"":503,""t"":1395},{""x"":749,""y"":539,""t"":1460},{""x"":870,""y"":569,""t"":1478},{""x"":960,""y"":603,""t"":1535},{""x"":1009,""y"":658,""t"":1632},{""x"":1054,""y"":708,""t"":1651},{""x"":1113,""y"":732,""t"":1710},{""x"":1158,""y"":747,""t"":1770},{""x"":1200,""y"":734,""t"":1866},{""x"":1268,""y"":694,""t"":1884},{""x"":1258,""y"":663,""t"":1972},{""x"":1249,""y"":627,""t"":2072},{""x"":1255,""y"":581,""t"":2095},{""x"":1277,""y"":550,""t"":2153},{""x"":1292,""y"":502,""t"":2250},{""x"":1326,""y"":466,""t"":2312},{""x"":1328,""y"":441,""t"":2329},{""x"":1306,""y"":451,""t"":2386},{""x"":1293,""y"":427,""t"":2515},{""x"":1228,""y"":399,""t"":2537},{""x"":1231,""y"":410,""t"":2605},{""x"":1245,""y"":412,""t"":2662},{""x"":1213,""y"":387,""t"":2769},{""x"":1210,""y"":387,""t"":2789},{""x"":1102,""y"":451,""t"":2883},{""x"":1037,""y"":446,""t"":2901},{""x"":830,""y"":382,""t"":2999},{""x"":702,""y"":374,""t"":3028},{""x"":569,""y"":368,""t"":3148},{""x"":453,""y"":339,""t"":3169},{""x"":548,""y"":420,""t"":3277},{""x"":609,""y"":486,""t"":3299},{""x"":697,""y"":566,""t"":3402},{""x"":841,""y"":625,""t"":3470},{""x"":993,""y"":643,""t"":3536},{""x"":1120,""y"":652,""t"":3556},{""x"":1219,""y"":656,""t"":3611},{""x"":1308,""y"":629,""t"":3757},{""x"":1378,""y"":615,""t"":3774},{""x"":1411,""y"":585,""t"":3882},{""x"":1282,""y"":608,""t"":3952},{""x"":1160,""y"":625,""t"":3979},{""x"":986,""y"":633,""t"":4075},{""x"":893,""y"":608,""t"":4092},{""x"":807,""y"":637,""t"":4149},{""x"":818,""y"":640,""t"":4242},{""x"":840,""y"":651,""t"":4259},{""x"":983,""y"":626,""t"":4338},{""x"":1118,""y"":626,""t"":4404},{""x"":1128,""y"":625,""t"":4464},{""x"":1152,""y"":609,""t"":4563},{""x"":1148,""y"":594,""t"":4629},{""x"":1145,""y"":602,""t"":4698},{""x"":1138,""y"":594,""t"":4727},{""x"":1177,""y"":591,""t"":4820},{""x"":1173,""y"":593,""t"":4840},{""x"":1168,""y"":603,""t"":4968},{""x"":1194,""y"":610,""t"":5034},{""x"":1202,""y"":625,""t"":5106},{""x"":1190,""y"":637,""t"":5171},{""x"":1226,""y"":637,""t"":5236},{""x"":1174,""y"":638,""t"":5254},{""x"":1173,""y"":620,""t"":5309},{""x"":1142,""y"":625,""t"":5415},{""x"":1148,""y"":623,""t"":5440},{""x"":1116,""y"":596,""t"":5574},{""x"":986,""y"":521,""t"":5593},{""x"":983,""y"":505,""t"":5654},{""x"":997,""y"":493,""t"":5755},{""x"":993,""y"":497,""t"":5781},{""x"":957,""y"":486,""t"":5886},{""x"":942,""y"":467,""t"":5954}]",0,0.9933285617887744,0.00667143821122558,wa_dn,0
105-attributes,1,130,exp_103,0.0,295.0800000107847,0.58,0.38,4.9,6.9,higher_p,higher_m,0,1,attributes,1.0,True,2.842,2.6220000000000003,0.2199999999999997,0.4837536146444008,0.5,0.5,0.4,0.6,1.0,1.0,higher_m,higher_m,True,"{""durations"":[1000,1500,1000,1500],""alternatives"":[""all"",""all"",""all"",""all""],""attributes"":[""p"",""m"",""p"",""m""]}","[{""x"":1008,""y"":506,""t"":-17},{""x"":1014,""y"":518,""t"":0},{""x"":1025,""y"":527,""t"":101},{""x"":1003,""y"":527,""t"":124},{""x"":1027,""y"":526,""t"":191},{""x"":1021,""y"":524,""t"":269},{""x"":1029,""y"":536,""t"":327},{""x"":1040,""y"":537,""t"":384},{""x"":1049,""y"":582,""t"":439},{""x"":1102,""y"":624,""t"":490},{""x"":1121,""y"":665,""t"":577},{""x"":1024,""y"":716,""t"":597},{""x"":873,""y"":739,""t"":665},{""x"":819,""y"":754,""t"":719},{""x"":752,""y"":753,""t"":811},{""x"":691,""y"":753,""t"":828},{""x"":757,""y"":711,""t"":913},{""x"":766,""y"":695,""t"":930},{""x"":826,""y"":594,""t"":1018},{""x"":905,""y"":541,""t"":1033},{""x"":966,""y"":479,""t"":1118},{""x"":1038,""y"":455,""t"":1149},{""x"":1096,""y"":409,""t"":1205},{""x"":1121,""y"":382,""t"":1258},{""x"":1184,""y"":372,""t"":1311},{""x"":1214,""y"":366,""t"":1364},{""x"":1218,""y"":329,""t"":1454},{""x"":1218,""y"":301,""t"":1470},{""x"":1021,""y"":239,""t"":1556},{""x"":865,""y"":191,""t"":1573},{""x"":666,""y"":139,""t"":1681},{""x"":498,""y"":104,""t"":1702},{""x"":380,""y"":82,""t"":1793},{""x"":286,""y"":54,""t"":1810},{""x"":250,""y"":54,""t"":1902},{""x"":326,""y"":149,""t"":1918},{""x"":419,""y"":187,""t"":1970},{""x"":505,""y"":219,""t"":2020},{""x"":580,""y"":282,""t"":2106},{""x"":645,""y"":336,""t"":2121},{""x"":730,""y"":394,""t"":2220},{""x"":799,""y"":436,""t"":2245},{""x"":829,""y"":482,""t"":2334},{""x"":851,""y"":518,""t"":2349},{""x"":851,""y"":554,""t"":2440},{""x"":855,""y"":584,""t"":2456},{""x"":861,""y"":612,""t"":2541},{""x"":860,""y"":622,""t"":2557},{""x"":816,""y"":645,""t"":2644},{""x"":805,""y"":664,""t"":2659},{""x"":795,""y"":674,""t"":2737},{""x"":787,""y"":680,""t"":2802},{""x"":785,""y"":704,""t"":2886},{""x"":784,""y"":723,""t"":2902},{""x"":840,""y"":747,""t"":2992},{""x"":849,""y"":756,""t"":3053},{""x"":857,""y"":756,""t"":3069},{""x"":821,""y"":758,""t"":3158},{""x"":919,""y"":704,""t"":3174},{""x"":966,""y"":704,""t"":3245},{""x"":956,""y"":700,""t"":3299},{""x"":1023,""y"":677,""t"":3393},{""x"":1091,""y"":655,""t"":3410},{""x"":1177,""y"":630,""t"":3497},{""x"":1247,""y"":609,""t"":3513},{""x"":1279,""y"":577,""t"":3599},{""x"":1282,""y"":561,""t"":3616},{""x"":1211,""y"":463,""t"":3733},{""x"":1140,""y"":381,""t"":3752},{""x"":1123,""y"":325,""t"":3839},{""x"":1108,""y"":281,""t"":3854},{""x"":1090,""y"":255,""t"":3942},{""x"":1072,""y"":236,""t"":3960},{""x"":1093,""y"":232,""t"":4010},{""x"":902,""y"":205,""t"":4061},{""x"":773,""y"":191,""t"":4114},{""x"":608,""y"":152,""t"":4200},{""x"":505,""y"":128,""t"":4216},{""x"":385,""y"":96,""t"":4318},{""x"":276,""y"":73,""t"":4335},{""x"":236,""y"":69,""t"":4386},{""x"":236,""y"":79,""t"":4475},{""x"":244,""y"":90,""t"":4491},{""x"":275,""y"":93,""t"":4586},{""x"":308,""y"":96,""t"":4601},{""x"":353,""y"":110,""t"":4683},{""x"":426,""y"":137,""t"":4699},{""x"":496,""y"":164,""t"":4810},{""x"":556,""y"":187,""t"":4829},{""x"":585,""y"":204,""t"":4923},{""x"":600,""y"":208,""t"":4938},{""x"":646,""y"":231,""t"":5025},{""x"":701,""y"":254,""t"":5039},{""x"":727,""y"":268,""t"":5129},{""x"":730,""y"":275,""t"":5145},{""x"":767,""y"":288,""t"":5242},{""x"":779,""y"":293,""t"":5313},{""x"":758,""y"":283,""t"":5373},{""x"":745,""y"":289,""t"":5439},{""x"":793,""y"":316,""t"":5456},{""x"":836,""y"":338,""t"":5507},{""x"":868,""y"":353,""t"":5558},{""x"":841,""y"":340,""t"":5640},{""x"":831,""y"":328,""t"":5656},{""x"":876,""y"":363,""t"":5739},{""x"":901,""y"":376,""t"":5754},{""x"":883,""y"":445,""t"":5853},{""x"":923,""y"":548,""t"":5915}]",0,0.6863358293488901,0.31366417065110985,wa_dn,0
105-attributes,1,132,exp_83,1.0,44.55500000040047,0.61,0.29,2.2,8.1,higher_p,higher_m,0,1,attributes,1.0,True,1.342,2.349,-1.0069999999999997,-0.7791520984804502,0.5,0.5,0.6,0.4,0.0,0.0,higher_p,higher_p,False,"{""durations"":[1000,1500,1000,1500],""alternatives"":[""all"",""all"",""all"",""all""],""attributes"":[""m"",""p"",""m"",""p""]}","[{""x"":1031,""y"":498,""t"":-55},{""x"":1034,""y"":494,""t"":0},{""x"":1044,""y"":521,""t"":101},{""x"":1022,""y"":490,""t"":130},{""x"":983,""y"":528,""t"":201},{""x"":961,""y"":556,""t"":279},{""x"":1046,""y"":522,""t"":371},{""x"":1103,""y"":508,""t"":388},{""x"":1147,""y"":485,""t"":444},{""x"":1170,""y"":440,""t"":552},{""x"":1163,""y"":402,""t"":612},{""x"":985,""y"":332,""t"":691},{""x"":815,""y"":276,""t"":716},{""x"":648,""y"":220,""t"":803},{""x"":511,""y"":180,""t"":820},{""x"":504,""y"":166,""t"":920},{""x"":591,""y"":184,""t"":979},{""x"":660,""y"":207,""t"":994},{""x"":731,""y"":234,""t"":1079},{""x"":793,""y"":259,""t"":1094},{""x"":868,""y"":315,""t"":1207},{""x"":915,""y"":331,""t"":1227},{""x"":986,""y"":368,""t"":1316},{""x"":1038,""y"":403,""t"":1332},{""x"":1067,""y"":452,""t"":1418},{""x"":1106,""y"":490,""t"":1433},{""x"":1069,""y"":560,""t"":1519},{""x"":1033,""y"":616,""t"":1535},{""x"":904,""y"":639,""t"":1621},{""x"":853,""y"":647,""t"":1637},{""x"":831,""y"":684,""t"":1759},{""x"":825,""y"":723,""t"":1780},{""x"":733,""y"":732,""t"":1868},{""x"":647,""y"":661,""t"":1884},{""x"":542,""y"":571,""t"":1938},{""x"":454,""y"":476,""t"":1991},{""x"":417,""y"":382,""t"":2042},{""x"":379,""y"":325,""t"":2127},{""x"":359,""y"":273,""t"":2142},{""x"":300,""y"":219,""t"":2242},{""x"":275,""y"":187,""t"":2259},{""x"":287,""y"":212,""t"":2311},{""x"":266,""y"":187,""t"":2367},{""x"":239,""y"":169,""t"":2418},{""x"":219,""y"":153,""t"":2503},{""x"":205,""y"":141,""t"":2518},{""x"":181,""y"":132,""t"":2609},{""x"":178,""y"":135,""t"":2625},{""x"":184,""y"":135,""t"":2711},{""x"":198,""y"":146,""t"":2753},{""x"":200,""y"":144,""t"":2769},{""x"":212,""y"":169,""t"":2873},{""x"":215,""y"":185,""t"":2926},{""x"":239,""y"":209,""t"":3011},{""x"":294,""y"":245,""t"":3027},{""x"":400,""y"":350,""t"":3114},{""x"":512,""y"":466,""t"":3129},{""x"":730,""y"":581,""t"":3220},{""x"":956,""y"":581,""t"":3234},{""x"":1153,""y"":573,""t"":3316},{""x"":1315,""y"":587,""t"":3367},{""x"":1385,""y"":524,""t"":3462},{""x"":1447,""y"":486,""t"":3477},{""x"":1461,""y"":436,""t"":3562},{""x"":1456,""y"":381,""t"":3578},{""x"":1428,""y"":338,""t"":3666},{""x"":1427,""y"":303,""t"":3682},{""x"":1417,""y"":316,""t"":3765},{""x"":1386,""y"":357,""t"":3793},{""x"":1384,""y"":378,""t"":3848},{""x"":1362,""y"":404,""t"":3944},{""x"":1369,""y"":430,""t"":4005},{""x"":1372,""y"":451,""t"":4022},{""x"":1339,""y"":490,""t"":4113},{""x"":1294,""y"":523,""t"":4130},{""x"":1298,""y"":569,""t"":4181},{""x"":1312,""y"":590,""t"":4235},{""x"":1370,""y"":589,""t"":4286},{""x"":1354,""y"":600,""t"":4363},{""x"":1316,""y"":609,""t"":4450},{""x"":1314,""y"":615,""t"":4467},{""x"":1318,""y"":621,""t"":4552},{""x"":1263,""y"":614,""t"":4568},{""x"":1284,""y"":615,""t"":4654},{""x"":1261,""y"":611,""t"":4669},{""x"":1288,""y"":625,""t"":4757},{""x"":1268,""y"":627,""t"":4772},{""x"":1257,""y"":628,""t"":4882},{""x"":1256,""y"":627,""t"":4902},{""x"":1271,""y"":626,""t"":4995},{""x"":1252,""y"":624,""t"":5012},{""x"":1209,""y"":621,""t"":5097},{""x"":1173,""y"":618,""t"":5112},{""x"":1198,""y"":629,""t"":5204},{""x"":1246,""y"":626,""t"":5266},{""x"":1259,""y"":636,""t"":5283},{""x"":1265,""y"":657,""t"":5334},{""x"":1239,""y"":669,""t"":5404},{""x"":1268,""y"":659,""t"":5468},{""x"":1260,""y"":660,""t"":5519},{""x"":1244,""y"":649,""t"":5604},{""x"":1234,""y"":638,""t"":5620},{""x"":1192,""y"":606,""t"":5707},{""x"":1108,""y"":598,""t"":5723}]",1,0.11223462137452488,0.8877653786254751,wa_dn,0
105-attributes,1,133,exp_95,0.0,386.8600000278093,0.5,0.38,3.0,4.0,higher_p,higher_m,0,1,attributes,1.0,True,1.5,1.52,-0.02,0.2367304922727919,0.5,0.5,0.4,0.6,1.0,1.0,higher_m,higher_m,True,"{""durations"":[1000,1500,1000,1500],""alternatives"":[""all"",""all"",""all"",""all""],""attributes"":[""p"",""m"",""p"",""m""]}","[{""x"":879,""y"":647,""t"":-22},{""x"":870,""y"":640,""t"":0},{""x"":887,""y"":631,""t"":102},{""x"":923,""y"":625,""t"":171},{""x"":943,""y"":615,""t"":250},{""x"":940,""y"":617,""t"":309},{""x"":986,""y"":608,""t"":371},{""x"":1011,""y"":610,""t"":386},{""x"":1041,""y"":603,""t"":472},{""x"":1065,""y"":597,""t"":490},{""x"":1102,""y"":609,""t"":577},{""x"":1146,""y"":606,""t"":596},{""x"":1170,""y"":609,""t"":671},{""x"":1191,""y"":614,""t"":726},{""x"":1145,""y"":626,""t"":816},{""x"":1061,""y"":644,""t"":877},{""x"":987,""y"":659,""t"":893},{""x"":933,""y"":676,""t"":980},{""x"":878,""y"":690,""t"":998},{""x"":802,""y"":701,""t"":1088},{""x"":822,""y"":687,""t"":1103},{""x"":842,""y"":654,""t"":1156},{""x"":835,""y"":612,""t"":1235},{""x"":864,""y"":597,""t"":1324},{""x"":852,""y"":600,""t"":1339},{""x"":799,""y"":513,""t"":1391},{""x"":717,""y"":441,""t"":1442},{""x"":637,""y"":392,""t"":1528},{""x"":673,""y"":394,""t"":1544},{""x"":708,""y"":399,""t"":1598},{""x"":789,""y"":357,""t"":1694},{""x"":872,""y"":327,""t"":1713},{""x"":960,""y"":326,""t"":1809},{""x"":891,""y"":290,""t"":1869},{""x"":813,""y"":272,""t"":1884},{""x"":700,""y"":221,""t"":1969},{""x"":605,""y"":180,""t"":1984},{""x"":561,""y"":157,""t"":2069},{""x"":533,""y"":139,""t"":2084},{""x"":516,""y"":137,""t"":2167},{""x"":476,""y"":130,""t"":2188},{""x"":445,""y"":126,""t"":2250},{""x"":478,""y"":141,""t"":2340},{""x"":507,""y"":152,""t"":2355},{""x"":488,""y"":183,""t"":2441},{""x"":454,""y"":209,""t"":2458},{""x"":513,""y"":326,""t"":2545},{""x"":592,""y"":438,""t"":2563},{""x"":644,""y"":523,""t"":2656},{""x"":683,""y"":597,""t"":2731},{""x"":694,""y"":646,""t"":2756},{""x"":730,""y"":693,""t"":2844},{""x"":737,""y"":728,""t"":2860},{""x"":821,""y"":775,""t"":2947},{""x"":876,""y"":799,""t"":2962},{""x"":965,""y"":815,""t"":3050},{""x"":1007,""y"":846,""t"":3066},{""x"":1021,""y"":862,""t"":3151},{""x"":1051,""y"":843,""t"":3166},{""x"":1129,""y"":835,""t"":3265},{""x"":1215,""y"":829,""t"":3327},{""x"":1262,""y"":823,""t"":3342},{""x"":1277,""y"":807,""t"":3430},{""x"":1284,""y"":792,""t"":3446},{""x"":1230,""y"":739,""t"":3531},{""x"":1164,""y"":725,""t"":3548},{""x"":1084,""y"":709,""t"":3602},{""x"":937,""y"":635,""t"":3655},{""x"":800,""y"":574,""t"":3707},{""x"":680,""y"":461,""t"":3821},{""x"":565,""y"":364,""t"":3844},{""x"":453,""y"":278,""t"":3930},{""x"":375,""y"":213,""t"":3947},{""x"":562,""y"":205,""t"":4033},{""x"":728,""y"":205,""t"":4048},{""x"":833,""y"":181,""t"":4132},{""x"":950,""y"":175,""t"":4149},{""x"":1027,""y"":162,""t"":4257},{""x"":1063,""y"":154,""t"":4285},{""x"":1103,""y"":169,""t"":4371},{""x"":1133,""y"":184,""t"":4387},{""x"":1180,""y"":312,""t"":4474},{""x"":1186,""y"":428,""t"":4489},{""x"":1151,""y"":512,""t"":4575},{""x"":1118,""y"":585,""t"":4590},{""x"":1211,""y"":625,""t"":4680},{""x"":1278,""y"":658,""t"":4696},{""x"":1385,""y"":644,""t"":4807},{""x"":1433,""y"":640,""t"":4830},{""x"":1481,""y"":640,""t"":4915},{""x"":1472,""y"":630,""t"":4930},{""x"":1531,""y"":597,""t"":5018},{""x"":1577,""y"":568,""t"":5032},{""x"":1582,""y"":554,""t"":5122},{""x"":1555,""y"":529,""t"":5137},{""x"":1544,""y"":500,""t"":5221},{""x"":1527,""y"":474,""t"":5239},{""x"":1526,""y"":454,""t"":5340},{""x"":1438,""y"":470,""t"":5403},{""x"":1338,""y"":481,""t"":5419},{""x"":1276,""y"":490,""t"":5473},{""x"":1198,""y"":495,""t"":5524},{""x"":1090,""y"":522,""t"":5574},{""x"":1052,""y"":528,""t"":5625},{""x"":1025,""y"":527,""t"":5675},{""x"":997,""y"":521,""t"":5724},{""x"":912,""y"":546,""t"":5836},{""x"":925,""y"":540,""t"":5853},{""x"":945,""y"":535,""t"":5941},{""x"":908,""y"":551,""t"":5957}]",0,0.5322840285573827,0.4677159714426173,wa_dn,0
105-attributes,1,135,exp_97,0.0,161.24499999568798,0.58,0.38,4.9,6.9,higher_p,higher_m,0,1,attributes,1.0,True,2.842,2.6220000000000003,0.2199999999999997,0.4837536146444008,0.5,0.5,0.6,0.4,0.0,1.0,higher_p,higher_m,True,"{""durations"":[1500,1000,1500,1000],""alternatives"":[""all"",""all"",""all"",""all""],""attributes"":[""p"",""m"",""p"",""m""]}","[{""x"":915,""y"":603,""t"":-58},{""x"":930,""y"":599,""t"":0},{""x"":969,""y"":594,""t"":104},{""x"":968,""y"":589,""t"":188},{""x"":975,""y"":583,""t"":204},{""x"":977,""y"":576,""t"":289},{""x"":978,""y"":570,""t"":307},{""x"":990,""y"":562,""t"":418},{""x"":1027,""y"":566,""t"":444},{""x"":1005,""y"":584,""t"":531},{""x"":985,""y"":599,""t"":547},{""x"":884,""y"":629,""t"":637},{""x"":797,""y"":654,""t"":651},{""x"":722,""y"":678,""t"":740},{""x"":679,""y"":687,""t"":760},{""x"":815,""y"":673,""t"":860},{""x"":925,""y"":663,""t"":886},{""x"":1068,""y"":656,""t"":975},{""x"":1162,""y"":645,""t"":990},{""x"":1190,""y"":637,""t"":1075},{""x"":1221,""y"":635,""t"":1091},{""x"":1111,""y"":636,""t"":1176},{""x"":1039,""y"":647,""t"":1194},{""x"":967,""y"":661,""t"":1277},{""x"":905,""y"":673,""t"":1296},{""x"":731,""y"":568,""t"":1414},{""x"":608,""y"":479,""t"":1429},{""x"":482,""y"":384,""t"":1516},{""x"":381,""y"":306,""t"":1532},{""x"":341,""y"":259,""t"":1618},{""x"":274,""y"":214,""t"":1633},{""x"":226,""y"":173,""t"":1720},{""x"":205,""y"":152,""t"":1735},{""x"":323,""y"":174,""t"":1818},{""x"":413,""y"":184,""t"":1838},{""x"":637,""y"":172,""t"":1948},{""x"":784,""y"":169,""t"":2007},{""x"":921,""y"":169,""t"":2072},{""x"":1033,""y"":171,""t"":2087},{""x"":1150,""y"":215,""t"":2176},{""x"":1219,""y"":341,""t"":2193},{""x"":1255,""y"":435,""t"":2244},{""x"":1248,""y"":553,""t"":2292},{""x"":1328,""y"":639,""t"":2381},{""x"":1388,""y"":709,""t"":2415},{""x"":1409,""y"":719,""t"":2508},{""x"":1417,""y"":727,""t"":2523},{""x"":1448,""y"":715,""t"":2624},{""x"":1397,""y"":721,""t"":2690},{""x"":1387,""y"":705,""t"":2746},{""x"":1369,""y"":697,""t"":2763},{""x"":1387,""y"":692,""t"":2845},{""x"":1399,""y"":686,""t"":2859},{""x"":1228,""y"":693,""t"":2969},{""x"":1080,""y"":698,""t"":2993},{""x"":926,""y"":714,""t"":3078},{""x"":799,""y"":726,""t"":3095},{""x"":719,""y"":727,""t"":3181},{""x"":659,""y"":726,""t"":3197},{""x"":585,""y"":727,""t"":3288},{""x"":521,""y"":724,""t"":3303},{""x"":459,""y"":711,""t"":3391},{""x"":404,""y"":700,""t"":3411},{""x"":456,""y"":704,""t"":3479},{""x"":468,""y"":707,""t"":3568},{""x"":543,""y"":730,""t"":3584},{""x"":580,""y"":740,""t"":3636},{""x"":572,""y"":733,""t"":3690},{""x"":610,""y"":734,""t"":3741},{""x"":608,""y"":748,""t"":3850},{""x"":621,""y"":753,""t"":3911},{""x"":698,""y"":776,""t"":4000},{""x"":656,""y"":757,""t"":4016},{""x"":615,""y"":750,""t"":4107},{""x"":626,""y"":745,""t"":4124},{""x"":626,""y"":746,""t"":4217},{""x"":606,""y"":745,""t"":4282},{""x"":612,""y"":726,""t"":4298},{""x"":629,""y"":731,""t"":4384},{""x"":613,""y"":750,""t"":4398},{""x"":738,""y"":734,""t"":4451},{""x"":749,""y"":724,""t"":4538},{""x"":725,""y"":744,""t"":4588},{""x"":697,""y"":748,""t"":4641},{""x"":782,""y"":765,""t"":4692},{""x"":723,""y"":752,""t"":4742},{""x"":711,""y"":752,""t"":4794},{""x"":728,""y"":734,""t"":4881},{""x"":691,""y"":722,""t"":4897},{""x"":592,""y"":592,""t"":4986},{""x"":526,""y"":462,""t"":5006},{""x"":428,""y"":384,""t"":5071},{""x"":497,""y"":363,""t"":5168},{""x"":449,""y"":297,""t"":5229},{""x"":399,""y"":233,""t"":5244},{""x"":422,""y"":243,""t"":5330},{""x"":427,""y"":243,""t"":5347},{""x"":501,""y"":312,""t"":5430},{""x"":611,""y"":346,""t"":5446},{""x"":697,""y"":337,""t"":5537},{""x"":775,""y"":353,""t"":5564},{""x"":863,""y"":404,""t"":5615},{""x"":951,""y"":436,""t"":5700},{""x"":997,""y"":461,""t"":5716},{""x"":1017,""y"":448,""t"":5810}]",0,0.6863358293488901,0.31366417065110985,wa_dn,0
105-attributes,1,138,exp_51,0.0,227.24499998730607,0.49,0.32,6.9,8.2,higher_p,higher_m,0,1,attributes,1.0,True,3.381,2.624,0.7570000000000006,1.0364678509508771,0.5,0.5,0.6,0.4,0.0,0.0,higher_p,higher_p,True,"{""durations"":[1000,1500,1000,1500],""alternatives"":[""all"",""all"",""all"",""all""],""attributes"":[""m"",""p"",""m"",""p""]}","[{""x"":773,""y"":340,""t"":-112},{""x"":809,""y"":382,""t"":0},{""x"":842,""y"":403,""t"":171},{""x"":677,""y"":324,""t"":282},{""x"":820,""y"":258,""t"":439},{""x"":889,""y"":215,""t"":594},{""x"":813,""y"":168,""t"":752},{""x"":694,""y"":130,""t"":871},{""x"":598,""y"":111,""t"":988},{""x"":683,""y"":67,""t"":1115},{""x"":688,""y"":52,""t"":1262},{""x"":677,""y"":72,""t"":1445},{""x"":623,""y"":86,""t"":1573},{""x"":560,""y"":100,""t"":1698},{""x"":516,""y"":104,""t"":1802},{""x"":591,""y"":242,""t"":1943},{""x"":663,""y"":383,""t"":1981},{""x"":557,""y"":512,""t"":2056},{""x"":492,""y"":541,""t"":2128},{""x"":443,""y"":495,""t"":2199},{""x"":378,""y"":425,""t"":2266},{""x"":369,""y"":378,""t"":2372},{""x"":333,""y"":327,""t"":2438},{""x"":290,""y"":278,""t"":2504},{""x"":252,""y"":238,""t"":2566},{""x"":232,""y"":205,""t"":2632},{""x"":214,""y"":170,""t"":2696},{""x"":222,""y"":145,""t"":2812},{""x"":236,""y"":130,""t"":2831},{""x"":245,""y"":122,""t"":2929},{""x"":243,""y"":106,""t"":2967},{""x"":225,""y"":110,""t"":3047},{""x"":349,""y"":114,""t"":3111},{""x"":422,""y"":122,""t"":3170},{""x"":587,""y"":85,""t"":3268},{""x"":731,""y"":66,""t"":3298},{""x"":821,""y"":64,""t"":3399},{""x"":877,""y"":57,""t"":3416},{""x"":957,""y"":30,""t"":3475},{""x"":1008,""y"":19,""t"":3594},{""x"":1053,""y"":21,""t"":3621},{""x"":1115,""y"":38,""t"":3687},{""x"":1117,""y"":55,""t"":3756},{""x"":1138,""y"":72,""t"":3819},{""x"":1141,""y"":74,""t"":3888},{""x"":1155,""y"":91,""t"":3945},{""x"":1033,""y"":131,""t"":4042},{""x"":863,""y"":168,""t"":4059},{""x"":714,""y"":193,""t"":4119},{""x"":572,""y"":210,""t"":4251},{""x"":455,""y"":222,""t"":4290},{""x"":570,""y"":361,""t"":4396},{""x"":663,""y"":492,""t"":4428},{""x"":813,""y"":602,""t"":4524},{""x"":931,""y"":687,""t"":4556},{""x"":1087,""y"":711,""t"":4651},{""x"":1166,""y"":718,""t"":4670},{""x"":1224,""y"":717,""t"":4727},{""x"":1234,""y"":611,""t"":4847},{""x"":1192,""y"":515,""t"":4866},{""x"":1130,""y"":416,""t"":4961},{""x"":1069,""y"":332,""t"":4978},{""x"":977,""y"":252,""t"":5034},{""x"":956,""y"":193,""t"":5126},{""x"":942,""y"":148,""t"":5141},{""x"":931,""y"":118,""t"":5228},{""x"":912,""y"":92,""t"":5243},{""x"":925,""y"":76,""t"":5331},{""x"":982,""y"":75,""t"":5362},{""x"":1027,""y"":74,""t"":5417},{""x"":1034,""y"":67,""t"":5503},{""x"":1060,""y"":75,""t"":5522},{""x"":1028,""y"":107,""t"":5618},{""x"":1008,""y"":138,""t"":5652},{""x"":948,""y"":143,""t"":5751},{""x"":924,""y"":169,""t"":5815},{""x"":874,""y"":197,""t"":5852},{""x"":852,""y"":215,""t"":5945},{""x"":840,""y"":229,""t"":5994}]",1,0.8587888471271443,0.14121115287285563,wa_dn,0
